#!ascii label, from subject fsaverage, vox2ras=TkReg
2190
32  -23.917  -78.487  16.818 0.023256
135  -36.249  -82.240  27.524 0.046512
136  -30.126  -91.623  9.512 0.023256
302  -21.409  -85.766  25.325 0.023256
304  -17.433  -91.003  17.358 0.116279
306  -25.908  -85.822  12.528 0.348837
565  -32.630  -77.747  17.068 0.279070
566  -35.819  -86.273  15.335 0.372093
567  -35.351  -81.327  9.885 0.069767
568  -27.208  -85.310  1.830 0.023256
782  -22.937  -82.263  20.888 0.023256
784  -20.136  -84.763  16.459 0.139535
785  -21.099  -88.650  13.947 0.302326
786  -23.827  -81.998  13.285 0.279070
1250  -32.599  -79.827  28.893 0.023256
1251  -32.608  -76.007  23.964 0.023256
1252  -34.977  -80.953  23.207 0.209302
1253  -34.096  -81.862  16.667 0.465116
1254  -36.535  -84.356  21.727 0.209302
1258  -36.633  -78.572  7.474 0.023256
1277  -27.038  -95.075  11.849 0.023256
1281  -26.986  -88.117  6.325 0.023256
1700  -15.087  -95.122  18.473 0.023256
1702  -19.420  -94.287  15.534 0.023256
1703  -24.335  -91.793  13.421 0.093023
1704  -29.058  -89.533  13.153 0.186047
1934  -23.691  -79.224  25.560 0.023256
1935  -25.384  -74.909  21.720 0.023256
2334  -31.091  -72.498  19.689 0.023256
2335  -27.774  -77.021  14.575 0.209302
2336  -29.393  -81.026  12.656 0.488372
2337  -31.348  -85.602  12.542 0.418605
2338  -33.172  -89.252  11.126 0.139535
2340  -36.486  -85.474  11.572 0.023256
2341  -32.114  -86.110  7.922 0.023256
2342  -31.152  -82.376  5.665 0.046512
2343  -33.418  -81.489  3.097 0.023256
2702  -23.026  -80.119  18.886 0.023256
2703  -21.517  -83.404  18.611 0.023256
2704  -22.242  -81.707  16.457 0.093023
2705  -21.919  -83.383  14.560 0.209302
2706  -23.665  -80.136  14.874 0.093023
3170  -34.216  -81.694  28.524 0.046512
3171  -33.735  -80.417  26.393 0.116279
3172  -35.318  -82.526  25.929 0.162791
3173  -35.714  -82.918  22.737 0.209302
3174  -36.721  -83.319  24.823 0.093023
3197  -28.796  -93.526  10.915 0.023256
3787  -20.333  -86.282  27.995 0.023256
3792  -15.685  -91.199  19.379 0.023256
3794  -16.282  -92.876  17.965 0.023256
3795  -17.133  -94.664  16.910 0.023256
3796  -18.109  -92.741  15.901 0.069767
3797  -23.628  -87.291  13.074 0.325581
3798  -22.502  -90.262  13.372 0.279070
3799  -24.817  -88.830  12.924 0.279070
3800  -26.814  -90.615  13.184 0.232558
3801  -27.328  -87.897  12.913 0.302326
4250  -24.597  -77.058  23.440 0.023256
5193  -32.836  -76.697  20.602 0.116279
5194  -32.114  -74.107  21.524 0.023256
5195  -31.361  -75.456  17.918 0.139535
5196  -29.670  -74.448  16.703 0.116279
5197  -30.298  -77.114  15.114 0.325581
5198  -28.537  -78.943  13.417 0.372093
5199  -31.244  -78.947  14.429 0.488372
5200  -34.694  -84.203  16.282 0.441860
5201  -32.815  -83.319  14.014 0.511628
5202  -33.793  -85.950  13.572 0.441860
5203  -32.434  -88.171  12.661 0.279070
5204  -34.489  -88.266  12.580 0.325581
5208  -37.308  -81.425  12.808 0.023256
5209  -37.963  -83.189  13.721 0.023256
5210  -35.970  -83.491  10.481 0.046512
5211  -34.518  -85.673  8.982 0.046512
5212  -33.915  -83.638  8.327 0.023256
5213  -31.389  -84.351  6.735 0.023256
5214  -33.486  -81.618  7.689 0.046512
5215  -38.548  -79.446  6.417 0.023256
5216  -35.225  -79.765  5.240 0.046512
5282  -25.176  -88.073  2.065 0.023256
5284  -27.016  -87.877  -0.063 0.023256
5286  -28.971  -85.073  -0.205 0.023256
6016  -22.368  -84.480  23.045 0.023256
6019  -19.064  -86.037  18.793 0.093023
6020  -18.483  -87.875  16.829 0.186047
6021  -19.051  -90.033  15.511 0.186047
6022  -20.189  -86.639  14.862 0.255814
6023  -22.406  -85.311  13.330 0.279070
6024  -24.783  -83.861  12.508 0.348837
6860  -32.606  -77.960  26.467 0.046512
6861  -33.741  -78.414  23.502 0.139535
6862  -34.214  -79.068  19.948 0.209302
6863  -33.636  -79.585  16.935 0.395349
6864  -35.073  -81.104  19.917 0.325581
6865  -35.665  -83.284  19.422 0.348837
6866  -36.461  -85.119  18.433 0.279070
6871  -36.927  -79.138  11.750 0.023256
6872  -35.315  -79.425  9.013 0.046512
6873  -37.553  -77.602  10.036 0.023256
6915  -26.470  -86.394  4.198 0.023256
7813  -20.165  -91.927  14.436 0.209302
7814  -21.999  -93.205  14.546 0.116279
7815  -23.933  -94.546  14.605 0.023256
7816  -26.144  -93.630  13.624 0.046512
7817  -28.559  -92.614  13.169 0.116279
7818  -30.340  -91.140  11.929 0.069767
8403  -22.735  -84.689  27.948 0.023256
8405  -22.796  -81.191  28.096 0.023256
8406  -23.466  -83.100  25.263 0.023256
8407  -24.103  -81.093  22.869 0.023256
8408  -24.578  -78.734  21.000 0.023256
8409  -24.931  -76.867  19.213 0.023256
9538  -26.058  -75.064  18.050 0.023256
9563  -29.351  -71.574  19.017 0.023256
9565  -25.586  -77.414  15.237 0.093023
9566  -25.811  -79.268  13.586 0.209302
9567  -26.571  -81.258  12.624 0.302326
9568  -27.631  -83.202  12.193 0.348837
9569  -31.929  -81.167  14.194 0.488372
9570  -30.388  -83.071  12.408 0.511628
9571  -28.838  -85.429  12.397 0.418605
9572  -29.978  -87.852  12.836 0.372093
9573  -31.345  -89.551  12.353 0.186047
9574  -31.792  -90.336  10.275 0.046512
9575  -38.103  -83.267  23.311 0.046512
9576  -38.124  -84.590  20.314 0.046512
9577  -37.701  -85.675  16.676 0.162791
9580  -36.568  -86.799  13.303 0.139535
9581  -34.846  -87.540  10.478 0.093023
9582  -33.074  -87.957  9.083 0.046512
9583  -30.647  -89.099  8.366 0.023256
9584  -29.326  -86.949  7.008 0.023256
9585  -28.719  -85.151  5.421 0.046512
9586  -29.021  -83.597  3.483 0.046512
9587  -33.764  -80.049  6.443 0.046512
9588  -31.770  -81.343  4.245 0.046512
9589  -30.275  -82.999  1.808 0.023256
10382  -23.394  -79.261  17.827 0.023256
10383  -22.521  -80.849  17.623 0.023256
10384  -22.997  -80.080  16.593 0.069767
10385  -22.832  -80.801  15.573 0.116279
10386  -23.674  -79.285  15.822 0.093023
10848  -35.814  -81.584  28.849 0.046512
10849  -34.654  -81.525  29.417 0.046512
10850  -35.179  -82.094  28.172 0.046512
10851  -34.808  -82.117  27.237 0.093023
10852  -35.778  -82.551  26.810 0.116279
10853  -36.052  -83.022  25.419 0.162791
10854  -36.533  -82.771  26.197 0.116279
11467  -20.790  -86.157  26.591 0.023256
11468  -19.174  -86.020  26.513 0.023256
11469  -19.647  -85.826  25.184 0.023256
11470  -17.257  -89.942  18.196 0.046512
11471  -16.500  -90.145  19.211 0.023256
11472  -16.533  -91.148  18.371 0.046512
11473  -15.897  -92.101  18.613 0.046512
11474  -16.895  -92.003  17.560 0.069767
11475  -17.183  -92.826  16.940 0.069767
11476  -17.765  -91.888  16.639 0.116279
11477  -24.733  -86.595  12.763 0.279070
11478  -24.128  -88.084  13.029 0.302326
11479  -25.262  -87.574  12.874 0.302326
11480  -26.042  -88.373  12.890 0.302326
11481  -26.573  -86.957  12.701 0.325581
12873  -32.792  -77.294  18.785 0.139535
12874  -32.121  -76.104  19.138 0.116279
12875  -31.903  -76.709  17.426 0.186047
12876  -30.874  -76.265  16.478 0.232558
12877  -31.556  -77.299  15.848 0.279070
12878  -30.829  -77.973  14.683 0.441860
12879  -32.106  -78.222  15.584 0.395349
12880  -35.290  -85.331  15.971 0.395349
12881  -34.339  -84.970  14.883 0.441860
12882  -34.813  -86.247  14.435 0.418605
12883  -34.170  -87.241  13.226 0.441860
12884  -35.220  -87.246  13.735 0.348837
12888  -36.287  -81.361  11.345 0.046512
12889  -36.685  -82.427  11.614 0.046512
12890  -35.646  -82.411  10.145 0.069767
12891  -35.041  -83.530  9.255 0.046512
12892  -34.687  -82.398  8.931 0.069767
12893  -33.639  -82.594  8.061 0.046512
12894  -34.476  -81.374  8.742 0.046512
12962  -26.066  -86.651  1.959 0.023256
12963  -25.934  -87.898  0.995 0.023256
12964  -26.874  -86.488  0.836 0.023256
12965  -27.900  -86.346  -0.176 0.023256
12966  -28.049  -85.127  0.729 0.023256
13867  -22.813  -83.431  21.953 0.023256
13868  -21.467  -84.889  21.971 0.023256
13869  -21.886  -83.909  20.840 0.023256
13870  -20.865  -83.995  17.587 0.093023
13871  -20.340  -84.748  18.750 0.069767
13872  -19.583  -85.376  17.715 0.093023
13873  -18.513  -86.784  17.725 0.116279
13874  -19.195  -86.287  16.648 0.186047
13875  -19.234  -87.298  15.827 0.209302
13876  -19.941  -85.576  15.668 0.209302
13877  -22.802  -82.682  13.793 0.209302
13878  -21.988  -84.303  13.838 0.255814
13879  -23.061  -83.600  13.184 0.302326
13880  -23.551  -84.676  12.849 0.279070
13881  -24.252  -82.871  12.826 0.348837
15266  -32.724  -80.396  30.100 0.023256
15272  -32.567  -78.955  27.747 0.023256
15273  -34.457  -80.641  24.904 0.162791
15274  -33.839  -79.392  24.885 0.139535
15275  -34.377  -79.685  23.354 0.162791
15276  -34.146  -78.738  21.750 0.162791
15277  -34.768  -80.043  21.517 0.232558
15278  -34.673  -80.092  19.906 0.255814
15279  -35.107  -81.021  21.472 0.255814
15280  -35.994  -83.726  22.288 0.255814
15281  -35.725  -83.083  21.073 0.302326
15282  -36.042  -83.985  20.761 0.348837
15283  -35.910  -84.278  19.040 0.325581
15284  -36.556  -84.718  20.214 0.255814
15293  -37.056  -78.161  11.001 0.023256
15352  -26.101  -95.622  12.369 0.023256
15365  -25.537  -87.696  4.396 0.023256
15366  -26.540  -87.173  5.421 0.023256
17140  -14.799  -94.341  19.411 0.023256
17146  -15.288  -95.875  17.545 0.023256
17147  -18.245  -94.580  16.118 0.023256
17148  -17.683  -95.716  16.620 0.023256
17152  -19.912  -89.398  14.605 0.232558
17153  -19.393  -91.006  14.855 0.186047
17154  -20.577  -90.334  14.108 0.232558
17155  -23.389  -91.047  13.470 0.186047
17156  -22.240  -91.917  13.870 0.162791
17157  -23.196  -92.509  13.964 0.139535
17158  -23.028  -93.795  14.714 0.023256
17159  -24.157  -93.225  14.020 0.023256
17160  -25.070  -94.126  14.023 0.023256
17161  -25.284  -92.708  13.467 0.069767
17162  -28.011  -90.044  13.219 0.209302
17163  -27.773  -91.626  13.377 0.162791
17164  -28.895  -90.997  13.154 0.186047
17165  -29.558  -91.795  12.574 0.093023
17166  -29.759  -90.421  12.797 0.139535
18499  -22.022  -84.444  30.854 0.023256
18500  -22.148  -85.278  29.306 0.023256
18501  -22.519  -83.820  29.377 0.023256
18505  -23.270  -78.445  26.940 0.023256
18506  -22.816  -79.408  28.130 0.023256
18507  -23.191  -80.240  26.806 0.023256
18508  -23.275  -82.139  26.641 0.023256
18509  -23.679  -81.161  25.308 0.023256
18510  -23.839  -82.161  24.008 0.023256
18511  -24.109  -80.169  24.168 0.023256
18512  -25.036  -75.924  22.544 0.023256
18513  -24.921  -77.893  22.193 0.023256
18514  -25.216  -76.814  21.393 0.023256
18515  -24.696  -77.763  20.148 0.023256
18516  -25.418  -75.914  20.532 0.023256
21283  -26.279  -74.034  19.353 0.023256
21284  -26.849  -73.419  18.818 0.023256
21341  -31.668  -73.242  20.533 0.023256
21345  -30.716  -71.005  20.712 0.023256
21347  -30.287  -71.891  19.155 0.023256
21348  -28.733  -75.660  15.514 0.209302
21349  -28.631  -74.334  16.588 0.046512
21350  -27.625  -75.718  15.554 0.162791
21351  -26.594  -75.847  15.977 0.093023
21352  -26.620  -77.126  14.784 0.139535
21353  -25.660  -78.343  14.362 0.186047
21354  -26.772  -78.100  14.043 0.232558
21355  -28.949  -79.915  12.969 0.465116
21356  -27.515  -80.031  12.908 0.325581
21357  -28.005  -81.092  12.484 0.325581
21358  -27.112  -82.257  12.376 0.348837
21359  -28.522  -82.174  12.259 0.418605
21360  -33.991  -80.633  16.871 0.418605
21361  -32.890  -80.209  15.497 0.465116
21362  -33.062  -81.409  15.386 0.465116
21363  -32.148  -84.341  13.046 0.488372
21364  -31.680  -83.185  13.074 0.511628
21365  -30.816  -84.330  12.491 0.418605
21366  -29.561  -84.250  12.287 0.372093
21367  -30.055  -85.534  12.369 0.465116
21368  -29.368  -86.738  12.620 0.418605
21369  -30.632  -86.785  12.520 0.465116
21370  -32.847  -88.986  12.058 0.162791
21371  -31.903  -88.909  12.453 0.139535
21372  -32.358  -89.521  11.705 0.116279
21373  -31.745  -90.071  11.407 0.069767
21374  -32.539  -89.698  10.667 0.093023
21376  -38.170  -82.431  24.765 0.046512
21377  -38.846  -81.958  23.886 0.023256
21381  -38.133  -85.194  18.446 0.069767
21382  -38.587  -84.842  17.441 0.023256
21386  -37.326  -84.311  12.549 0.023256
21389  -37.501  -85.737  14.000 0.023256
21390  -36.629  -86.217  12.355 0.046512
21391  -35.728  -87.373  11.745 0.162791
21392  -35.629  -86.557  10.877 0.069767
21393  -33.415  -85.774  8.280 0.046512
21394  -33.732  -86.653  8.857 0.023256
21395  -32.623  -87.043  8.493 0.023256
21396  -31.984  -88.484  8.841 0.023256
21399  -30.718  -86.503  7.519 0.023256
21400  -31.121  -83.341  6.193 0.046512
21401  -30.063  -84.751  6.059 0.046512
21402  -29.919  -83.840  5.229 0.046512
21403  -28.742  -84.295  4.451 0.046512
21404  -30.060  -82.975  4.472 0.046512
21405  -35.792  -78.838  8.342 0.046512
21406  -34.634  -79.711  7.716 0.046512
21407  -35.223  -79.229  6.981 0.046512
21408  -34.337  -80.600  4.179 0.046512
21409  -33.486  -80.418  4.718 0.046512
21410  -32.592  -81.226  3.591 0.046512
21411  -31.011  -82.125  2.989 0.046512
21412  -31.813  -82.160  2.473 0.023256
21413  -31.280  -83.081  1.228 0.023256
23296  -22.982  -81.166  19.848 0.023256
23297  -22.203  -82.787  19.754 0.023256
23298  -22.343  -81.749  18.697 0.023256
23299  -21.927  -82.462  17.556 0.069767
23300  -21.432  -83.333  16.398 0.139535
23301  -21.050  -84.046  15.506 0.186047
23302  -22.042  -82.507  15.481 0.186047
23303  -22.717  -81.714  14.619 0.186047
23304  -23.722  -81.009  13.983 0.186047
24137  -33.535  -81.091  29.797 0.023256
24138  -33.275  -80.909  28.747 0.046512
24139  -33.072  -80.209  27.680 0.046512
24140  -33.950  -81.279  27.548 0.093023
24141  -34.513  -81.583  26.239 0.162791
24142  -35.108  -81.915  24.716 0.186047
24143  -35.456  -82.001  23.119 0.232558
24144  -35.664  -82.713  24.436 0.209302
24145  -36.102  -83.405  23.873 0.139535
24146  -36.555  -83.886  23.244 0.139535
24187  -27.956  -94.339  11.380 0.023256
25249  -19.793  -86.375  29.401 0.023256
25251  -18.753  -86.075  27.980 0.023256
25252  -17.599  -85.764  26.651 0.023256
25262  -15.698  -93.973  18.409 0.023256
25263  -16.101  -94.806  17.719 0.023256
25264  -16.630  -93.706  17.434 0.023256
25265  -17.640  -93.727  16.471 0.023256
25266  -18.670  -93.503  15.500 0.069767
25267  -22.375  -87.911  13.429 0.302326
25268  -21.806  -89.481  13.534 0.255814
25269  -22.908  -88.682  13.234 0.302326
25270  -23.594  -89.433  13.215 0.255814
25271  -24.560  -90.269  13.026 0.209302
25272  -25.558  -91.204  13.072 0.186047
25273  -25.749  -89.677  12.857 0.255814
25274  -27.013  -89.133  13.000 0.255814
25275  -28.202  -88.688  13.117 0.232558
26081  -23.660  -77.404  25.724 0.023256
26082  -24.134  -78.197  24.475 0.023256
26083  -24.069  -76.309  24.617 0.023256
26084  -24.538  -75.159  23.672 0.023256
27779  -32.880  -76.317  22.275 0.046512
27780  -32.463  -75.048  22.626 0.023256
27781  -32.392  -75.540  20.945 0.046512
27782  -31.857  -74.697  19.728 0.046512
27783  -31.244  -73.953  18.817 0.046512
27784  -30.464  -73.374  18.120 0.046512
27785  -30.536  -74.862  17.205 0.139535
27786  -29.831  -75.861  15.868 0.232558
27787  -29.062  -76.917  14.853 0.255814
27788  -28.101  -77.979  13.993 0.302326
27789  -29.462  -77.964  14.239 0.325581
27790  -29.912  -78.858  13.756 0.465116
27791  -30.301  -79.901  13.474 0.465116
27792  -34.322  -83.048  16.454 0.465116
27793  -33.343  -82.564  15.221 0.511628
27794  -33.833  -83.699  15.072 0.511628
27795  -33.409  -84.508  13.773 0.488372
27796  -32.603  -85.543  12.980 0.441860
27797  -31.873  -86.870  12.634 0.418605
27798  -33.100  -87.013  12.897 0.395349
27799  -33.398  -88.241  12.508 0.302326
27800  -33.821  -88.883  11.709 0.139535
27808  -37.673  -82.417  13.312 0.023256
27809  -37.040  -83.392  12.039 0.023256
27810  -36.233  -84.541  10.964 0.023256
27811  -35.485  -85.678  10.199 0.023256
27812  -35.272  -84.646  9.628 0.046512
27813  -34.210  -84.669  8.587 0.046512
27814  -33.055  -84.902  7.862 0.023256
27815  -31.716  -85.251  7.288 0.023256
27816  -32.719  -83.951  7.454 0.023256
27817  -32.410  -82.877  7.112 0.046512
27818  -32.217  -81.913  6.658 0.046512
27819  -37.529  -78.898  6.770 0.023256
27820  -36.004  -79.147  6.359 0.023256
27821  -36.887  -79.417  5.737 0.023256
29398  -21.891  -85.264  24.146 0.023256
29399  -20.214  -85.739  24.102 0.023256
29400  -20.837  -85.529  23.114 0.023256
29401  -19.892  -85.584  22.074 0.023256
29403  -21.016  -84.297  19.787 0.046512
29404  -19.822  -85.431  19.887 0.023256
29405  -18.549  -86.658  19.773 0.046512
29406  -17.947  -87.361  18.815 0.046512
29407  -17.804  -88.334  17.959 0.046512
29408  -17.989  -89.647  17.110 0.093023
29409  -18.217  -90.583  16.361 0.139535
29410  -18.682  -89.012  16.184 0.209302
29411  -19.492  -88.391  15.184 0.255814
29412  -20.534  -87.710  14.308 0.232558
29413  -20.972  -84.924  14.647 0.209302
29414  -21.260  -85.960  13.964 0.255814
29415  -21.784  -87.052  13.603 0.279070
29416  -23.036  -86.302  13.145 0.325581
29417  -24.138  -85.581  12.743 0.302326
29418  -25.376  -84.799  12.450 0.395349
31366  -32.693  -76.945  25.189 0.023256
31367  -33.077  -79.197  26.407 0.046512
31368  -33.226  -78.143  25.037 0.046512
31369  -33.143  -77.100  23.690 0.046512
31370  -33.427  -77.456  22.050 0.116279
31371  -33.519  -77.958  20.170 0.162791
31372  -33.485  -78.404  18.446 0.255814
31373  -33.162  -78.656  16.967 0.348837
31374  -34.011  -79.285  18.415 0.302326
31375  -34.491  -80.244  18.403 0.395349
31376  -34.832  -81.326  18.255 0.441860
31377  -35.470  -82.095  21.344 0.302326
31378  -35.420  -82.188  19.716 0.372093
31379  -35.064  -82.509  18.029 0.465116
31380  -35.234  -83.714  17.821 0.395349
31381  -35.514  -84.710  17.421 0.372093
31382  -36.159  -85.591  16.821 0.325581
31392  -37.032  -80.266  12.437 0.023256
31393  -36.057  -80.243  10.849 0.046512
31394  -35.214  -80.281  9.571 0.046512
31395  -36.045  -79.217  10.310 0.023256
31396  -36.446  -78.347  9.589 0.023256
31397  -37.113  -78.039  8.725 0.023256
31400  -38.117  -78.207  7.906 0.023256
31496  -25.622  -87.070  3.148 0.023256
31497  -26.660  -85.752  3.038 0.023256
33727  -36.831  -81.359  28.033 0.023256
33728  -37.140  -82.051  26.843 0.023256
33817  -16.413  -95.801  17.121 0.023256
33823  -18.542  -91.529  15.646 0.139535
33824  -19.036  -92.400  15.120 0.139535
33825  -19.823  -93.204  14.919 0.139535
33826  -21.385  -91.232  13.791 0.209302
33827  -21.042  -92.631  14.367 0.162791
33828  -20.704  -93.795  15.083 0.093023
33829  -21.722  -94.491  15.291 0.023256
33833  -25.800  -94.937  13.490 0.046512
33834  -26.813  -94.576  13.202 0.023256
33835  -26.542  -92.175  13.378 0.093023
33836  -27.327  -93.247  13.494 0.046512
33837  -27.918  -94.042  12.811 0.023256
33838  -28.940  -93.289  12.255 0.046512
33839  -29.884  -92.417  11.540 0.046512
33840  -30.593  -91.696  10.724 0.023256
35491  -21.088  -86.238  29.292 0.023256
35492  -21.714  -85.974  27.881 0.023256
35493  -22.353  -85.443  26.552 0.023256
35499  -22.462  -82.138  29.440 0.023256
35500  -22.921  -83.019  27.958 0.023256
35501  -23.174  -83.921  26.546 0.023256
35502  -22.807  -84.697  25.270 0.023256
35503  -23.126  -83.953  24.034 0.023256
35504  -23.454  -82.951  22.869 0.023256
35505  -23.701  -81.794  21.799 0.023256
35506  -24.523  -79.028  23.147 0.023256
35507  -24.399  -79.858  21.864 0.023256
35508  -23.771  -80.568  20.845 0.023256
35509  -23.827  -79.509  19.916 0.023256
35510  -23.959  -78.574  18.947 0.023256
35511  -24.344  -77.704  18.006 0.023256
38851  -25.714  -73.888  21.137 0.023256
38852  -25.783  -74.923  19.937 0.023256
38853  -25.398  -75.928  18.625 0.023256
38854  -24.967  -76.838  17.347 0.069767
38930  -29.578  -73.037  17.774 0.023256
38933  -26.770  -74.633  17.303 0.023256
38934  -25.756  -76.225  16.583 0.093023
38935  -24.642  -77.942  15.927 0.069767
38936  -24.585  -78.773  15.009 0.116279
38937  -24.680  -79.630  14.115 0.116279
38938  -24.854  -80.580  13.306 0.279070
38939  -27.111  -79.096  13.358 0.325581
38940  -26.133  -80.269  12.974 0.232558
38941  -25.189  -81.521  12.820 0.302326
38942  -25.646  -82.494  12.473 0.348837
38943  -26.207  -83.462  12.328 0.348837
38944  -26.801  -84.371  12.312 0.348837
38945  -32.516  -79.179  15.518 0.418605
38946  -31.625  -80.013  14.305 0.465116
38947  -30.713  -81.062  13.170 0.465116
38948  -32.302  -82.302  14.070 0.488372
38949  -31.161  -82.115  13.039 0.488372
38950  -29.857  -82.095  12.451 0.465116
38951  -29.036  -83.090  12.198 0.418605
38952  -28.237  -84.192  12.175 0.395349
38953  -27.416  -85.535  12.428 0.372093
38954  -28.141  -86.683  12.641 0.418605
38955  -28.796  -87.827  12.963 0.372093
38956  -29.472  -88.625  13.015 0.255814
38957  -31.267  -87.980  12.652 0.372093
38958  -30.722  -88.784  12.776 0.302326
38959  -30.191  -89.504  12.828 0.162791
38960  -30.751  -90.262  12.115 0.093023
38961  -31.103  -90.851  11.096 0.046512
38962  -31.072  -91.020  9.916 0.046512
38963  -37.391  -82.685  25.508 0.046512
38964  -37.447  -83.401  24.106 0.069767
38965  -37.266  -84.190  22.560 0.069767
38967  -37.998  -84.051  21.879 0.023256
38968  -37.248  -84.659  21.171 0.116279
38969  -37.373  -85.080  19.466 0.162791
38970  -37.125  -85.646  17.652 0.232558
38971  -36.746  -86.192  15.998 0.255814
38977  -38.863  -84.172  16.564 0.023256
38978  -38.083  -85.215  15.722 0.023256
38979  -37.270  -86.174  14.938 0.139535
38980  -36.273  -86.880  14.322 0.302326
38981  -35.545  -87.780  12.766 0.255814
38982  -34.784  -88.287  11.547 0.162791
38983  -34.055  -88.575  10.666 0.139535
38984  -34.675  -86.561  9.695 0.093023
38985  -34.014  -87.636  9.596 0.046512
38986  -33.277  -88.822  10.012 0.069767
38987  -32.432  -89.277  9.618 0.046512
38988  -31.373  -89.948  9.253 0.046512
38989  -30.376  -90.446  8.810 0.023256
38991  -28.813  -88.497  7.347 0.023256
38992  -28.138  -87.484  6.634 0.046512
38993  -30.314  -85.573  6.867 0.046512
38994  -28.955  -85.972  6.313 0.046512
38995  -27.671  -86.520  5.823 0.046512
38996  -27.541  -85.621  4.823 0.023256
38997  -27.625  -84.914  3.729 0.023256
38998  -28.052  -84.340  2.618 0.023256
38999  -34.427  -80.470  8.313 0.046512
39000  -33.496  -80.727  7.134 0.046512
39001  -32.388  -81.096  6.028 0.046512
39002  -34.368  -79.745  5.781 0.046512
39003  -32.743  -80.626  5.365 0.046512
39004  -31.299  -81.721  4.965 0.046512
39005  -30.388  -82.344  3.723 0.046512
39006  -29.533  -83.125  2.595 0.023256
39007  -28.677  -84.048  1.546 0.023256
39008  -29.610  -84.013  0.625 0.023256
41102  -23.658  -78.824  17.319 0.023256
41103  -23.157  -79.657  17.196 0.023256
41104  -23.441  -79.291  16.690 0.023256
41105  -23.307  -79.650  16.167 0.046512
41106  -23.787  -78.898  16.306 0.023256
41568  -36.048  -81.968  28.233 0.046512
41569  -35.497  -81.895  28.576 0.069767
41570  -35.728  -82.202  27.918 0.069767
41571  -35.464  -82.304  27.479 0.069767
41572  -36.021  -82.449  27.188 0.069767
41573  -36.163  -82.682  26.499 0.116279
41574  -36.398  -82.521  26.882 0.116279
41597  -29.808  -92.110  9.843 0.023256
42187  -21.114  -85.989  25.955 0.023256
42188  -20.243  -86.014  25.828 0.023256
42189  -20.537  -85.889  25.269 0.023256
42190  -17.293  -90.480  17.773 0.093023
42191  -16.866  -90.597  18.334 0.069767
42192  -16.964  -91.095  17.886 0.093023
42193  -16.655  -91.629  17.939 0.046512
42194  -17.151  -91.562  17.487 0.069767
42195  -17.324  -91.934  17.105 0.093023
42196  -17.607  -91.432  16.993 0.116279
42197  -25.307  -86.192  12.628 0.325581
42198  -24.990  -87.071  12.813 0.279070
42199  -25.581  -86.731  12.705 0.325581
42200  -25.861  -87.301  12.735 0.302326
42201  -26.219  -86.394  12.615 0.325581
43593  -32.747  -77.516  17.919 0.209302
43594  -32.361  -76.978  18.097 0.186047
43595  -32.276  -77.234  17.221 0.209302
43596  -31.744  -76.997  16.608 0.232558
43597  -32.111  -77.481  16.394 0.302326
43598  -31.830  -77.769  15.710 0.348837
43599  -32.395  -77.970  16.309 0.325581
43600  -35.571  -85.857  15.681 0.395349
43601  -35.140  -85.742  15.242 0.418605
43602  -35.324  -86.305  14.926 0.441860
43603  -35.003  -86.800  14.136 0.395349
43604  -35.548  -86.716  14.557 0.395349
43608  -35.801  -81.339  10.531 0.069767
43609  -35.958  -81.880  10.736 0.046512
43610  -35.489  -81.879  10.008 0.046512
43611  -35.175  -82.410  9.499 0.069767
43612  -35.027  -81.858  9.406 0.069767
43613  -34.555  -81.866  8.860 0.069767
43614  -34.913  -81.298  9.336 0.069767
43682  -26.639  -85.950  1.892 0.023256
43683  -26.442  -86.543  1.396 0.023256
43684  -27.019  -85.838  1.312 0.023256
43685  -27.461  -85.771  0.774 0.023256
43686  -27.589  -85.180  1.223 0.023256
44587  -22.874  -82.867  21.364 0.023256
44588  -22.294  -83.709  21.372 0.023256
44589  -22.456  -83.100  20.825 0.023256
44590  -20.470  -84.342  17.026 0.139535
44591  -20.210  -84.666  17.685 0.093023
44592  -19.856  -85.044  17.094 0.116279
44593  -19.334  -85.780  17.170 0.093023
44594  -19.628  -85.504  16.560 0.116279
44595  -19.555  -85.920  16.159 0.186047
44596  -20.016  -85.143  16.044 0.139535
44597  -23.313  -82.307  13.538 0.232558
44598  -22.899  -83.115  13.468 0.279070
44599  -23.446  -82.785  13.227 0.279070
44600  -23.647  -83.257  12.966 0.302326
44601  -24.031  -82.447  13.026 0.302326
45986  -32.639  -80.132  29.504 0.023256
45991  -32.420  -78.784  28.417 0.023256
45992  -32.581  -79.425  28.311 0.023256
45993  -34.737  -80.796  24.063 0.162791
45994  -34.447  -80.153  24.125 0.162791
45995  -34.678  -80.298  23.271 0.186047
45996  -34.593  -79.850  22.452 0.162791
45997  -34.889  -80.478  22.342 0.232558
45998  -34.916  -80.497  21.455 0.255814
45999  -35.079  -81.003  22.352 0.255814
46000  -36.205  -84.101  22.023 0.186047
46001  -35.988  -83.887  21.528 0.302326
46002  -36.272  -84.225  21.270 0.255814
46003  -36.281  -84.388  20.515 0.302326
46004  -36.559  -84.546  20.981 0.162791
46072  -26.562  -95.377  12.105 0.023256
46085  -26.106  -87.851  5.500 0.023256
46086  -26.737  -87.643  5.895 0.023256
47864  -14.596  -95.606  18.284 0.023256
47865  -14.720  -95.941  17.736 0.023256
47866  -15.161  -95.480  17.993 0.023256
47867  -18.817  -94.451  15.786 0.023256
47868  -18.594  -95.003  16.073 0.023256
47871  -19.882  -94.664  15.640 0.023256
47872  -20.465  -89.015  14.245 0.255814
47873  -20.177  -89.860  14.329 0.232558
47874  -20.807  -89.476  14.024 0.255814
47875  -23.869  -91.402  13.439 0.162791
47876  -23.245  -91.839  13.658 0.162791
47877  -23.749  -92.154  13.671 0.139535
47878  -23.706  -92.827  13.964 0.069767
47879  -24.196  -92.529  13.678 0.093023
47880  -24.698  -92.994  13.745 0.046512
47881  -24.778  -92.245  13.435 0.069767
47882  -28.558  -89.759  13.189 0.186047
47883  -28.473  -90.507  13.238 0.186047
47884  -28.974  -90.207  13.152 0.162791
47885  -29.357  -90.666  12.988 0.139535
47886  -29.461  -89.979  13.038 0.162791
49220  -22.248  -84.135  30.086 0.023256
49221  -22.300  -83.350  30.123 0.023256
49225  -23.470  -78.832  26.245 0.023256
49226  -23.244  -79.337  26.859 0.023256
49227  -23.460  -79.744  26.134 0.023256
49228  -23.432  -80.684  26.035 0.023256
49229  -23.700  -80.191  25.392 0.023256
49230  -23.900  -80.676  24.718 0.023256
49231  -23.939  -79.690  24.869 0.023256
49232  -25.240  -75.374  22.132 0.023256
49233  -25.230  -76.350  21.981 0.023256
49234  -25.375  -75.857  21.590 0.023256
49235  -25.321  -76.343  20.977 0.023256
49236  -25.502  -75.407  21.181 0.023256
52058  -32.470  -75.863  24.779 0.023256
52061  -31.403  -72.875  20.043 0.023256
52062  -31.531  -72.510  20.945 0.023256
52063  -31.246  -72.107  20.535 0.023256
52065  -30.928  -71.749  20.183 0.023256
52066  -30.566  -71.398  19.920 0.023256
52067  -30.718  -72.153  19.393 0.023256
52068  -28.260  -76.336  15.022 0.186047
52069  -28.173  -75.680  15.483 0.186047
52070  -27.688  -76.369  14.999 0.186047
52071  -27.110  -76.430  15.134 0.116279
52072  -27.187  -77.051  14.620 0.186047
52073  -26.683  -77.616  14.395 0.186047
52074  -27.248  -77.542  14.276 0.209302
52075  -29.164  -80.458  12.766 0.465116
52076  -28.468  -80.481  12.696 0.418605
52077  -28.716  -81.039  12.524 0.372093
52078  -28.260  -81.639  12.347 0.395349
52079  -28.969  -81.586  12.401 0.395349
52080  -34.074  -81.230  16.800 0.465116
52081  -33.576  -80.972  16.137 0.465116
52082  -33.571  -81.597  15.998 0.465116
52083  -31.723  -84.943  12.741 0.441860
52084  -31.479  -84.347  12.735 0.488372
52085  -31.036  -84.937  12.523 0.395349
52086  -30.400  -84.927  12.363 0.418605
52087  -30.702  -85.571  12.420 0.441860
52088  -30.341  -86.170  12.440 0.465116
52089  -31.008  -86.220  12.439 0.441860
52090  -33.028  -89.209  11.621 0.116279
52091  -32.617  -89.260  11.879 0.116279
52092  -32.746  -89.425  11.404 0.093023
52093  -32.476  -89.658  11.215 0.093023
52094  -32.851  -89.453  10.868 0.093023
52096  -38.820  -81.464  24.618 0.023256
52102  -38.999  -84.302  17.915 0.023256
52106  -36.936  -84.900  12.004 0.023256
52107  -37.463  -84.747  12.849 0.023256
52108  -37.037  -85.309  12.349 0.046512
52109  -37.121  -85.650  12.733 0.046512
52110  -36.540  -85.868  11.943 0.046512
52111  -36.076  -86.455  11.582 0.046512
52112  -36.050  -86.036  11.197 0.046512
52113  -32.808  -85.935  8.115 0.023256
52114  -33.024  -86.333  8.346 0.046512
52115  -32.365  -86.566  8.216 0.023256
52117  -31.662  -86.763  8.029 0.023256
52118  -30.980  -87.011  7.803 0.023256
52119  -31.407  -86.304  7.709 0.023256
52120  -31.081  -82.854  5.935 0.046512
52121  -30.520  -83.588  5.708 0.046512
52122  -30.505  -83.119  5.420 0.046512
52123  -29.966  -83.387  4.859 0.046512
52124  -30.591  -82.680  5.061 0.046512
52125  -36.216  -78.652  7.909 0.046512
52126  -35.511  -79.063  7.661 0.046512
52127  -35.923  -78.903  7.247 0.046512
52128  -33.861  -81.021  3.625 0.046512
52129  -33.437  -80.887  3.871 0.046512
52130  -32.984  -81.284  3.292 0.046512
52131  -32.180  -81.682  3.012 0.046512
52132  -32.601  -81.785  2.780 0.023256
52133  -32.279  -82.269  2.245 0.023256
54187  -22.960  -80.607  19.338 0.023256
54188  -22.641  -81.434  19.294 0.023256
54189  -22.644  -80.927  18.779 0.023256
54190  -22.360  -81.284  17.032 0.093023
54191  -22.212  -81.653  17.603 0.046512
54192  -22.073  -82.122  17.003 0.093023
54193  -21.689  -82.899  16.969 0.139535
54194  -21.897  -82.561  16.409 0.139535
54195  -21.748  -82.919  15.947 0.139535
54196  -22.117  -82.076  15.968 0.139535
54197  -23.215  -80.462  15.220 0.116279
54198  -22.806  -81.231  15.097 0.139535
54199  -23.202  -80.869  14.737 0.186047
54200  -23.190  -81.348  14.287 0.162791
54201  -23.684  -80.558  14.426 0.139535
55586  -34.390  -81.652  29.022 0.046512
55587  -34.059  -81.367  29.622 0.046512
55588  -33.865  -81.398  29.168 0.046512
55589  -33.377  -81.085  29.295 0.023256
55590  -33.737  -81.320  28.654 0.069767
55591  -33.625  -81.118  28.157 0.046512
55592  -34.098  -81.559  28.055 0.093023
55593  -35.101  -82.317  26.568 0.093023
55594  -34.661  -81.918  26.770 0.093023
55595  -34.906  -82.112  26.129 0.139535
55596  -34.777  -81.766  25.535 0.162791
55597  -35.165  -82.269  25.389 0.186047
55598  -35.374  -82.322  24.617 0.209302
55599  -35.501  -82.640  25.223 0.186047
55600  -36.396  -83.178  25.121 0.116279
55601  -36.134  -83.212  24.679 0.139535
55602  -36.372  -83.435  24.359 0.139535
55603  -36.280  -83.661  23.557 0.139535
55604  -36.658  -83.576  24.048 0.116279
55672  -28.396  -93.933  11.160 0.023256
55673  -27.699  -94.166  10.657 0.023256
57442  -20.066  -86.330  28.658 0.023256
57443  -19.284  -86.223  28.653 0.023256
57444  -19.537  -86.195  27.963 0.023256
57445  -18.567  -85.787  25.836 0.023256
57446  -18.368  -85.853  26.574 0.023256
57453  -16.104  -90.696  19.307 0.023256
57454  -16.222  -90.219  19.803 0.023256
57455  -15.757  -90.760  19.847 0.023256
57459  -15.344  -91.688  19.459 0.023256
57460  -16.098  -92.472  18.291 0.046512
57461  -15.618  -92.603  18.827 0.023256
57462  -15.799  -92.951  18.520 0.023256
57463  -15.517  -93.559  18.785 0.023256
57464  -15.969  -93.403  18.195 0.023256
57465  -16.155  -93.779  17.938 0.023256
57466  -16.400  -93.276  17.697 0.023256
57467  -17.666  -92.806  16.391 0.069767
57468  -17.381  -93.260  16.681 0.046512
57469  -17.880  -93.228  16.168 0.069767
57470  -18.147  -93.637  15.941 0.046512
57471  -18.365  -93.137  15.654 0.069767
57472  -22.993  -87.561  13.249 0.325581
57473  -22.608  -88.247  13.252 0.302326
57474  -23.238  -87.981  13.162 0.325581
57475  -24.438  -88.413  12.988 0.255814
57476  -23.822  -88.715  13.114 0.255814
57477  -24.202  -89.095  13.046 0.255814
57478  -24.037  -89.831  13.137 0.232558
57479  -24.632  -89.512  12.968 0.232558
57480  -25.135  -89.960  12.890 0.232558
57481  -25.258  -89.232  12.882 0.279070
57482  -26.662  -88.112  12.892 0.279070
57483  -26.508  -88.713  12.905 0.302326
57484  -27.142  -88.465  12.952 0.255814
57485  -27.618  -88.886  13.066 0.232558
57486  -27.785  -88.287  13.024 0.302326
58830  -23.881  -76.878  25.142 0.023256
58835  -24.730  -74.587  23.217 0.023256
61658  -32.896  -76.503  21.445 0.046512
61659  -32.651  -75.932  21.595 0.046512
61660  -32.602  -76.141  20.774 0.069767
61661  -31.753  -75.745  18.539 0.139535
61662  -31.970  -75.419  19.417 0.093023
61663  -31.633  -75.053  18.844 0.093023
61664  -31.541  -74.307  19.218 0.023256
61665  -31.282  -74.707  18.369 0.093023
61666  -30.915  -74.377  17.997 0.093023
61667  -30.961  -75.131  17.546 0.162791
61668  -30.598  -76.665  15.736 0.255814
61669  -30.362  -76.052  16.149 0.255814
61670  -30.016  -76.513  15.492 0.279070
61671  -29.457  -76.404  15.293 0.255814
61672  -29.659  -77.067  14.917 0.325581
61673  -29.229  -77.488  14.532 0.255814
61674  -29.894  -77.530  14.654 0.348837
61675  -31.032  -78.460  14.523 0.418605
61676  -30.362  -78.381  14.186 0.395349
61677  -30.563  -78.878  14.050 0.488372
61678  -30.081  -79.349  13.581 0.465116
61679  -30.776  -79.381  13.957 0.465116
61680  -34.504  -83.633  16.372 0.488372
61681  -34.055  -83.366  15.743 0.488372
61682  -34.269  -83.957  15.669 0.465116
61683  -34.126  -85.427  14.182 0.465116
61684  -33.868  -84.709  14.340 0.465116
61685  -33.671  -85.169  13.705 0.441860
61686  -33.104  -84.992  13.313 0.465116
61687  -33.275  -85.684  13.270 0.465116
61688  -32.818  -86.259  12.961 0.418605
61689  -33.452  -86.436  13.174 0.441860
61690  -34.315  -87.803  12.926 0.395349
61691  -33.811  -87.712  12.831 0.395349
61692  -33.923  -88.264  12.510 0.302326
61693  -33.612  -88.644  12.111 0.255814
61694  -34.133  -88.583  12.118 0.255814
61705  -37.496  -81.967  13.068 0.023256
61706  -36.342  -82.953  11.036 0.046512
61707  -36.879  -82.934  11.818 0.023256
61708  -36.487  -83.459  11.239 0.023256
61709  -36.622  -83.955  11.466 0.023256
61710  -36.097  -84.036  10.726 0.023256
61711  -35.744  -84.616  10.298 0.023256
61712  -35.599  -84.111  10.012 0.046512
61713  -34.474  -83.556  8.784 0.046512
61714  -34.601  -84.092  8.914 0.046512
61715  -34.052  -84.143  8.469 0.046512
61716  -33.636  -84.748  8.197 0.023256
61717  -33.485  -84.264  8.043 0.023256
61718  -32.927  -84.454  7.616 0.023256
61719  -33.364  -83.802  7.895 0.046512
61720  -33.540  -82.114  7.900 0.046512
61721  -33.033  -82.763  7.593 0.046512
61722  -32.886  -82.227  7.404 0.046512
61723  -32.273  -82.383  6.907 0.046512
61724  -32.853  -81.748  7.174 0.046512
61725  -38.078  -79.130  6.593 0.023256
61726  -37.249  -79.153  6.266 0.023256
61727  -37.734  -79.396  6.047 0.023256
61930  -26.436  -87.885  0.457 0.023256
61931  -26.080  -88.603  0.559 0.023256
61932  -26.671  -88.602  0.019 0.023256
61934  -27.237  -88.626  -0.461 0.023256
61936  -27.553  -87.841  -0.549 0.023256
61937  -28.403  -85.680  -0.213 0.023256
61938  -28.387  -86.293  -0.677 0.023256
61939  -28.884  -85.610  -0.727 0.023256
61941  -29.489  -85.024  -0.612 0.023256
64642  -22.159  -84.900  23.594 0.023256
64643  -21.377  -85.423  23.621 0.023256
64644  -21.604  -85.156  23.087 0.023256
64645  -21.026  -85.019  21.466 0.023256
64646  -20.746  -85.329  22.031 0.023256
64650  -21.891  -83.115  19.135 0.023256
64651  -21.616  -83.619  19.770 0.023256
64652  -21.257  -83.849  19.196 0.069767
64653  -19.705  -85.367  18.777 0.069767
64654  -20.075  -85.075  19.340 0.069767
64655  -19.490  -85.678  19.322 0.093023
64656  -19.237  -86.009  19.840 0.046512
64657  -18.871  -86.342  19.275 0.069767
64658  -18.234  -86.990  19.272 0.046512
64659  -18.493  -86.711  18.774 0.069767
64660  -18.420  -87.270  17.238 0.139535
64661  -18.098  -87.513  17.816 0.093023
64662  -18.120  -88.095  17.351 0.162791
64663  -17.871  -88.966  17.510 0.093023
64664  -18.224  -88.741  16.955 0.162791
64665  -18.324  -89.325  16.655 0.186047
64666  -18.574  -88.415  16.514 0.186047
64667  -19.698  -86.980  15.314 0.209302
64668  -19.341  -87.838  15.491 0.232558
64669  -19.816  -87.526  14.975 0.209302
64670  -19.991  -88.051  14.724 0.255814
64671  -20.318  -87.186  14.541 0.232558
64672  -21.497  -83.715  15.032 0.209302
64673  -20.957  -84.441  15.051 0.186047
64674  -21.450  -84.125  14.595 0.209302
64675  -22.148  -84.799  13.534 0.255814
64676  -21.591  -85.119  13.906 0.255814
64677  -21.828  -85.642  13.631 0.255814
64678  -21.492  -86.517  13.766 0.279070
64679  -22.102  -86.169  13.457 0.279070
64680  -22.427  -86.675  13.365 0.325581
64681  -22.717  -85.820  13.187 0.348837
64682  -24.143  -84.257  12.656 0.302326
64683  -23.810  -85.134  12.760 0.302326
64684  -24.416  -84.730  12.589 0.348837
64685  -24.739  -85.178  12.579 0.348837
64686  -25.084  -84.315  12.456 0.395349
68853  -32.395  -77.767  27.262 0.023256
68855  -32.430  -77.299  26.610 0.023256
68856  -32.470  -76.838  25.979 0.023256
68857  -32.670  -77.469  25.822 0.023256
68858  -33.358  -80.325  27.075 0.046512
68859  -33.028  -79.707  27.066 0.046512
68860  -33.373  -79.805  26.394 0.046512
68861  -33.826  -78.909  24.180 0.093023
68862  -33.497  -78.767  24.980 0.093023
68863  -33.525  -78.254  24.264 0.069767
68864  -33.223  -77.609  24.350 0.046512
68865  -33.438  -77.722  23.598 0.046512
68866  -33.309  -77.253  22.921 0.069767
68867  -33.606  -77.920  22.803 0.093023
68868  -34.204  -78.933  20.840 0.162791
68869  -33.881  -78.310  20.975 0.162791
68870  -33.877  -78.539  20.048 0.186047
68871  -33.513  -78.194  19.284 0.209302
68872  -33.860  -78.743  19.150 0.209302
68873  -33.747  -78.838  18.409 0.279070
68874  -34.123  -79.185  19.167 0.255814
68875  -34.850  -80.568  19.926 0.302326
68876  -34.585  -80.150  19.195 0.325581
68877  -34.788  -80.637  19.150 0.372093
68878  -34.709  -80.727  18.334 0.395349
68879  -35.022  -81.143  19.093 0.418605
68880  -35.586  -82.471  22.895 0.255814
68881  -35.464  -82.054  22.164 0.232558
68882  -35.578  -82.547  22.017 0.255814
68883  -35.735  -83.134  20.267 0.372093
68884  -35.604  -82.612  20.422 0.325581
68885  -35.558  -82.712  19.585 0.418605
68886  -35.314  -82.313  18.858 0.418605
68887  -35.405  -82.876  18.741 0.395349
68888  -35.153  -83.104  17.939 0.441860
68889  -35.488  -83.456  18.609 0.348837
68890  -36.144  -84.740  18.751 0.302326
68891  -35.733  -84.487  18.204 0.372093
68892  -35.987  -84.965  17.919 0.348837
68893  -35.852  -85.161  17.162 0.348837
68894  -36.324  -85.354  17.616 0.302326
68915  -36.964  -79.728  12.092 0.023256
68916  -36.524  -80.275  11.596 0.046512
68917  -36.461  -79.712  11.296 0.023256
68918  -36.017  -79.687  10.612 0.046512
68919  -36.464  -79.117  11.003 0.023256
68920  -37.256  -77.818  10.514 0.023256
68921  -36.718  -78.230  10.295 0.023256
68922  -36.997  -77.954  9.858 0.023256
68923  -36.753  -78.132  9.168 0.023256
68924  -37.330  -77.793  9.388 0.023256
68931  -38.333  -77.845  8.493 0.023256
68933  -38.678  -78.424  7.670 0.023256
69137  -25.980  -87.036  4.279 0.023256
69138  -25.540  -87.354  3.753 0.023256
69139  -26.008  -86.700  3.682 0.023256
69140  -26.143  -86.402  3.072 0.023256
69141  -26.515  -86.055  3.629 0.023256
74271  -36.623  -80.954  28.575 0.023256
74273  -37.187  -81.119  27.656 0.023256
74430  -19.677  -85.727  23.557 0.023256
74431  -19.320  -85.680  24.011 0.023256
74432  -18.814  -85.711  23.467 0.023256
74482  -16.602  -94.708  17.314 0.023256
74483  -16.249  -95.284  17.372 0.023256
74484  -16.789  -95.219  17.067 0.023256
74497  -18.616  -90.313  15.933 0.162791
74498  -18.370  -91.042  15.971 0.139535
74499  -18.798  -90.800  15.565 0.162791
74500  -19.744  -91.487  14.615 0.186047
74501  -19.206  -91.757  14.974 0.139535
74502  -19.554  -92.172  14.783 0.139535
74503  -19.401  -92.789  14.970 0.162791
74504  -19.981  -92.575  14.653 0.162791
74505  -22.145  -89.888  13.408 0.255814
74506  -21.570  -90.353  13.620 0.255814
74507  -21.943  -90.776  13.498 0.232558
74508  -22.126  -92.581  14.194 0.162791
74509  -21.671  -92.290  14.072 0.162791
74510  -21.515  -92.913  14.431 0.139535
74511  -20.847  -93.218  14.727 0.116279
74512  -21.342  -93.499  14.807 0.093023
74513  -21.167  -94.181  15.208 0.046512
74514  -21.898  -93.853  14.928 0.023256
74515  -23.473  -94.151  14.672 0.023256
74516  -22.891  -94.441  14.997 0.023256
74522  -25.592  -93.860  13.755 0.046512
74523  -25.439  -94.530  13.812 0.046512
74524  -25.975  -94.300  13.596 0.046512
74525  -26.304  -94.751  13.329 0.046512
74526  -26.510  -94.091  13.489 0.046512
74527  -26.187  -90.910  13.077 0.232558
74528  -26.087  -91.668  13.218 0.162791
74529  -26.698  -91.406  13.259 0.186047
74530  -28.207  -92.162  13.372 0.139535
74531  -27.581  -92.475  13.465 0.116279
74532  -27.962  -92.987  13.416 0.069767
74533  -27.666  -93.705  13.322 0.023256
74534  -28.260  -93.416  13.163 0.046512
74535  -28.439  -93.692  12.555 0.046512
74536  -28.804  -92.998  12.802 0.069767
74537  -29.999  -91.440  12.257 0.093023
74538  -29.772  -92.132  12.110 0.046512
74539  -30.191  -91.755  11.742 0.069767
74540  -30.280  -92.032  11.127 0.046512
74541  -30.514  -91.427  11.365 0.069767
78540  -20.749  -86.265  30.060 0.023256
78541  -21.305  -85.952  30.078 0.023256
78542  -22.446  -85.058  28.629 0.023256
78543  -22.032  -85.664  28.599 0.023256
78544  -22.354  -85.415  27.923 0.023256
78545  -22.045  -85.732  27.223 0.023256
78546  -22.663  -85.054  27.248 0.023256
78558  -22.764  -80.296  28.139 0.023256
78560  -22.613  -80.767  28.802 0.023256
78562  -22.632  -81.665  28.752 0.023256
78563  -22.715  -82.602  28.650 0.023256
78564  -22.871  -82.108  27.971 0.023256
78565  -23.484  -82.596  25.927 0.023256
78566  -23.325  -83.064  26.577 0.023256
78567  -23.356  -83.516  25.913 0.023256
78568  -23.104  -84.337  25.895 0.023256
78569  -23.247  -83.958  25.266 0.023256
78570  -22.981  -84.347  24.660 0.023256
78571  -23.382  -83.580  24.625 0.023256
78572  -23.981  -81.636  23.431 0.023256
78573  -23.728  -82.599  23.429 0.023256
78574  -23.839  -82.048  22.846 0.023256
78575  -23.576  -82.390  22.324 0.023256
78576  -23.937  -81.438  22.325 0.023256
78577  -24.325  -77.641  23.952 0.023256
78578  -24.398  -78.596  23.811 0.023256
78579  -24.620  -78.032  23.301 0.023256
78580  -24.882  -78.320  21.558 0.023256
78581  -24.744  -78.911  21.992 0.023256
78582  -24.511  -79.280  21.411 0.023256
78583  -24.160  -80.199  21.287 0.023256
78584  -24.202  -79.646  20.885 0.023256
78585  -23.807  -80.025  20.388 0.023256
78586  -24.212  -79.150  20.440 0.023256
78587  -24.786  -77.318  19.683 0.023256
78588  -24.323  -78.198  19.562 0.023256
78589  -24.446  -77.748  19.062 0.023256
78590  -24.138  -78.128  18.461 0.023256
78591  -24.645  -77.264  18.561 0.023256
86887  -25.943  -73.444  20.836 0.023256
86888  -25.794  -74.419  20.551 0.023256
86889  -25.998  -73.953  20.256 0.023256
86890  -26.163  -74.561  18.705 0.023256
86891  -25.882  -74.966  19.002 0.023256
86892  -25.706  -75.489  18.335 0.023256
86893  -25.150  -76.434  17.940 0.023256
86894  -25.510  -75.976  17.674 0.023256
87061  -32.303  -74.565  22.065 0.023256
87078  -29.606  -70.992  19.658 0.023256
87079  -29.336  -70.261  20.302 0.023256
87080  -29.124  -70.875  19.667 0.023256
87082  -28.862  -71.499  19.092 0.023256
87083  -30.071  -73.894  17.385 0.093023
87084  -30.020  -73.171  17.899 0.023256
87085  -29.609  -73.751  17.240 0.093023
87086  -28.127  -74.326  16.684 0.023256
87092  -27.167  -74.491  17.000 0.023256
87093  -26.086  -76.638  15.585 0.093023
87094  -26.148  -76.026  16.227 0.093023
87095  -25.640  -76.820  15.875 0.093023
87096  -25.198  -77.080  16.220 0.069767
87097  -25.078  -77.658  15.563 0.069767
87098  -24.564  -78.349  15.471 0.116279
87099  -25.092  -78.088  15.099 0.116279
87100  -25.682  -78.828  13.981 0.186047
87101  -25.140  -78.988  14.245 0.139535
87102  -25.193  -79.465  13.805 0.139535
87103  -24.759  -80.122  13.653 0.162791
87104  -25.337  -79.910  13.380 0.162791
87105  -28.322  -78.473  13.695 0.325581
87106  -27.637  -78.526  13.630 0.279070
87107  -27.829  -79.004  13.328 0.302326
87108  -27.044  -80.617  12.762 0.302326
87109  -26.811  -80.159  12.921 0.279070
87110  -26.346  -80.763  12.777 0.302326
87111  -25.643  -80.889  12.847 0.255814
87112  -25.867  -81.373  12.692 0.302326
87113  -25.392  -81.991  12.624 0.325581
87114  -26.113  -81.871  12.548 0.348837
87115  -27.364  -82.748  12.285 0.372093
87116  -26.652  -82.848  12.342 0.348837
87117  -26.929  -83.318  12.282 0.372093
87118  -26.512  -83.907  12.316 0.395349
87119  -27.230  -83.733  12.209 0.325581
87120  -33.429  -79.101  16.979 0.395349
87121  -32.885  -78.888  16.203 0.395349
87122  -33.110  -79.357  16.214 0.418605
87123  -32.417  -80.627  14.821 0.465116
87124  -32.267  -80.084  14.865 0.441860
87125  -31.802  -80.568  14.268 0.441860
87126  -31.161  -80.500  13.791 0.465116
87127  -31.325  -81.107  13.683 0.488372
87128  -33.082  -82.944  14.590 0.511628
87129  -32.849  -82.392  14.672 0.511628
87130  -32.554  -82.790  14.069 0.488372
87131  -31.047  -83.127  12.706 0.534884
87132  -31.436  -82.635  13.069 0.534884
87133  -30.793  -82.572  12.681 0.511628
87134  -30.500  -82.052  12.641 0.488372
87135  -30.123  -82.556  12.424 0.488372
87136  -29.452  -82.576  12.287 0.465116
87137  -29.705  -83.066  12.262 0.441860
87138  -29.175  -84.817  12.312 0.465116
87139  -28.920  -84.207  12.209 0.441860
87140  -28.543  -84.766  12.273 0.418605
87141  -27.815  -84.809  12.273 0.418605
87142  -28.151  -85.465  12.403 0.441860
87143  -27.780  -86.133  12.529 0.465116
87144  -28.477  -86.079  12.527 0.418605
87145  -29.683  -87.295  12.740 0.441860
87146  -29.084  -87.267  12.785 0.395349
87147  -29.448  -87.792  12.925 0.395349
87148  -29.129  -88.214  13.013 0.279070
87149  -29.753  -88.237  12.929 0.279070
87150  -32.137  -87.506  12.672 0.348837
87151  -31.560  -87.460  12.611 0.395349
87152  -31.847  -88.083  12.653 0.255814
87153  -31.657  -89.226  12.427 0.186047
87154  -31.320  -88.842  12.620 0.279070
87155  -31.048  -89.180  12.646 0.232558
87156  -30.435  -89.151  12.824 0.209302
87157  -30.756  -89.528  12.612 0.186047
87158  -30.495  -89.846  12.615 0.139535
87159  -31.056  -89.902  12.274 0.139535
87160  -31.814  -90.237  10.838 0.046512
87161  -31.399  -90.433  11.246 0.069767
87162  -31.492  -90.644  10.680 0.046512
87163  -31.143  -91.000  10.503 0.046512
87164  -31.420  -90.659  10.107 0.046512
87166  -37.315  -82.372  26.211 0.069767
87167  -37.717  -82.206  25.802 0.046512
87168  -38.177  -82.901  24.043 0.046512
87169  -37.810  -82.999  24.439 0.046512
87170  -37.800  -83.376  23.698 0.069767
87171  -37.389  -83.726  23.335 0.069767
87172  -37.665  -83.763  22.994 0.046512
87176  -38.508  -84.122  20.642 0.023256
87177  -38.430  -83.838  21.467 0.023256
87178  -38.077  -84.306  21.097 0.023256
87179  -37.690  -84.468  21.458 0.046512
87180  -37.712  -84.646  20.744 0.069767
87181  -37.340  -84.853  20.343 0.093023
87182  -37.788  -84.909  19.924 0.093023
87183  -37.972  -85.465  17.509 0.139535
87184  -37.639  -85.469  18.077 0.139535
87185  -37.446  -85.770  17.143 0.186047
87186  -36.963  -85.920  16.797 0.232558
87187  -37.224  -85.981  16.324 0.232558
87204  -38.434  -84.676  16.159 0.023256
87205  -38.134  -84.899  15.272 0.023256
87206  -37.082  -86.266  13.633 0.069767
87207  -37.419  -85.985  14.457 0.093023
87208  -36.980  -86.467  14.089 0.139535
87209  -36.799  -86.577  14.601 0.186047
87210  -36.436  -86.927  13.798 0.209302
87211  -35.897  -87.272  13.530 0.325581
87212  -36.032  -87.320  13.025 0.209302
87213  -35.283  -87.480  11.043 0.093023
87214  -35.284  -87.868  11.537 0.139535
87215  -34.832  -87.953  10.991 0.116279
87216  -34.397  -88.430  11.076 0.162791
87217  -34.419  -88.054  10.507 0.116279
87218  -34.991  -85.699  9.561 0.046512
87219  -35.071  -86.127  9.895 0.046512
87220  -34.586  -86.106  9.315 0.046512
87221  -33.439  -87.285  8.888 0.046512
87222  -33.898  -87.148  9.224 0.046512
87223  -33.580  -87.764  9.302 0.046512
87224  -33.661  -88.277  9.771 0.046512
87225  -33.220  -88.413  9.500 0.046512
87226  -32.866  -88.993  9.754 0.046512
87227  -32.738  -88.613  9.353 0.046512
87228  -31.274  -88.787  8.592 0.023256
87229  -31.634  -89.256  9.054 0.023256
87230  -30.996  -89.604  8.807 0.023256
87231  -30.886  -90.200  8.995 0.023256
87232  -30.485  -89.823  8.572 0.023256
87235  -29.620  -87.509  7.380 0.023256
87237  -29.070  -87.751  7.183 0.023256
87238  -28.470  -87.997  6.990 0.046512
87239  -28.753  -87.197  6.802 0.046512
87240  -31.571  -84.838  6.966 0.023256
87241  -30.974  -85.381  7.082 0.023256
87242  -30.864  -84.987  6.749 0.023256
87243  -29.371  -84.963  5.700 0.046512
87244  -29.481  -85.379  6.162 0.046512
87245  -28.835  -85.558  5.894 0.046512
87246  -28.310  -86.235  6.053 0.046512
87247  -28.195  -85.787  5.667 0.046512
87248  -27.605  -86.070  5.360 0.046512
87249  -28.129  -85.371  5.141 0.046512
87250  -28.860  -83.904  3.939 0.046512
87251  -28.152  -84.621  4.062 0.023256
87252  -28.315  -84.245  3.551 0.023256
87253  -27.820  -84.582  3.172 0.023256
87254  -28.544  -83.923  3.035 0.023256
87255  -35.204  -79.800  9.296 0.046512
87256  -34.824  -80.344  8.959 0.046512
87257  -34.865  -79.921  8.667 0.046512
87258  -34.230  -79.869  7.064 0.046512
87259  -34.075  -80.191  7.417 0.046512
87260  -33.600  -80.355  6.799 0.046512
87261  -32.946  -80.892  6.571 0.046512
87262  -33.072  -80.530  6.225 0.046512
87263  -35.642  -79.407  5.815 0.023256
87264  -35.204  -79.395  6.071 0.046512
87265  -34.774  -79.697  5.491 0.046512
87266  -32.626  -80.834  4.482 0.046512
87267  -33.087  -80.463  5.032 0.046512
87268  -32.245  -80.970  4.821 0.046512
87269  -31.983  -81.134  5.181 0.046512
87270  -31.507  -81.480  4.602 0.046512
87271  -30.834  -82.024  4.341 0.046512
87272  -31.072  -81.809  3.984 0.046512
87273  -30.644  -82.537  2.408 0.023256
87274  -30.281  -82.566  2.768 0.023256
87275  -29.896  -82.990  2.202 0.023256
87276  -29.123  -83.515  2.091 0.023256
87277  -29.466  -83.474  1.630 0.023256
87278  -29.073  -83.990  1.074 0.023256
87279  -29.892  -83.486  1.226 0.023256
87281  -31.002  -83.542  0.597 0.023256
92416  -23.174  -79.695  18.356 0.023256
92417  -22.727  -80.450  18.245 0.023256
92418  -22.910  -80.051  17.692 0.023256
92419  -22.736  -80.460  17.098 0.046512
92420  -22.615  -80.848  16.529 0.093023
92421  -22.507  -81.224  16.011 0.116279
92422  -22.884  -80.425  16.079 0.069767
92423  -23.223  -80.060  15.698 0.093023
92424  -23.637  -79.724  15.364 0.093023
93255  -34.932  -81.290  29.755 0.023256
93256  -35.249  -81.553  29.211 0.046512
93257  -34.909  -81.824  28.832 0.046512
93258  -34.705  -81.942  28.327 0.069767
93259  -34.529  -81.916  27.887 0.116279
93260  -34.971  -82.153  27.661 0.093023
93261  -35.265  -82.351  27.013 0.093023
93262  -35.573  -82.639  26.379 0.139535
93263  -35.711  -82.809  25.684 0.139535
93264  -35.937  -82.786  26.099 0.162791
93265  -36.309  -82.934  25.809 0.116279
93266  -36.678  -83.017  25.496 0.139535
93307  -29.151  -93.104  10.588 0.023256
94369  -20.499  -86.252  27.245 0.023256
94370  -19.763  -86.178  27.247 0.023256
94371  -19.981  -86.139  26.504 0.023256
94372  -19.403  -85.922  25.799 0.023256
94373  -18.793  -85.691  25.146 0.023256
94374  -17.237  -89.347  18.569 0.023256
94375  -16.910  -89.506  19.100 0.023256
94376  -16.862  -90.058  18.706 0.023256
94377  -16.518  -90.629  18.758 0.046512
94378  -16.127  -91.167  18.856 0.023256
94379  -15.753  -91.658  18.963 0.023256
94380  -16.186  -91.652  18.464 0.046512
94381  -16.405  -92.045  18.094 0.046512
94382  -16.601  -92.433  17.748 0.046512
94383  -16.727  -92.836  17.460 0.046512
94384  -17.034  -92.391  17.249 0.046512
94385  -17.487  -92.373  16.761 0.093023
94386  -17.906  -92.332  16.271 0.069767
94387  -24.182  -86.986  12.920 0.302326
94388  -23.852  -87.704  13.048 0.325581
94389  -24.432  -87.413  12.924 0.302326
94390  -24.696  -87.826  12.949 0.302326
94391  -25.012  -88.209  12.867 0.325581
94392  -25.420  -88.596  12.859 0.302326
94393  -25.626  -87.976  12.848 0.302326
94394  -26.264  -87.711  12.818 0.279070
94395  -26.951  -87.424  12.799 0.325581
96899  -32.838  -77.021  19.684 0.139535
96900  -32.486  -76.400  19.856 0.069767
96901  -32.409  -76.724  18.972 0.139535
96902  -31.990  -76.419  18.313 0.162791
96903  -31.546  -76.145  17.715 0.162791
96904  -31.105  -75.881  17.231 0.162791
96905  -31.368  -76.464  16.878 0.209302
96906  -31.169  -76.802  16.107 0.255814
96907  -30.946  -77.175  15.427 0.279070
96908  -30.587  -77.522  14.871 0.395349
96909  -31.217  -77.620  15.223 0.348837
96910  -31.472  -78.080  15.063 0.395349
96911  -31.688  -78.557  14.982 0.418605
96912  -34.984  -84.783  16.163 0.418605
96913  -34.542  -84.576  15.558 0.441860
96914  -34.823  -85.191  15.427 0.418605
96915  -34.614  -85.681  14.736 0.465116
96916  -34.297  -86.134  13.967 0.465116
96917  -33.976  -86.672  13.381 0.441860
96918  -34.491  -86.740  13.701 0.441860
96919  -34.673  -87.306  13.436 0.395349
96920  -34.865  -87.761  13.089 0.395349
96926  -36.799  -81.398  12.098 0.046512
96927  -36.993  -81.938  12.207 0.023256
96928  -36.472  -81.899  11.478 0.046512
96929  -36.154  -82.414  10.865 0.046512
96930  -35.817  -82.966  10.309 0.046512
96931  -35.493  -83.533  9.840 0.046512
96932  -35.331  -82.990  9.641 0.046512
96933  -34.841  -82.975  9.100 0.046512
96934  -34.325  -82.999  8.643 0.023256
96935  -33.791  -83.103  8.206 0.046512
96936  -34.186  -82.453  8.504 0.046512
96937  -34.095  -81.969  8.355 0.046512
96938  -34.027  -81.484  8.211 0.046512
96940  -38.168  -79.721  5.872 0.023256
97060  -25.584  -87.361  2.027 0.023256
97061  -25.491  -87.953  1.505 0.023256
97062  -25.907  -87.236  1.481 0.023256
97063  -26.339  -87.174  0.937 0.023256
97064  -26.881  -87.149  0.372 0.023256
97065  -27.407  -87.118  -0.126 0.023256
97066  -27.389  -86.422  0.317 0.023256
97067  -27.952  -85.697  0.272 0.023256
97068  -28.522  -85.087  0.216 0.023256
98689  -22.539  -84.012  22.495 0.023256
98690  -21.903  -84.742  22.511 0.023256
98691  -22.113  -84.259  21.937 0.023256
98692  -21.663  -84.467  21.397 0.023256
98693  -21.268  -84.603  20.900 0.023256
98694  -21.202  -83.697  18.097 0.093023
98695  -20.944  -84.107  18.678 0.093023
98696  -20.602  -84.384  18.169 0.093023
98697  -19.971  -85.059  18.214 0.069767
98698  -19.312  -85.724  18.280 0.093023
98699  -18.743  -86.410  18.264 0.093023
98700  -19.011  -86.086  17.737 0.093023
98701  -18.841  -86.538  17.202 0.116279
98702  -18.780  -87.066  16.704 0.186047
98703  -18.841  -87.588  16.349 0.186047
98704  -19.173  -86.770  16.199 0.186047
98705  -19.595  -86.449  15.717 0.209302
98706  -20.045  -86.107  15.239 0.232558
98707  -22.324  -83.058  14.117 0.232558
98708  -21.921  -83.811  14.173 0.232558
98709  -22.377  -83.487  13.787 0.232558
98710  -22.515  -83.945  13.484 0.255814
98711  -22.691  -84.430  13.224 0.279070
98712  -22.974  -84.972  13.068 0.302326
98713  -23.292  -84.134  12.995 0.279070
98714  -23.890  -83.782  12.797 0.302326
98715  -24.494  -83.371  12.635 0.302326
101216  -32.271  -78.050  28.606 0.023256
101217  -32.380  -78.264  27.897 0.023256
101218  -32.565  -78.457  27.168 0.023256
101219  -34.099  -80.497  25.661 0.139535
101220  -33.764  -79.892  25.680 0.139535
101221  -34.140  -80.023  24.930 0.162791
101222  -34.151  -79.546  24.181 0.162791
101223  -34.068  -79.050  23.418 0.162791
101224  -34.016  -78.560  22.644 0.162791
101225  -34.289  -79.207  22.553 0.162791
101226  -34.459  -79.384  21.644 0.162791
101227  -34.579  -79.600  20.769 0.209302
101228  -34.469  -79.602  19.941 0.255814
101229  -34.750  -80.073  20.693 0.255814
101230  -34.905  -80.537  20.666 0.255814
101231  -35.140  -81.070  20.699 0.302326
101232  -35.830  -83.316  22.535 0.232558
101233  -35.684  -82.994  21.894 0.279070
101234  -35.830  -83.452  21.718 0.302326
101235  -35.867  -83.549  20.919 0.348837
101236  -35.846  -83.659  20.152 0.348837
101237  -35.759  -83.796  19.276 0.325581
101238  -36.010  -84.116  19.934 0.348837
101239  -36.241  -84.543  19.655 0.302326
101240  -36.569  -84.910  19.328 0.255814
101255  -36.927  -78.579  11.387 0.023256
101257  -37.547  -77.737  11.176 0.023256
101386  -25.584  -88.067  5.054 0.023256
101387  -26.006  -87.414  4.910 0.023256
101388  -26.496  -86.764  4.804 0.023256
104593  -17.720  -94.671  16.539 0.023256
104594  -17.408  -95.190  16.743 0.023256
104595  -18.012  -95.118  16.413 0.023256
104596  -18.353  -95.557  16.379 0.023256
104602  -19.460  -89.793  15.044 0.209302
104603  -19.212  -90.532  15.152 0.186047
104604  -19.669  -90.237  14.736 0.209302
104605  -19.970  -90.699  14.479 0.209302
104606  -20.352  -91.175  14.242 0.209302
104607  -22.940  -90.653  13.458 0.232558
104608  -22.367  -91.149  13.584 0.209302
104609  -22.807  -91.502  13.667 0.186047
104610  -22.696  -92.234  13.955 0.139535
104611  -22.616  -92.843  14.288 0.116279
104612  -22.520  -93.496  14.645 0.046512
104613  -23.112  -93.146  14.328 0.093023
104614  -23.604  -93.479  14.342 0.023256
104615  -24.058  -93.891  14.334 0.023256
104616  -24.501  -94.344  14.306 0.023256
104617  -24.620  -93.691  14.049 0.023256
104618  -25.169  -93.432  13.758 0.023256
104619  -25.739  -93.166  13.549 0.046512
104620  -27.436  -90.342  13.228 0.255814
104621  -27.315  -91.118  13.299 0.209302
104622  -27.917  -90.823  13.305 0.186047
104623  -28.365  -91.309  13.292 0.186047
104624  -28.789  -91.795  13.168 0.139535
104625  -29.100  -92.207  12.881 0.116279
104626  -29.243  -91.420  12.921 0.162791
104627  -29.656  -91.087  12.685 0.116279
104628  -30.029  -90.805  12.438 0.116279
107028  -21.787  -85.472  30.078 0.023256
107030  -22.454  -84.619  29.344 0.023256
107031  -22.710  -84.327  28.648 0.023256
107039  -23.075  -78.920  27.519 0.023256
107040  -22.996  -79.815  27.498 0.023256
107041  -22.958  -80.727  27.459 0.023256
107042  -23.039  -81.668  27.360 0.023256
107043  -23.209  -81.185  26.711 0.023256
107044  -23.417  -81.627  25.991 0.023256
107045  -23.665  -82.103  25.278 0.023256
107046  -23.663  -82.655  24.614 0.023256
107047  -23.896  -81.647  24.614 0.023256
107048  -24.024  -81.166  24.034 0.023256
107049  -24.189  -80.655  23.471 0.023256
107050  -24.818  -76.500  22.973 0.023256
107051  -24.852  -77.485  22.807 0.023256
107052  -25.044  -76.905  22.387 0.023256
107053  -25.078  -77.337  21.785 0.023256
107054  -24.997  -77.783  21.199 0.023256
107055  -24.626  -78.239  20.587 0.023256
107056  -25.083  -77.289  20.759 0.023256
107057  -25.156  -76.833  20.289 0.023256
107058  -25.240  -76.417  19.855 0.023256
112037  -26.257  -73.538  19.973 0.023256
112039  -26.551  -73.716  19.074 0.023256
112040  -26.476  -74.230  18.427 0.023256
112141  -31.900  -73.664  20.992 0.023256
112142  -31.953  -73.376  21.884 0.023256
112143  -31.766  -72.930  21.402 0.023256
112152  -30.092  -71.174  19.734 0.023256
112153  -29.817  -71.729  19.000 0.023256
112154  -29.179  -75.049  16.073 0.186047
112155  -29.140  -74.343  16.612 0.069767
112156  -28.654  -75.001  16.004 0.139535
112157  -28.111  -75.021  16.016 0.116279
112158  -27.616  -75.028  16.146 0.046512
112159  -27.128  -75.078  16.397 0.069767
112160  -27.096  -75.767  15.726 0.093023
112161  -26.568  -76.516  15.339 0.093023
112162  -26.057  -77.220  15.005 0.139535
112163  -25.612  -77.879  14.804 0.139535
112164  -26.138  -77.724  14.573 0.139535
112165  -26.204  -78.196  14.174 0.162791
112166  -26.290  -78.659  13.791 0.209302
112167  -28.757  -79.412  13.150 0.418605
112168  -28.012  -79.489  13.064 0.325581
112169  -28.252  -79.957  12.895 0.372093
112170  -27.754  -80.520  12.729 0.325581
112171  -27.259  -81.094  12.574 0.325581
112172  -26.828  -81.738  12.487 0.325581
112173  -27.542  -81.657  12.412 0.372093
112174  -27.804  -82.204  12.291 0.395349
112175  -28.059  -82.672  12.206 0.395349
112176  -33.841  -80.070  16.880 0.395349
112177  -33.346  -79.826  16.166 0.418605
112178  -33.467  -80.395  16.167 0.418605
112179  -33.016  -80.779  15.470 0.465116
112180  -32.512  -81.265  14.765 0.465116
112181  -32.541  -83.767  13.482 0.488372
112182  -32.268  -83.241  13.516 0.488372
112183  -31.898  -83.758  13.047 0.488372
112184  -31.255  -83.750  12.694 0.465116
112185  -30.584  -83.690  12.459 0.418605
112186  -29.943  -83.658  12.311 0.441860
112187  -30.167  -84.278  12.337 0.418605
112188  -29.784  -84.889  12.327 0.441860
112189  -29.472  -85.471  12.393 0.488372
112190  -29.125  -86.076  12.498 0.465116
112191  -29.735  -86.111  12.463 0.488372
112192  -30.004  -86.737  12.580 0.465116
112193  -30.291  -87.319  12.669 0.441860
112194  -32.663  -88.609  12.419 0.255814
112195  -32.156  -88.547  12.537 0.209302
112196  -32.441  -88.964  12.314 0.209302
112197  -32.175  -89.258  12.160 0.139535
112198  -31.915  -89.548  12.063 0.139535
112199  -31.589  -89.864  11.934 0.093023
112200  -32.064  -89.782  11.583 0.093023
112201  -32.147  -89.945  11.007 0.069767
112202  -32.186  -89.998  10.454 0.046512
112203  -38.388  -81.299  25.695 0.023256
112204  -38.117  -82.006  25.458 0.046512
112205  -38.496  -81.744  25.060 0.023256
112206  -38.552  -82.201  24.378 0.023256
112207  -38.501  -82.670  23.596 0.046512
112212  -38.554  -84.466  19.774 0.023256
112213  -38.187  -84.895  19.401 0.069767
112214  -38.510  -84.789  18.876 0.046512
112215  -38.406  -85.063  17.926 0.023256
112216  -38.149  -85.338  17.030 0.023256
112222  -37.667  -83.736  13.120 0.023256
112224  -37.800  -84.182  13.389 0.023256
112227  -37.821  -85.180  14.403 0.023256
112228  -37.520  -85.443  13.553 0.023256
112229  -37.147  -85.968  13.162 0.046512
112230  -36.621  -86.528  12.798 0.046512
112231  -36.134  -87.111  12.503 0.116279
112232  -36.153  -86.807  12.021 0.069767
112233  -35.708  -87.023  11.285 0.093023
112234  -35.234  -87.047  10.633 0.093023
112235  -33.972  -85.705  8.560 0.046512
112236  -34.115  -86.149  8.845 0.046512
112237  -33.579  -86.201  8.558 0.046512
112238  -33.219  -86.820  8.629 0.023256
112239  -32.875  -87.506  8.757 0.023256
112240  -32.538  -88.191  8.955 0.023256
112241  -32.308  -87.742  8.616 0.023256
112242  -31.621  -87.996  8.426 0.023256
112246  -30.252  -87.257  7.564 0.023256
112247  -29.995  -86.742  7.281 0.023256
112248  -31.250  -83.862  6.457 0.046512
112249  -30.731  -84.560  6.396 0.046512
112250  -30.611  -84.072  6.062 0.046512
112251  -30.005  -84.308  5.609 0.046512
112252  -29.320  -84.512  5.229 0.046512
112253  -28.693  -84.746  4.916 0.046512
112254  -29.366  -84.039  4.779 0.046512
112255  -29.425  -83.604  4.398 0.046512
112256  -29.544  -83.284  3.960 0.046512
112257  -35.493  -79.088  8.711 0.046512
112258  -34.984  -79.570  8.358 0.046512
112259  -35.194  -79.278  8.029 0.046512
112260  -34.883  -79.441  7.360 0.046512
112261  -34.493  -79.612  6.709 0.046512
112262  -34.791  -80.171  4.690 0.046512
112263  -34.348  -80.071  4.960 0.046512
112264  -33.874  -80.471  4.425 0.046512
112265  -33.050  -80.799  4.167 0.046512
112266  -32.166  -81.232  3.912 0.046512
112267  -31.387  -81.700  3.616 0.046512
112268  -31.757  -81.673  3.311 0.046512
112269  -31.398  -82.112  2.701 0.023256
112270  -31.037  -82.585  2.104 0.023256
112271  -30.715  -83.039  1.508 0.023256
112272  -31.497  -82.638  1.868 0.023256
115798  -22.976  -81.693  20.389 0.023256
115799  -22.578  -82.472  20.325 0.023256
115800  -22.657  -81.947  19.807 0.023256
115801  -22.324  -82.266  19.209 0.023256
115802  -22.027  -82.580  18.601 0.023256
115803  -22.381  -81.248  18.185 0.023256
115804  -22.116  -82.081  18.116 0.046512
115805  -21.735  -82.955  18.050 0.046512
115806  -21.458  -83.269  17.531 0.116279
115807  -21.147  -83.631  16.959 0.116279
115808  -20.796  -84.031  16.437 0.139535
115809  -20.583  -84.393  15.985 0.139535
115810  -21.205  -83.667  15.974 0.116279
115811  -21.600  -83.302  15.494 0.186047
115812  -21.959  -82.946  15.005 0.186047
115813  -22.439  -81.645  15.507 0.139535
115814  -22.349  -82.113  14.986 0.162791
115815  -22.320  -82.584  14.556 0.186047
115816  -22.725  -82.196  14.172 0.186047
115817  -23.243  -81.807  13.874 0.186047
115818  -23.783  -81.491  13.603 0.232558
117760  -33.080  -80.782  29.928 0.023256
117761  -32.947  -80.651  29.363 0.023256
117762  -32.863  -80.403  28.793 0.023256
117763  -32.792  -80.112  28.219 0.023256
117764  -33.178  -80.637  28.235 0.046512
117765  -33.497  -80.794  27.657 0.046512
117766  -33.812  -80.890  27.006 0.116279
117767  -34.363  -81.759  27.445 0.116279
117768  -34.244  -81.455  26.901 0.116279
117769  -34.114  -80.980  26.345 0.139535
117770  -34.421  -81.143  25.622 0.162791
117771  -34.757  -81.306  24.830 0.162791
117772  -34.992  -81.511  23.939 0.209302
117773  -35.203  -81.501  23.166 0.255814
117774  -35.293  -81.947  23.922 0.255814
117775  -35.516  -82.387  23.825 0.209302
117776  -35.717  -82.838  23.611 0.186047
117777  -35.850  -82.937  24.965 0.162791
117778  -35.904  -83.138  24.161 0.186047
117779  -35.885  -83.221  23.344 0.186047
117780  -36.020  -83.550  23.095 0.186047
117781  -36.233  -83.880  22.789 0.139535
117782  -36.509  -84.135  22.490 0.093023
117877  -27.482  -94.732  11.614 0.023256
117878  -26.904  -95.004  11.057 0.023256
117879  -27.303  -94.593  10.826 0.023256
120357  -19.041  -86.248  29.439 0.023256
120358  -18.542  -86.095  28.719 0.023256
120359  -18.011  -85.948  28.050 0.023256
120360  -18.977  -86.037  27.274 0.023256
120361  -18.189  -85.902  27.319 0.023256
120384  -15.078  -93.751  19.354 0.023256
120385  -15.259  -94.156  18.915 0.023256
120386  -15.430  -94.567  18.478 0.023256
120387  -15.599  -94.945  18.075 0.023256
120388  -15.889  -94.369  18.075 0.023256
120389  -16.377  -94.197  17.649 0.023256
120390  -16.898  -94.162  17.160 0.023256
120391  -16.868  -93.252  17.179 0.023256
120392  -17.127  -93.702  16.930 0.023256
120393  -17.425  -94.172  16.722 0.023256
120394  -17.941  -94.150  16.258 0.023256
120395  -18.450  -94.053  15.789 0.023256
120396  -19.010  -93.901  15.461 0.046512
120397  -21.765  -88.313  13.661 0.302326
120398  -21.439  -89.084  13.771 0.255814
120399  -22.055  -88.671  13.528 0.279070
120400  -22.349  -89.060  13.372 0.279070
120401  -22.671  -89.438  13.321 0.279070
120402  -23.521  -88.372  13.145 0.279070
120403  -23.227  -89.072  13.230 0.302326
120404  -23.051  -89.803  13.301 0.279070
120405  -23.474  -90.205  13.312 0.232558
120406  -23.957  -90.582  13.255 0.232558
120407  -24.461  -91.034  13.202 0.162791
120408  -24.936  -91.489  13.178 0.162791
120409  -25.053  -90.722  13.004 0.209302
120410  -25.641  -90.431  12.897 0.255814
120411  -26.265  -90.139  12.965 0.255814
120412  -25.883  -88.970  12.877 0.302326
120413  -26.382  -89.406  12.914 0.279070
120414  -26.904  -89.865  13.050 0.255814
120415  -27.525  -89.585  13.134 0.232558
120416  -28.115  -89.301  13.163 0.186047
120417  -28.639  -89.108  13.158 0.162791
122296  -23.446  -77.916  26.337 0.023256
122297  -23.668  -78.281  25.672 0.023256
122298  -23.916  -78.712  25.015 0.023256
122299  -23.900  -77.795  25.095 0.023256
122300  -24.091  -77.260  24.562 0.023256
122301  -24.328  -76.685  24.044 0.023256
122303  -24.354  -75.728  24.109 0.023256
122304  -24.585  -76.101  23.548 0.023256
122305  -24.781  -75.546  23.101 0.023256
122306  -25.008  -74.953  22.669 0.023256
122307  -25.210  -74.454  22.262 0.023256
126257  -32.713  -76.144  23.084 0.023256
126258  -32.570  -75.557  23.347 0.023256
126259  -32.583  -75.739  22.411 0.046512
126260  -32.421  -75.287  21.732 0.046512
126261  -32.241  -74.801  21.214 0.046512
126262  -32.274  -75.834  20.035 0.093023
126263  -32.129  -75.124  20.318 0.046512
126264  -31.990  -74.356  20.596 0.023256
126265  -31.729  -73.954  20.079 0.023256
126266  -31.464  -73.571  19.621 0.023256
126267  -31.187  -73.226  19.203 0.023256
126268  -30.867  -72.918  18.831 0.023256
126269  -30.877  -73.636  18.432 0.046512
126270  -30.498  -74.103  17.643 0.093023
126271  -30.112  -74.637  16.915 0.139535
126272  -30.691  -75.618  16.875 0.209302
126273  -30.209  -75.367  16.513 0.186047
126274  -29.691  -75.177  16.237 0.162791
126275  -29.295  -75.741  15.634 0.186047
126276  -28.870  -76.346  15.132 0.232558
126277  -28.391  -77.006  14.661 0.232558
126278  -27.906  -77.508  14.289 0.255814
126279  -28.566  -77.478  14.405 0.279070
126280  -28.757  -77.977  14.119 0.302326
126281  -29.014  -78.434  13.816 0.348837
126282  -30.164  -77.944  14.419 0.395349
126283  -29.732  -78.398  13.959 0.348837
126284  -29.250  -78.885  13.548 0.418605
126285  -29.448  -79.346  13.312 0.441860
126286  -29.630  -79.898  13.161 0.488372
126287  -29.837  -80.465  13.011 0.488372
126288  -34.205  -82.467  16.557 0.488372
126289  -33.683  -82.207  15.914 0.465116
126290  -33.815  -82.805  15.810 0.511628
126291  -33.583  -83.145  15.135 0.511628
126292  -33.353  -83.510  14.467 0.511628
126293  -34.077  -84.269  15.039 0.441860
126294  -33.621  -84.081  14.400 0.511628
126295  -33.119  -83.899  13.892 0.511628
126296  -32.827  -84.355  13.405 0.488372
126297  -32.429  -84.926  12.994 0.465116
126298  -31.972  -85.594  12.729 0.441860
126299  -31.618  -86.247  12.559 0.395349
126300  -32.183  -86.201  12.746 0.418605
126301  -32.425  -86.861  12.764 0.395349
126302  -32.718  -87.575  12.717 0.395349
126303  -33.666  -87.133  13.055 0.395349
126304  -33.291  -87.671  12.755 0.395349
126305  -32.915  -88.229  12.566 0.325581
126306  -33.111  -88.641  12.241 0.232558
126307  -33.325  -88.972  11.839 0.186047
126308  -33.506  -89.079  11.362 0.162791
126324  -37.790  -82.789  13.519 0.023256
126325  -37.193  -82.445  12.472 0.023256
126326  -37.362  -82.894  12.676 0.023256
126327  -37.537  -83.266  12.903 0.023256
126328  -37.176  -83.840  12.279 0.023256
126329  -36.772  -84.449  11.708 0.023256
126330  -36.382  -85.047  11.234 0.023256
126331  -36.002  -85.618  10.834 0.046512
126332  -35.880  -85.139  10.572 0.023256
126333  -35.392  -85.178  9.921 0.046512
126334  -34.912  -85.173  9.267 0.046512
126335  -35.138  -84.098  9.437 0.046512
126336  -34.747  -84.639  9.078 0.046512
126337  -34.386  -85.194  8.747 0.046512
126338  -33.818  -85.240  8.360 0.046512
126339  -33.240  -85.379  8.062 0.046512
126340  -32.602  -85.528  7.828 0.023256
126341  -31.868  -85.675  7.592 0.023256
126342  -32.443  -85.090  7.546 0.023256
126343  -32.247  -84.629  7.296 0.023256
126344  -32.028  -84.130  7.050 0.023256
126345  -33.192  -83.271  7.744 0.046512
126346  -32.544  -83.421  7.289 0.046512
126347  -31.895  -83.622  6.865 0.046512
126348  -31.765  -83.087  6.657 0.046512
126349  -31.642  -82.611  6.431 0.046512
126350  -31.660  -82.162  6.152 0.046512
126351  -37.056  -78.702  7.088 0.023256
126352  -36.316  -78.878  6.880 0.023256
126353  -36.732  -78.942  6.500 0.023256
126354  -36.439  -79.232  6.024 0.023256
126355  -36.104  -79.524  5.533 0.023256
126357  -36.532  -79.733  5.241 0.023256
126358  -35.720  -79.910  5.001 0.023256
126360  -34.811  -80.776  3.981 0.023256
126639  -25.541  -88.630  1.044 0.023256
126640  -25.662  -89.317  0.582 0.023256
126649  -27.929  -87.066  -0.614 0.023256
130264  -21.654  -85.527  24.757 0.023256
130265  -20.812  -85.760  24.709 0.023256
130266  -21.096  -85.614  24.164 0.023256
130267  -20.570  -85.683  23.624 0.023256
130268  -20.032  -85.701  23.100 0.023256
130269  -21.158  -85.256  22.555 0.023256
130270  -20.357  -85.571  22.596 0.023256
130271  -19.463  -85.714  22.541 0.023256
130275  -22.040  -83.332  20.305 0.023256
130276  -21.462  -84.119  20.338 0.023256
130277  -20.871  -84.748  20.404 0.023256
130278  -20.666  -84.485  19.282 0.069767
130279  -20.433  -84.878  19.866 0.046512
130280  -20.182  -85.242  20.451 0.046512
130283  -18.222  -86.877  20.298 0.023256
130284  -17.939  -87.280  19.779 0.023256
130285  -17.695  -87.630  19.326 0.023256
130287  -18.242  -87.114  18.275 0.093023
130288  -17.802  -87.794  18.392 0.023256
130289  -17.516  -88.590  18.475 0.046512
130290  -17.546  -89.163  18.066 0.046512
130291  -17.623  -89.811  17.630 0.093023
130292  -17.721  -90.370  17.200 0.093023
130293  -17.868  -90.840  16.826 0.116279
130294  -18.095  -90.125  16.728 0.139535
130295  -18.443  -89.830  16.287 0.162791
130296  -18.843  -89.542  15.836 0.209302
130297  -18.922  -88.124  16.035 0.232558
130298  -19.059  -88.717  15.698 0.232558
130299  -19.244  -89.247  15.376 0.232558
130300  -19.682  -88.916  14.928 0.255814
130301  -20.189  -88.572  14.494 0.279070
130302  -20.787  -88.193  14.147 0.279070
130303  -20.466  -84.785  15.543 0.162791
130304  -20.451  -85.247  15.133 0.186047
130305  -20.554  -85.764  14.732 0.255814
130306  -21.474  -84.614  14.225 0.209302
130307  -21.060  -85.440  14.299 0.209302
130308  -20.710  -86.296  14.410 0.232558
130309  -20.892  -86.853  14.126 0.255814
130310  -21.120  -87.381  13.927 0.255814
130311  -21.440  -87.863  13.803 0.279070
130312  -22.099  -87.523  13.514 0.302326
130313  -22.722  -87.110  13.318 0.325581
130314  -23.332  -86.788  13.108 0.348837
130315  -23.257  -85.489  12.961 0.302326
130316  -23.598  -85.973  12.928 0.325581
130317  -23.898  -86.451  12.916 0.325581
130318  -24.439  -86.064  12.738 0.302326
130319  -25.034  -85.649  12.576 0.325581
130320  -25.644  -85.293  12.440 0.348837
135603  -32.497  -76.305  25.360 0.023256
135604  -32.665  -76.454  24.579 0.023256
135605  -32.765  -79.590  27.676 0.023256
135606  -32.800  -79.091  27.079 0.046512
135607  -32.831  -78.540  26.434 0.046512
135608  -33.433  -79.286  25.695 0.046512
135609  -33.132  -78.652  25.766 0.046512
135610  -32.890  -78.030  25.771 0.046512
135611  -32.961  -77.570  25.105 0.046512
135612  -32.937  -77.045  24.437 0.023256
135613  -32.822  -76.554  23.731 0.023256
135614  -33.019  -76.659  23.020 0.046512
135615  -33.130  -76.861  22.168 0.069767
135616  -33.147  -77.075  21.275 0.116279
135617  -33.811  -78.101  21.912 0.162791
135618  -33.508  -77.707  21.122 0.139535
135619  -33.167  -77.355  20.344 0.139535
135620  -33.170  -77.622  19.458 0.162791
135621  -33.144  -77.858  18.583 0.232558
135622  -33.081  -78.065  17.761 0.279070
135623  -32.910  -78.219  17.000 0.325581
135624  -33.350  -78.487  17.710 0.279070
135625  -33.605  -78.933  17.687 0.302326
135626  -33.860  -79.403  17.678 0.395349
135627  -34.390  -79.649  19.188 0.279070
135628  -34.257  -79.762  18.439 0.348837
135629  -34.082  -79.884  17.646 0.395349
135630  -34.307  -80.371  17.602 0.395349
135631  -34.436  -80.946  17.550 0.418605
135632  -34.532  -81.549  17.463 0.441860
135633  -35.292  -81.541  22.312 0.255814
135634  -35.323  -81.585  21.439 0.302326
135635  -35.312  -81.610  20.650 0.348837
135636  -35.568  -82.577  21.237 0.279070
135637  -35.443  -82.106  20.564 0.348837
135638  -35.270  -81.639  19.866 0.348837
135639  -35.164  -81.752  18.985 0.395349
135640  -34.979  -81.920  18.144 0.465116
135641  -34.624  -82.174  17.329 0.465116
135642  -34.737  -82.756  17.216 0.441860
135643  -34.805  -83.372  17.131 0.418605
135644  -34.941  -83.913  17.031 0.465116
135645  -35.597  -83.972  18.464 0.348837
135646  -35.336  -84.201  17.639 0.395349
135647  -35.116  -84.434  16.884 0.441860
135648  -35.405  -84.967  16.686 0.418605
135649  -35.693  -85.475  16.417 0.372093
135650  -35.983  -85.935  16.059 0.348837
135676  -37.156  -80.836  12.653 0.023256
135677  -36.650  -80.820  11.929 0.046512
135678  -36.162  -80.794  11.101 0.046512
135679  -35.692  -80.782  10.373 0.069767
135680  -35.248  -80.792  9.788 0.046512
135681  -35.612  -80.233  10.230 0.046512
135682  -35.604  -79.745  9.951 0.046512
135683  -35.636  -79.315  9.644 0.046512
135684  -36.556  -78.621  10.686 0.023256
135685  -36.164  -78.752  9.994 0.046512
135686  -35.814  -78.915  9.342 0.046512
135687  -36.128  -78.569  8.945 0.046512
135688  -36.519  -78.354  8.550 0.023256
135689  -36.899  -78.330  8.097 0.023256
135695  -37.947  -77.478  9.543 0.023256
135696  -37.814  -77.766  8.881 0.023256
135697  -37.596  -78.087  8.274 0.023256
135698  -37.359  -78.415  7.654 0.023256
135699  -37.854  -78.583  7.351 0.023256
135700  -38.412  -78.812  7.125 0.023256
135701  -38.916  -79.117  6.952 0.023256
135957  -24.926  -88.238  2.648 0.023256
135959  -25.142  -87.750  3.216 0.023256
135960  -25.328  -87.535  2.614 0.023256
135961  -25.824  -86.833  2.542 0.023256
135962  -26.350  -86.143  2.472 0.023256
135963  -26.876  -85.487  2.423 0.023256
142295  -36.082  -81.165  29.028 0.023256
142296  -36.338  -81.546  28.443 0.023256
142297  -36.526  -81.873  27.813 0.046512
142298  -36.696  -82.216  27.229 0.069767
142299  -36.973  -81.719  27.435 0.023256
142491  -19.917  -85.762  24.624 0.023256
142492  -19.018  -85.627  24.529 0.023256
142555  -15.715  -95.369  17.683 0.023256
142556  -15.843  -95.842  17.324 0.023256
142558  -17.030  -95.756  16.904 0.023256
142573  -18.015  -91.257  16.467 0.116279
142574  -18.135  -91.737  16.110 0.116279
142575  -18.294  -92.226  15.758 0.116279
142576  -18.974  -91.283  15.239 0.162791
142577  -18.728  -91.993  15.335 0.139535
142578  -18.563  -92.602  15.482 0.116279
142579  -18.861  -92.979  15.285 0.116279
142580  -19.225  -93.346  15.142 0.093023
142581  -19.642  -93.730  15.236 0.069767
142582  -21.200  -89.920  13.766 0.255814
142583  -20.977  -90.792  13.915 0.232558
142584  -20.776  -91.611  14.101 0.209302
142585  -21.795  -91.601  13.779 0.209302
142586  -21.225  -92.011  14.015 0.209302
142587  -20.627  -92.372  14.328 0.186047
142588  -20.417  -92.931  14.661 0.139535
142589  -20.259  -93.507  15.000 0.093023
142590  -20.088  -94.087  15.358 0.046512
142591  -20.529  -94.450  15.437 0.023256
142594  -22.432  -94.153  15.006 0.023256
142603  -24.895  -94.757  14.114 0.046512
142604  -25.226  -95.141  13.754 0.046512
142606  -26.045  -95.369  13.051 0.023256
142607  -26.502  -95.199  12.776 0.023256
142608  -26.987  -94.922  12.567 0.023256
142609  -25.433  -91.962  13.273 0.116279
142610  -25.906  -92.439  13.399 0.069767
142611  -26.325  -92.934  13.519 0.046512
142612  -27.162  -91.930  13.381 0.139535
142613  -26.935  -92.734  13.504 0.069767
142614  -26.728  -93.433  13.548 0.046512
142615  -27.070  -93.937  13.409 0.023256
142616  -27.336  -94.368  13.021 0.023256
142617  -27.480  -94.599  12.351 0.023256
142618  -28.003  -94.248  12.137 0.023256
142619  -28.516  -93.920  11.914 0.046512
142620  -28.979  -93.527  11.636 0.023256
142621  -29.308  -92.558  12.466 0.046512
142622  -29.431  -92.851  11.930 0.046512
142623  -29.412  -93.089  11.255 0.046512
142624  -29.785  -92.613  10.837 0.023256
142625  -30.104  -92.144  10.448 0.023256
142626  -30.393  -91.734  10.103 0.023256
147476  -20.453  -86.372  29.319 0.023256
147477  -20.747  -86.282  28.633 0.023256
147478  -21.682  -85.830  29.309 0.023256
147479  -21.410  -86.078  28.607 0.023256
147480  -21.014  -86.193  27.924 0.023256
147481  -21.285  -86.098  27.211 0.023256
147482  -21.623  -85.901  26.587 0.023256
147483  -21.927  -85.635  25.912 0.023256
147502  -22.538  -82.985  29.390 0.023256
147503  -22.746  -83.457  28.655 0.023256
147504  -22.955  -83.906  27.991 0.023256
147505  -23.091  -82.566  27.284 0.023256
147506  -23.119  -83.445  27.276 0.023256
147507  -22.973  -84.306  27.243 0.023256
147508  -22.912  -84.740  26.510 0.023256
147509  -22.615  -85.104  25.871 0.023256
147510  -22.166  -85.309  25.298 0.023256
147511  -22.378  -84.983  24.704 0.023256
147512  -22.583  -84.642  24.100 0.023256
147513  -22.769  -84.248  23.516 0.023256
147514  -23.556  -83.127  23.994 0.023256
147515  -23.289  -83.487  23.440 0.023256
147516  -22.937  -83.762  22.943 0.023256
147517  -23.119  -83.213  22.399 0.023256
147518  -23.263  -82.639  21.848 0.023256
147519  -23.342  -82.047  21.318 0.023256
147520  -24.185  -79.168  24.325 0.023256
147521  -24.321  -79.634  23.635 0.023256
147522  -24.377  -80.091  22.957 0.023256
147523  -24.738  -78.477  22.642 0.023256
147524  -24.568  -79.501  22.468 0.023256
147525  -24.233  -80.460  22.394 0.023256
147526  -24.044  -80.805  21.821 0.023256
147527  -23.738  -81.160  21.308 0.023256
147528  -23.358  -81.409  20.862 0.023256
147529  -23.390  -80.870  20.363 0.023256
147530  -23.402  -80.330  19.869 0.023256
147531  -23.420  -79.811  19.399 0.023256
147532  -24.247  -78.667  20.009 0.023256
147533  -23.842  -79.003  19.471 0.023256
147534  -23.484  -79.340  18.920 0.023256
147535  -23.645  -78.938  18.372 0.023256
147536  -23.878  -78.469  17.910 0.023256
147537  -24.113  -78.101  17.418 0.023256
157504  -25.373  -73.926  21.961 0.023256
157513  -25.519  -74.377  21.429 0.023256
157514  -25.622  -74.891  20.859 0.023256
157515  -25.589  -75.405  20.234 0.023256
157516  -25.418  -75.907  19.575 0.023256
157517  -25.998  -74.420  19.646 0.023256
157518  -25.632  -75.430  19.293 0.023256
157519  -25.163  -76.363  18.905 0.023256
157520  -24.870  -76.850  18.231 0.023256
157521  -24.596  -77.295  17.647 0.046512
157522  -24.434  -77.692  17.061 0.046512
157748  -30.424  -72.618  18.613 0.023256
157749  -29.968  -72.450  18.438 0.023256
157750  -29.526  -72.299  18.409 0.023256
157751  -29.114  -73.655  17.201 0.046512
157752  -29.074  -72.908  17.841 0.023256
157753  -29.068  -72.198  18.463 0.023256
157759  -26.413  -74.792  17.664 0.023256
157760  -26.665  -75.244  16.634 0.069767
157761  -26.259  -75.431  16.937 0.046512
157762  -25.907  -75.603  17.339 0.046512
157763  -25.353  -76.499  16.958 0.069767
157764  -24.793  -77.364  16.624 0.069767
157765  -24.280  -78.237  16.329 0.023256
157766  -24.152  -78.617  15.856 0.046512
157767  -24.095  -79.027  15.402 0.093023
157768  -24.122  -79.474  14.889 0.116279
157769  -25.122  -78.519  14.655 0.116279
157770  -24.632  -79.185  14.554 0.116279
157771  -24.162  -79.888  14.458 0.116279
157772  -24.213  -80.340  14.013 0.139535
157773  -24.284  -80.798  13.619 0.209302
157774  -24.372  -81.272  13.288 0.279070
157775  -27.406  -78.032  13.978 0.232558
157776  -26.925  -78.605  13.668 0.255814
157777  -26.449  -79.160  13.441 0.232558
157778  -27.269  -79.580  13.060 0.302326
157779  -26.582  -79.675  13.124 0.255814
157780  -25.990  -79.719  13.193 0.232558
157781  -25.483  -80.395  13.097 0.232558
157782  -25.001  -81.054  13.017 0.279070
157783  -24.526  -81.726  13.020 0.279070
157784  -24.725  -82.178  12.816 0.302326
157785  -24.928  -82.659  12.627 0.325581
157786  -25.213  -83.143  12.473 0.372093
157787  -26.388  -82.351  12.420 0.325581
157788  -25.931  -82.977  12.390 0.372093
157789  -25.503  -83.628  12.399 0.372093
157790  -25.797  -84.104  12.394 0.418605
157791  -26.072  -84.583  12.384 0.395349
157792  -26.348  -85.074  12.384 0.348837
157793  -32.660  -78.433  16.243 0.395349
157794  -32.314  -78.695  15.549 0.395349
157795  -31.897  -79.039  14.916 0.418605
157796  -32.736  -79.650  15.499 0.418605
157797  -32.085  -79.548  14.873 0.465116
157798  -31.442  -79.453  14.375 0.465116
157799  -30.974  -79.924  13.881 0.511628
157800  -30.501  -80.462  13.368 0.465116
157801  -30.049  -81.062  12.864 0.488372
157802  -33.176  -82.000  15.302 0.488372
157803  -32.663  -81.842  14.714 0.511628
157804  -32.110  -81.746  14.103 0.488372
157805  -32.025  -82.727  13.514 0.488372
157806  -31.745  -82.214  13.514 0.488372
157807  -31.533  -81.661  13.604 0.488372
157808  -30.919  -81.603  13.116 0.511628
157809  -30.279  -81.582  12.761 0.511628
157810  -29.626  -81.591  12.545 0.488372
157811  -29.215  -82.146  12.311 0.418605
157812  -28.780  -82.623  12.217 0.418605
157813  -28.343  -83.131  12.166 0.418605
157814  -29.307  -83.640  12.211 0.418605
157815  -28.643  -83.635  12.136 0.418605
157816  -27.947  -83.629  12.115 0.418605
157817  -27.529  -84.239  12.215 0.348837
157818  -27.096  -84.899  12.370 0.348837
157819  -26.665  -85.646  12.474 0.325581
157820  -26.999  -86.235  12.546 0.325581
157821  -27.391  -86.785  12.664 0.348837
157822  -27.778  -87.278  12.783 0.395349
157823  -28.782  -86.659  12.648 0.441860
157824  -28.462  -87.244  12.798 0.395349
157825  -28.093  -87.834  12.957 0.372093
157826  -28.478  -88.236  13.050 0.325581
157827  -28.860  -88.629  13.121 0.232558
157828  -29.248  -89.071  13.093 0.209302
157829  -31.263  -86.842  12.532 0.465116
157830  -30.938  -87.388  12.567 0.465116
157831  -30.616  -87.911  12.722 0.395349
157832  -31.588  -88.469  12.599 0.255814
157833  -30.999  -88.384  12.695 0.325581
157834  -30.357  -88.332  12.827 0.302326
157835  -30.106  -88.713  12.908 0.255814
157836  -29.852  -89.086  12.966 0.255814
157837  -29.646  -89.510  12.999 0.209302
157838  -30.005  -89.920  12.835 0.186047
157839  -30.256  -90.310  12.468 0.139535
157840  -30.512  -90.677  11.967 0.116279
157841  -31.245  -90.217  11.773 0.069767
157842  -30.943  -90.603  11.620 0.069767
157843  -30.722  -90.983  11.493 0.069767
157844  -30.828  -91.244  10.914 0.046512
157845  -30.824  -91.411  10.266 0.046512
157846  -30.588  -91.301  9.715 0.023256
157847  -36.843  -82.479  26.569 0.093023
157848  -36.982  -82.725  25.839 0.116279
157849  -37.057  -83.046  25.181 0.093023
157850  -37.766  -82.627  25.121 0.046512
157851  -37.429  -83.074  24.892 0.069767
157852  -37.075  -83.362  24.530 0.093023
157853  -37.041  -83.659  23.723 0.069767
157854  -36.932  -83.993  22.930 0.093023
157855  -36.851  -84.352  22.190 0.093023
157856  -39.205  -81.708  23.457 0.023256
157857  -38.848  -82.449  23.197 0.023256
157860  -38.388  -83.545  22.195 0.023256
157861  -38.011  -83.670  22.624 0.046512
157862  -37.635  -84.152  22.217 0.046512
157863  -37.251  -84.443  21.840 0.093023
157864  -36.873  -84.554  21.454 0.139535
157865  -36.884  -84.769  20.706 0.162791
157866  -36.953  -84.946  19.849 0.186047
157867  -36.930  -85.158  18.954 0.232558
157868  -37.779  -85.193  18.995 0.139535
157869  -37.294  -85.373  18.572 0.255814
157870  -36.775  -85.476  18.064 0.255814
157871  -36.633  -85.681  17.230 0.279070
157872  -36.458  -85.925  16.420 0.255814
157873  -36.278  -86.274  15.678 0.348837
157891  -39.176  -83.998  17.468 0.023256
157892  -38.757  -84.530  16.997 0.023256
157893  -38.317  -85.067  16.566 0.023256
157894  -37.892  -85.531  16.179 0.046512
157895  -37.790  -85.461  14.854 0.069767
157896  -37.693  -85.715  15.314 0.069767
157897  -37.482  -85.892  15.827 0.116279
157898  -37.005  -86.302  15.471 0.232558
157899  -36.546  -86.539  15.203 0.302326
157900  -36.072  -86.615  14.901 0.372093
157901  -35.728  -87.046  14.067 0.325581
157902  -35.391  -87.566  13.296 0.325581
157903  -35.063  -88.166  12.680 0.279070
157904  -35.671  -87.631  12.240 0.186047
157905  -35.185  -88.063  12.119 0.186047
157906  -34.666  -88.392  12.103 0.232558
157907  -34.305  -88.666  11.635 0.162791
157908  -33.984  -88.831  11.218 0.162791
157909  -33.621  -88.977  10.877 0.139535
157910  -35.592  -86.145  10.475 0.069767
157911  -35.139  -86.541  10.226 0.069767
157912  -34.795  -87.086  10.070 0.069767
157913  -34.212  -86.598  9.245 0.023256
157914  -34.336  -87.100  9.616 0.046512
157915  -34.429  -87.619  10.009 0.069767
157916  -34.063  -88.168  10.096 0.116279
157917  -33.689  -88.729  10.317 0.093023
157918  -33.250  -89.185  10.610 0.116279
157919  -32.904  -89.310  10.320 0.093023
157920  -32.562  -89.608  10.130 0.046512
157921  -32.126  -89.881  9.913 0.046512
157922  -32.213  -88.900  9.228 0.046512
157923  -31.909  -89.629  9.435 0.046512
157924  -31.652  -90.201  9.725 0.046512
157925  -31.234  -90.503  9.513 0.046512
157926  -30.746  -90.787  9.345 0.023256
157927  -30.228  -91.079  9.179 0.023256
157935  -27.872  -88.264  6.845 0.023256
157936  -27.560  -87.781  6.485 0.023256
157937  -31.153  -85.833  7.391 0.023256
157938  -30.469  -86.026  7.206 0.023256
157939  -29.779  -86.227  6.962 0.023256
157940  -30.193  -85.164  6.497 0.046512
157941  -29.622  -85.773  6.604 0.046512
157942  -29.123  -86.448  6.687 0.023256
157943  -28.468  -86.686  6.422 0.046512
157944  -27.880  -86.987  6.246 0.046512
157945  -27.305  -87.299  6.098 0.046512
157946  -27.130  -86.841  5.619 0.023256
157947  -27.038  -86.378  5.102 0.023256
157948  -26.996  -85.990  4.523 0.023256
157949  -28.095  -84.985  4.604 0.046512
157950  -27.539  -85.241  4.285 0.023256
157951  -26.999  -85.606  3.971 0.023256
157952  -27.102  -85.295  3.403 0.023256
157953  -27.321  -85.024  2.807 0.023256
157954  -27.529  -84.784  2.200 0.023256
157955  -34.848  -80.823  9.167 0.046512
157956  -34.424  -80.906  8.556 0.046512
157957  -33.981  -81.051  7.967 0.046512
157958  -34.490  -80.031  8.040 0.046512
157959  -34.001  -80.620  7.698 0.046512
157960  -33.460  -81.168  7.429 0.046512
157961  -32.869  -81.281  6.889 0.046512
157962  -32.287  -81.499  6.356 0.046512
157963  -31.722  -81.753  5.845 0.046512
157964  -35.587  -79.163  6.672 0.046512
157965  -34.821  -79.459  6.370 0.046512
157966  -34.014  -79.883  6.093 0.046512
157967  -33.949  -80.050  5.250 0.046512
157968  -33.537  -80.171  5.545 0.046512
157969  -33.260  -80.330  5.885 0.046512
157970  -32.531  -80.828  5.706 0.046512
157971  -31.835  -81.418  5.508 0.046512
157972  -31.200  -82.033  5.290 0.046512
157973  -30.664  -82.314  4.677 0.046512
157974  -30.190  -82.630  4.095 0.046512
157975  -29.707  -82.983  3.537 0.046512
157976  -30.658  -82.178  3.358 0.046512
157977  -29.935  -82.713  3.153 0.046512
157978  -29.224  -83.338  3.005 0.023256
157979  -28.794  -83.716  2.533 0.023256
157980  -28.307  -84.148  2.031 0.023256
157981  -27.923  -84.661  1.618 0.023256
157982  -28.310  -84.568  1.072 0.023256
157983  -28.819  -84.538  0.581 0.023256
157984  -29.309  -84.535  0.151 0.023256
157985  -30.463  -83.485  0.861 0.023256
157986  -30.155  -83.999  0.294 0.023256
157987  -29.811  -84.494  -0.219 0.023256

