#!ascii label, from subject fsaverage, vox2ras=TkReg
1890
24  -38.056  50.015  -3.407 0.441860
118  -23.276  42.193  -10.729 0.023256
255  -43.046  44.135  -11.769 0.093023
256  -34.273  37.870  -8.670 0.023256
257  -32.782  49.744  -10.710 0.139535
265  -39.025  44.027  4.493 0.023256
267  -42.946  37.002  -3.284 0.186047
268  -46.671  34.003  -7.398 0.023256
387  -33.555  50.683  4.499 0.093023
735  -41.422  47.220  -7.398 0.325581
736  -38.132  46.654  -10.203 0.139535
737  -37.494  51.859  -7.162 0.348837
745  -37.759  46.626  1.181 0.279070
746  -37.991  39.880  0.031 0.116279
747  -38.835  43.191  -4.451 0.302326
748  -42.008  39.846  -8.152 0.255814
885  -31.693  48.389  7.307 0.023256
1128  -28.375  39.633  -9.319 0.023256
1130  -23.762  37.072  -10.165 0.023256
1613  -38.171  41.467  -11.718 0.046512
1614  -32.925  43.193  -10.837 0.116279
1615  -28.301  45.600  -10.518 0.046512
1635  -47.397  36.030  -6.062 0.116279
1636  -46.164  37.497  -10.946 0.209302
1863  -36.756  52.629  1.520 0.255814
1864  -34.253  53.962  -2.749 0.116279
1882  -38.918  49.581  5.644 0.139535
2191  -32.378  54.302  -8.131 0.023256
2192  -28.198  54.151  -11.045 0.023256
2655  -39.769  48.744  -5.365 0.418605
2656  -40.162  49.919  -7.364 0.279070
2657  -38.912  51.858  -5.340 0.302326
2665  -37.512  48.538  -0.993 0.372093
2666  -37.408  45.256  -1.920 0.348837
2667  -38.656  47.072  -3.996 0.418605
2668  -39.893  45.274  -6.021 0.372093
3048  -25.751  40.970  -9.749 0.023256
3049  -25.975  38.455  -9.260 0.023256
3050  -23.871  39.532  -10.996 0.023256
3645  -43.480  41.486  -12.948 0.093023
3646  -41.111  40.216  -12.984 0.023256
3647  -40.989  42.978  -12.574 0.046512
3648  -34.720  47.920  -9.219 0.186047
3649  -35.273  45.062  -10.373 0.139535
3650  -32.561  46.092  -10.936 0.139535
3651  -30.549  43.661  -12.071 0.093023
3652  -30.619  47.783  -11.579 0.116279
3677  -38.487  41.248  3.860 0.023256
3678  -40.222  38.228  -1.774 0.162791
3679  -41.284  38.199  0.422 0.046512
3680  -43.684  37.170  -1.207 0.116279
3681  -47.013  36.539  -0.815 0.023256
3682  -46.372  36.238  -2.790 0.116279
3683  -48.250  35.294  -4.263 0.069767
3684  -45.387  36.438  -4.743 0.186047
3685  -42.952  42.511  -10.111 0.395349
3686  -44.129  38.641  -9.750 0.325581
3687  -44.444  40.761  -11.746 0.325581
3688  -45.469  38.752  -13.009 0.139535
4095  -34.956  52.311  3.435 0.116279
4096  -34.201  52.514  0.796 0.023256
4097  -32.701  50.888  2.219 0.046512
4135  -35.032  49.472  6.422 0.046512
4136  -37.751  49.781  7.436 0.023256
4137  -36.348  50.853  5.125 0.186047
4138  -37.575  51.123  3.659 0.232558
4823  -36.988  36.883  -9.957 0.023256
4839  -33.624  52.976  -5.658 0.093023
5931  -42.201  45.771  -9.807 0.302326
5932  -41.100  45.873  -11.374 0.116279
5933  -40.690  47.822  -9.336 0.162791
5934  -37.890  49.226  -8.814 0.162791
5935  -34.907  51.085  -8.793 0.209302
5949  -38.309  45.155  3.120 0.186047
5950  -37.555  42.172  2.153 0.069767
5951  -37.124  43.447  0.332 0.186047
5952  -37.930  41.239  -2.269 0.209302
5953  -40.149  39.497  -4.135 0.232558
5954  -42.221  38.182  -5.627 0.232558
5955  -40.215  41.344  -6.344 0.302326
5956  -41.201  43.586  -8.316 0.302326
6201  -32.451  49.177  5.585 0.046512
6202  -31.193  49.733  3.608 0.046512
6203  -30.032  48.816  5.108 0.023256
6224  -38.238  48.309  11.197 0.023256
6226  -33.957  48.942  8.460 0.023256
6638  -31.280  38.781  -8.204 0.023256
7602  -38.659  38.765  -11.496 0.046512
7603  -36.078  39.587  -10.342 0.023256
7604  -38.126  44.172  -11.529 0.116279
7605  -35.535  42.325  -10.853 0.116279
7606  -33.456  40.484  -9.724 0.069767
7607  -30.790  41.006  -10.137 0.069767
7608  -28.141  42.117  -10.574 0.023256
7609  -25.511  43.906  -9.546 0.023256
7646  -39.135  39.575  1.801 0.023256
7655  -48.010  34.909  -7.115 0.023256
7656  -44.515  37.345  -7.031 0.255814
7657  -46.808  36.587  -8.276 0.139535
7658  -47.934  35.357  -9.400 0.069767
8211  -37.198  51.420  -0.870 0.395349
8212  -36.930  53.085  -2.709 0.325581
8213  -35.586  53.488  -0.734 0.116279
8214  -32.710  52.854  -1.410 0.046512
8261  -39.050  44.628  6.500 0.023256
8262  -38.292  47.541  9.229 0.023256
8263  -38.909  47.241  7.210 0.023256
8264  -39.364  46.383  4.850 0.046512
8265  -38.558  48.105  3.301 0.255814
8266  -37.739  49.718  1.523 0.325581
9133  -36.452  53.560  -5.071 0.302326
9134  -35.133  53.486  -7.570 0.255814
9135  -33.631  53.818  -10.333 0.162791
9137  -30.815  56.156  -10.344 0.023256
9138  -30.870  52.341  -11.492 0.069767
9139  -28.286  50.210  -10.627 0.046512
9140  -25.386  47.799  -9.927 0.023256
10335  -38.859  49.354  -4.483 0.465116
10336  -39.499  50.357  -5.439 0.441860
10337  -38.665  50.818  -4.368 0.441860
10345  -37.713  49.306  -2.312 0.465116
10346  -37.886  47.790  -2.596 0.395349
10347  -38.462  48.507  -3.695 0.441860
10348  -39.157  47.887  -4.666 0.441860
10728  -24.437  41.650  -10.029 0.023256
10729  -24.605  40.308  -10.175 0.023256
10730  -23.572  40.813  -10.973 0.023256
11325  -43.252  42.812  -12.367 0.116279
11326  -42.262  42.284  -12.802 0.069767
11327  -42.289  43.786  -12.478 0.116279
11328  -33.541  48.869  -9.833 0.186047
11329  -33.578  47.072  -10.062 0.186047
11330  -32.509  47.900  -10.780 0.162791
11331  -31.589  46.903  -11.456 0.116279
11332  -31.657  48.789  -11.349 0.139535
11355  -39.259  43.275  5.340 0.023256
11356  -38.713  41.847  5.089 0.023256
11357  -38.775  42.655  4.143 0.023256
11358  -41.583  37.613  -2.554 0.186047
11359  -41.983  37.499  -1.513 0.139535
11360  -43.298  36.972  -2.191 0.162791
11361  -45.009  36.624  -2.003 0.139535
11362  -44.665  36.474  -2.973 0.186047
11363  -45.855  36.172  -3.771 0.186047
11364  -44.203  36.688  -4.005 0.186047
11365  -43.307  43.610  -10.974 0.279070
11366  -43.756  41.763  -10.968 0.372093
11367  -43.766  42.526  -11.729 0.279070
11368  -44.181  41.374  -12.496 0.209302
11775  -34.231  51.520  4.050 0.069767
11776  -33.716  51.813  2.902 0.046512
11777  -33.055  51.109  3.596 0.046512
11815  -34.241  49.896  5.253 0.093023
11816  -35.684  50.189  5.747 0.069767
11817  -34.868  50.756  4.762 0.116279
11818  -35.548  51.501  4.278 0.162791
12503  -35.704  37.368  -9.244 0.023256
12504  -36.116  35.942  -9.349 0.023256
12505  -34.665  36.470  -8.550 0.023256
13725  -41.776  46.545  -8.602 0.325581
13726  -41.651  46.868  -9.585 0.186047
13727  -41.375  47.765  -8.456 0.255814
13728  -38.903  51.100  -7.371 0.348837
13729  -39.185  49.790  -8.278 0.232558
13730  -37.689  50.569  -8.008 0.255814
13731  -36.148  49.953  -8.405 0.209302
13732  -36.152  51.301  -7.948 0.186047
13755  -38.014  45.749  2.294 0.232558
13756  -37.563  44.305  1.811 0.162791
13757  -37.439  45.110  0.784 0.255814
13758  -38.000  44.252  -3.297 0.279070
13759  -37.492  43.321  -2.236 0.279070
13760  -38.363  42.315  -3.431 0.255814
13761  -39.013  40.374  -3.248 0.232558
13762  -39.311  41.360  -4.445 0.279070
13763  -40.088  40.436  -5.270 0.279070
13764  -39.455  42.343  -5.400 0.325581
13765  -40.648  46.317  -6.692 0.348837
13766  -40.482  44.348  -7.186 0.325581
13767  -41.324  45.530  -7.887 0.372093
13768  -41.949  44.881  -8.981 0.348837
14175  -32.069  48.719  6.385 0.046512
14176  -31.133  49.119  5.427 0.023256
14177  -30.806  48.393  6.019 0.023256
14217  -32.868  48.718  7.973 0.023256
14218  -33.270  48.838  6.915 0.046512
14903  -29.790  39.263  -8.585 0.023256
14904  -30.034  38.116  -7.778 0.023256
14905  -28.542  38.577  -8.304 0.023256
14906  -24.759  37.812  -9.555 0.023256
16698  -39.603  40.911  -12.298 0.023256
16699  -39.788  39.531  -12.299 0.023256
16700  -38.362  40.119  -11.637 0.046512
16701  -37.306  39.209  -10.911 0.046512
16702  -36.978  40.565  -11.174 0.046512
16703  -39.711  46.264  -10.827 0.116279
16704  -39.640  45.043  -11.608 0.093023
16705  -38.256  45.520  -10.977 0.116279
16706  -34.043  44.106  -10.643 0.139535
16707  -35.432  43.634  -10.727 0.139535
16708  -34.244  42.742  -10.720 0.116279
16709  -34.392  41.378  -10.445 0.069767
16710  -33.102  41.886  -10.284 0.093023
16711  -32.117  40.890  -9.627 0.069767
16712  -31.850  42.105  -10.581 0.069767
16713  -29.407  44.539  -11.509 0.046512
16714  -29.286  42.646  -11.439 0.046512
16715  -28.111  43.827  -10.587 0.023256
16716  -26.864  43.039  -9.784 0.023256
16717  -26.868  44.741  -9.783 0.046512
16793  -37.497  40.998  1.038 0.069767
16794  -37.994  40.650  1.864 0.046512
16795  -38.485  39.631  0.918 0.069767
16796  -43.095  38.116  0.598 0.046512
16810  -47.782  35.676  -5.155 0.093023
16811  -48.653  34.894  -4.852 0.046512
16812  -48.232  35.217  -5.812 0.023256
16813  -48.263  34.726  -6.258 0.023256
16814  -47.916  35.632  -6.677 0.023256
16815  -41.913  38.881  -6.914 0.255814
16816  -43.364  37.755  -6.395 0.232558
16817  -43.063  38.230  -7.739 0.279070
16818  -45.170  38.033  -10.424 0.279070
16819  -45.427  37.394  -9.022 0.209302
16820  -46.498  36.930  -9.540 0.162791
16821  -47.614  36.000  -8.864 0.116279
16822  -47.284  36.342  -10.048 0.116279
16823  -47.783  35.716  -10.499 0.023256
16824  -46.910  36.804  -11.326 0.116279
16825  -44.803  38.979  -13.577 0.093023
16826  -45.788  37.668  -13.230 0.046512
18045  -37.076  52.015  0.316 0.395349
18046  -36.586  52.817  -0.732 0.255814
18047  -36.210  53.060  0.287 0.116279
18048  -32.970  51.715  0.175 0.023256
18049  -33.605  52.627  -0.430 0.046512
18050  -32.223  52.010  -0.926 0.046512
18053  -30.176  48.794  2.934 0.023256
18054  -30.901  49.232  2.166 0.023256
18164  -38.526  44.850  7.404 0.023256
18165  -37.377  49.077  10.349 0.023256
18166  -38.355  47.894  10.162 0.023256
18167  -37.651  48.781  9.382 0.023256
18168  -38.537  49.980  6.616 0.093023
18169  -38.669  48.716  7.576 0.046512
18170  -39.198  48.390  6.474 0.069767
18171  -39.281  46.866  6.103 0.046512
18172  -39.339  47.888  5.314 0.069767
18173  -38.984  47.162  4.165 0.139535
18174  -38.890  48.885  4.470 0.209302
18175  -37.107  51.910  2.690 0.255814
18176  -37.777  50.477  2.629 0.232558
18177  -37.526  51.295  1.589 0.255814
18178  -37.505  50.615  0.414 0.395349
20273  -35.858  53.926  -2.614 0.186047
20274  -36.857  53.533  -3.877 0.279070
20275  -35.359  53.973  -3.936 0.209302
20276  -32.981  53.071  -7.048 0.069767
20277  -34.504  53.411  -6.629 0.209302
20278  -33.943  53.918  -8.029 0.116279
20279  -34.603  53.777  -9.050 0.162791
20280  -33.348  54.798  -9.236 0.139535
20286  -29.655  55.458  -11.055 0.046512
20287  -31.059  54.628  -11.312 0.069767
20288  -29.655  53.489  -11.283 0.046512
20289  -29.590  51.300  -11.222 0.069767
20290  -28.198  52.219  -10.856 0.046512
23211  -40.644  47.985  -6.333 0.372093
23212  -40.987  48.620  -7.396 0.325581
23213  -40.336  49.494  -6.285 0.348837
23214  -39.661  51.091  -6.388 0.302326
23215  -38.506  52.182  -6.389 0.325581
23229  -37.428  47.533  0.087 0.372093
23230  -37.320  46.000  -0.385 0.348837
23231  -37.405  46.975  -1.409 0.395349
23232  -37.923  46.210  -3.002 0.395349
23233  -38.739  45.198  -4.402 0.372093
23234  -39.326  44.291  -5.317 0.348837
23235  -39.399  46.243  -5.061 0.465116
23236  -39.922  47.119  -5.597 0.441860
23482  -30.424  47.858  6.836 0.023256
23918  -27.072  40.230  -9.737 0.023256
23919  -27.200  39.042  -9.159 0.023256
23920  -25.889  39.645  -9.726 0.023256
23921  -24.733  38.970  -9.974 0.023256
23922  -23.868  38.264  -10.641 0.023256
23923  -23.054  37.502  -11.345 0.023256
23924  -23.359  38.729  -11.893 0.023256
24993  -43.663  40.176  -13.548 0.023256
24996  -40.995  41.586  -12.768 0.023256
24997  -39.585  42.196  -12.222 0.046512
24998  -36.447  47.171  -9.633 0.162791
24999  -36.655  45.946  -10.373 0.116279
25000  -35.025  46.392  -9.789 0.139535
25001  -33.757  45.520  -10.358 0.162791
25002  -32.702  44.522  -11.112 0.116279
25003  -31.722  43.448  -11.420 0.069767
25004  -31.649  45.037  -11.712 0.093023
25005  -30.601  45.721  -11.868 0.093023
25006  -29.575  46.556  -11.306 0.093023
25051  -38.966  39.916  3.765 0.023256
25052  -39.036  38.949  -0.935 0.162791
25053  -39.497  38.713  0.136 0.069767
25054  -40.677  37.992  -0.674 0.116279
25055  -42.438  37.643  -0.414 0.069767
25056  -44.177  37.624  -0.239 0.046512
25057  -45.752  37.197  0.003 0.023256
25058  -45.385  36.971  -0.964 0.069767
25059  -46.692  36.390  -1.788 0.046512
25060  -47.870  35.731  -2.643 0.023256
25062  -47.401  35.692  -3.564 0.069767
25063  -46.972  35.865  -4.482 0.116279
25064  -46.524  36.274  -5.386 0.162791
25065  -42.331  41.084  -9.169 0.325581
25066  -43.004  39.252  -8.914 0.302326
25067  -43.343  40.574  -10.027 0.325581
25068  -44.197  39.775  -10.885 0.325581
25069  -45.100  39.057  -11.662 0.325581
25070  -45.880  38.253  -12.133 0.186047
25071  -45.081  39.816  -12.463 0.232558
25072  -44.639  40.131  -13.176 0.186047
25803  -35.912  52.826  2.570 0.139535
25804  -35.475  52.968  1.266 0.093023
25805  -34.605  52.508  2.224 0.069767
25806  -33.477  51.692  1.551 0.046512
25807  -32.396  50.761  0.886 0.023256
25874  -37.832  45.093  9.411 0.023256
25876  -37.106  49.535  8.326 0.023256
25877  -36.391  49.954  7.030 0.046512
25878  -37.154  50.428  6.316 0.093023
25879  -37.763  50.609  5.629 0.162791
25880  -38.284  50.496  4.705 0.162791
25881  -37.009  51.248  4.529 0.186047
25882  -36.273  52.072  3.627 0.232558
27113  -38.290  36.464  -10.817 0.023256
27115  -37.463  35.470  -10.206 0.023256
27140  -32.769  53.342  -3.126 0.069767
27141  -33.918  53.619  -4.217 0.139535
27142  -32.561  52.560  -4.511 0.093023
27143  -32.063  52.201  -5.899 0.023256
27150  -26.744  52.747  -10.768 0.023256
29199  -42.733  45.077  -10.900 0.209302
29200  -42.157  45.151  -11.699 0.116279
29201  -41.938  46.185  -10.657 0.139535
29202  -40.958  46.895  -10.367 0.139535
29203  -39.573  47.309  -9.939 0.209302
29204  -40.429  48.793  -8.341 0.255814
29205  -39.447  48.445  -9.094 0.186047
29206  -37.995  47.885  -9.517 0.139535
29207  -36.275  48.531  -8.984 0.162791
29208  -34.731  49.549  -8.972 0.209302
29209  -33.794  50.641  -9.905 0.186047
29241  -38.598  44.637  3.819 0.093023
29242  -38.201  43.226  3.306 0.023256
29243  -37.790  43.728  2.647 0.116279
29244  -37.263  42.654  1.324 0.069767
29245  -37.165  41.538  0.061 0.093023
29246  -37.160  44.351  -0.782 0.302326
29247  -37.192  42.296  -1.095 0.162791
29248  -37.742  40.403  -1.093 0.116279
29249  -38.872  39.511  -2.087 0.162791
29250  -40.114  38.708  -2.943 0.186047
29251  -41.380  37.972  -3.738 0.209302
29252  -42.558  37.478  -4.411 0.209302
29253  -41.210  38.835  -4.854 0.232558
29254  -40.945  39.590  -6.069 0.302326
29255  -41.016  40.479  -7.284 0.302326
29256  -39.812  43.303  -6.390 0.348837
29257  -40.470  42.402  -7.400 0.325581
29258  -41.394  41.616  -8.290 0.302326
29259  -41.968  43.083  -9.283 0.348837
29260  -42.645  44.273  -10.103 0.418605
29829  -32.968  49.874  4.994 0.046512
29830  -32.279  50.441  4.195 0.046512
29831  -31.634  49.747  4.835 0.046512
29832  -30.527  49.282  4.438 0.023256
29833  -29.531  48.624  3.830 0.023256
29834  -29.572  48.139  5.759 0.023256
29882  -38.239  46.781  12.196 0.023256
29883  -37.960  48.365  12.416 0.023256
29889  -34.471  49.024  7.355 0.023256
29890  -33.734  49.188  5.904 0.046512
30848  -32.805  38.310  -8.261 0.023256
30849  -33.112  36.996  -7.926 0.023256
30850  -31.512  37.518  -7.604 0.023256
30853  -27.258  37.964  -8.315 0.023256
30863  -22.143  36.794  -12.083 0.023256
33250  -39.014  37.379  -11.520 0.023256
33251  -37.775  37.789  -10.723 0.023256
33252  -36.541  38.245  -10.013 0.023256
33253  -35.234  38.732  -9.466 0.023256
33254  -41.006  44.497  -12.175 0.069767
33255  -39.588  43.612  -12.097 0.046512
33256  -38.095  42.719  -11.666 0.069767
33257  -36.727  44.632  -10.893 0.116279
33258  -36.693  43.174  -11.160 0.116279
33259  -36.772  41.842  -11.255 0.069767
33260  -35.678  40.931  -10.804 0.046512
33261  -34.780  40.009  -9.977 0.046512
33262  -33.894  39.125  -9.105 0.023256
33263  -32.465  39.589  -8.865 0.046512
33264  -31.014  39.952  -9.080 0.023256
33265  -29.630  40.230  -9.590 0.023256
33266  -30.607  42.120  -11.338 0.069767
33267  -29.417  41.226  -10.810 0.023256
33268  -28.259  40.738  -10.125 0.023256
33269  -27.012  41.562  -9.863 0.023256
33270  -25.577  42.374  -9.608 0.023256
33271  -24.227  43.040  -9.787 0.023256
33368  -38.078  41.785  2.985 0.023256
33369  -38.543  40.418  2.734 0.023256
33370  -39.777  39.424  2.909 0.023256
33371  -40.083  38.877  1.122 0.046512
33396  -43.773  37.146  -5.101 0.232558
33397  -44.920  36.907  -5.770 0.186047
33398  -46.059  36.666  -6.411 0.209302
33399  -44.290  37.779  -8.355 0.279070
33400  -45.694  37.038  -7.632 0.209302
33401  -46.954  36.394  -7.021 0.116279
33402  -47.714  35.800  -7.684 0.116279
33403  -47.974  35.134  -8.251 0.093023
33405  -47.752  34.833  -9.650 0.023256
33408  -46.418  37.361  -12.422 0.116279
33409  -46.852  36.177  -12.600 0.023256
34935  -37.438  50.714  -2.207 0.418605
34936  -37.654  51.631  -2.962 0.395349
34937  -36.959  52.305  -1.886 0.372093
34938  -36.203  53.553  -1.579 0.186047
34939  -34.914  53.831  -1.690 0.162791
34940  -34.909  53.109  0.044 0.069767
34941  -34.192  53.373  -1.017 0.093023
34942  -33.364  53.548  -1.916 0.093023
34943  -31.984  52.927  -2.374 0.046512
34946  -31.961  50.291  2.928 0.046512
34947  -31.641  49.847  1.490 0.023256
35080  -39.149  43.507  6.341 0.023256
35081  -39.365  44.447  5.529 0.023256
35082  -38.441  46.766  10.958 0.023256
35083  -38.307  46.485  9.831 0.023256
35084  -38.222  46.246  8.791 0.023256
35085  -38.143  48.714  8.499 0.023256
35086  -38.497  47.398  8.219 0.023256
35087  -38.494  46.052  7.752 0.023256
35088  -38.865  45.859  6.712 0.023256
35089  -39.230  45.590  5.750 0.023256
35090  -39.173  45.180  4.733 0.069767
35091  -38.935  45.763  3.940 0.139535
35092  -38.512  46.437  3.269 0.255814
35093  -38.146  47.237  2.254 0.255814
35094  -38.392  49.797  3.576 0.209302
35095  -37.997  48.931  2.366 0.255814
35096  -37.749  48.131  1.331 0.325581
35097  -37.551  49.056  0.364 0.372093
35098  -37.464  50.036  -0.910 0.465116
37639  -37.914  52.333  -4.073 0.325581
37640  -37.707  52.990  -5.076 0.325581
37641  -37.133  52.961  -6.151 0.372093
37642  -34.974  53.711  -5.237 0.232558
37643  -35.797  53.420  -6.239 0.279070
37644  -36.182  52.679  -7.133 0.302326
37645  -35.244  52.526  -8.386 0.186047
37646  -34.327  52.424  -9.711 0.209302
37647  -33.227  51.882  -10.771 0.186047
37653  -31.659  55.717  -9.144 0.023256
37654  -32.407  55.098  -10.456 0.116279
37655  -32.302  53.319  -11.255 0.093023
37656  -31.916  50.983  -11.370 0.116279
37657  -30.698  50.063  -11.550 0.093023
37658  -29.626  49.042  -11.155 0.069767
37659  -28.337  47.941  -10.476 0.023256
37660  -26.817  50.942  -10.397 0.023256
37661  -26.874  48.984  -10.122 0.023256
37662  -26.927  46.833  -9.818 0.023256
37663  -25.427  45.776  -9.564 0.023256
41055  -38.448  49.652  -3.962 0.465116
41056  -38.764  50.066  -4.455 0.441860
41057  -38.353  50.362  -3.889 0.465116
41065  -37.860  49.629  -2.886 0.441860
41066  -38.055  48.871  -3.057 0.465116
41067  -38.244  49.168  -3.578 0.441860
41068  -38.630  48.892  -4.096 0.441860
41448  -23.789  41.912  -10.313 0.023256
41449  -23.923  41.228  -10.461 0.023256
41450  -23.422  41.512  -10.899 0.023256
41451  -23.214  41.154  -11.532 0.023256
42045  -43.161  43.492  -12.088 0.139535
42046  -42.823  43.354  -12.445 0.116279
42047  -42.722  44.038  -12.124 0.116279
42048  -33.096  49.290  -10.303 0.162791
42049  -33.023  48.360  -10.346 0.186047
42050  -32.623  48.796  -10.740 0.162791
42051  -32.095  48.315  -11.088 0.162791
42052  -32.229  49.236  -11.073 0.139535
42075  -39.225  43.648  4.877 0.023256
42076  -39.078  42.989  4.730 0.023256
42077  -38.915  43.347  4.309 0.023256
42078  -42.263  37.323  -2.922 0.186047
42079  -42.423  37.255  -2.364 0.186047
42080  -43.111  36.945  -2.718 0.186047
42081  -44.020  36.697  -2.556 0.186047
42082  -43.810  36.677  -3.113 0.186047
42083  -44.434  36.554  -3.473 0.186047
42084  -43.589  36.810  -3.646 0.186047
42085  -43.286  43.944  -11.425 0.209302
42086  -43.597  43.130  -11.376 0.255814
42087  -43.430  43.319  -11.756 0.232558
42088  -43.578  42.693  -12.088 0.209302
42495  -33.894  51.124  4.241 0.069767
42496  -33.598  51.352  3.827 0.069767
42497  -33.288  50.958  4.104 0.046512
42535  -33.857  50.278  4.882 0.093023
42536  -34.533  50.317  5.020 0.093023
42537  -34.167  50.713  4.636 0.069767
42538  -34.500  51.161  4.400 0.069767
43223  -35.021  37.597  -8.949 0.023256
43224  -35.208  36.907  -8.908 0.023256
43225  -34.483  37.152  -8.561 0.023256
44445  -41.610  46.843  -7.995 0.325581
44446  -41.697  47.109  -8.483 0.279070
44447  -41.485  47.523  -7.927 0.348837
44448  -38.240  51.520  -7.293 0.372093
44449  -38.380  50.864  -7.738 0.372093
44450  -37.610  51.212  -7.607 0.325581
44451  -36.852  50.854  -7.929 0.209302
44452  -36.829  51.544  -7.537 0.209302
44475  -37.930  46.168  1.724 0.232558
44476  -37.707  45.421  1.587 0.255814
44477  -37.626  45.885  0.993 0.325581
44478  -38.351  43.737  -3.899 0.279070
44479  -38.111  43.289  -3.404 0.279070
44480  -38.600  42.807  -3.972 0.255814
44481  -38.855  41.834  -3.949 0.279070
44482  -39.051  42.288  -4.515 0.255814
44483  -39.408  41.844  -4.921 0.279070
44484  -39.148  42.806  -4.950 0.302326
44485  -41.101  46.817  -7.043 0.348837
44486  -41.003  45.918  -7.267 0.325581
44487  -41.402  46.422  -7.627 0.348837
44488  -41.630  46.090  -8.235 0.302326
44895  -31.892  48.547  6.843 0.046512
44896  -31.405  48.610  6.201 0.023256
44897  -31.249  48.339  6.619 0.023256
44935  -32.108  48.463  8.146 0.023256
44936  -32.693  48.691  8.492 0.023256
44937  -32.312  48.581  7.662 0.023256
44938  -32.512  48.677  7.161 0.046512
45623  -29.034  39.456  -8.931 0.023256
45624  -29.172  38.914  -8.437 0.023256
45625  -28.473  39.109  -8.800 0.023256
45626  -24.233  37.465  -9.821 0.023256
45627  -24.742  37.252  -9.295 0.023256
47418  -38.880  41.233  -11.993 0.069767
47419  -38.953  40.538  -11.983 0.046512
47420  -38.241  40.822  -11.693 0.046512
47421  -37.674  40.382  -11.389 0.046512
47422  -37.555  41.046  -11.442 0.046512
47423  -38.931  46.439  -10.534 0.116279
47424  -38.985  45.883  -10.929 0.116279
47425  -38.208  46.094  -10.621 0.116279
47426  -33.466  43.653  -10.803 0.116279
47427  -34.155  43.431  -10.709 0.116279
47428  -33.557  43.020  -10.745 0.116279
47429  -33.639  42.332  -10.596 0.116279
47430  -33.014  42.546  -10.689 0.116279
47431  -32.509  42.021  -10.393 0.069767
47432  -32.415  42.693  -10.843 0.093023
47433  -28.848  45.121  -11.025 0.046512
47434  -28.752  44.139  -11.054 0.046512
47435  -28.166  44.703  -10.561 0.046512
47436  -27.498  44.279  -10.135 0.046512
47437  -27.565  45.179  -10.107 0.046512
47513  -37.656  40.422  0.505 0.069767
47514  -37.910  40.266  0.953 0.046512
47515  -38.244  39.741  0.500 0.069767
47516  -43.935  38.106  0.737 0.023256
47517  -43.434  38.297  1.190 0.023256
47530  -47.606  35.859  -5.582 0.069767
47531  -48.052  35.498  -5.487 0.046512
47532  -47.871  35.633  -5.952 0.069767
47533  -48.094  35.411  -6.260 0.023256
47534  -47.685  35.839  -6.382 0.093023
47535  -41.893  39.284  -7.558 0.279070
47536  -42.482  38.581  -7.348 0.255814
47537  -42.454  38.978  -7.962 0.255814
47538  -45.687  37.679  -10.703 0.232558
47539  -45.825  37.410  -9.979 0.232558
47540  -46.314  37.142  -10.226 0.209302
47541  -46.932  36.643  -9.814 0.116279
47542  -46.745  36.897  -10.487 0.162791
47543  -47.103  36.585  -10.701 0.116279
47544  -46.584  37.185  -11.150 0.186047
47545  -44.311  38.946  -13.773 0.023256
47546  -44.869  38.332  -13.745 0.023256
48765  -36.954  52.313  0.889 0.348837
48766  -36.695  52.661  0.354 0.209302
48767  -36.485  52.830  0.875 0.162791
48769  -32.647  51.864  -0.433 0.046512
48773  -29.558  48.396  2.658 0.023256
48774  -29.897  48.504  2.189 0.023256
48884  -38.298  44.922  7.909 0.023256
48885  -36.946  49.306  9.794 0.023256
48886  -37.493  48.927  9.860 0.023256
48887  -37.150  49.214  9.327 0.023256
48888  -38.769  49.797  6.162 0.139535
48889  -38.990  49.219  6.602 0.069767
48890  -39.145  49.001  6.076 0.093023
48891  -39.341  48.157  5.910 0.069767
48892  -39.193  48.732  5.499 0.116279
48893  -39.160  48.384  4.925 0.139535
48894  -38.944  49.291  5.064 0.139535
48895  -36.920  52.300  2.138 0.255814
48896  -37.429  51.641  2.125 0.255814
48897  -37.266  52.029  1.539 0.232558
48898  -37.327  51.684  0.928 0.395349
50993  -35.068  54.026  -2.651 0.116279
50994  -35.591  54.011  -3.253 0.186047
50995  -34.767  54.048  -3.368 0.139535
50996  -32.728  53.580  -7.707 0.069767
50997  -33.455  53.570  -7.592 0.116279
50998  -33.200  54.089  -8.118 0.116279
50999  -33.701  54.361  -8.670 0.116279
51000  -32.881  54.667  -8.630 0.116279
51006  -28.958  54.854  -11.091 0.023256
51007  -29.697  54.523  -11.201 0.046512
51008  -28.968  53.874  -11.149 0.023256
51009  -28.952  52.910  -11.142 0.046512
51010  -28.214  53.188  -10.990 0.046512
54045  -40.165  48.416  -5.785 0.418605
54046  -40.531  48.734  -6.303 0.395349
54047  -40.077  49.209  -5.825 0.441860
54048  -39.283  51.129  -5.379 0.372093
54049  -39.653  50.765  -5.895 0.348837
54050  -39.321  51.538  -5.880 0.302326
54051  -39.130  51.719  -6.404 0.348837
54052  -38.795  52.115  -5.880 0.325581
54075  -37.446  48.046  -0.431 0.395349
54076  -37.375  47.248  -0.678 0.348837
54077  -37.485  47.766  -1.199 0.395349
54078  -38.247  47.477  -3.303 0.395349
54079  -37.891  47.067  -2.762 0.395349
54080  -38.273  46.652  -3.522 0.395349
54081  -38.310  45.711  -3.718 0.418605
54082  -38.727  46.166  -4.245 0.418605
54083  -39.080  45.730  -4.728 0.441860
54084  -39.026  46.678  -4.547 0.395349
54085  -39.525  48.260  -4.963 0.465116
54086  -39.538  47.505  -5.108 0.441860
54087  -39.898  47.924  -5.423 0.418605
54088  -40.303  47.577  -5.933 0.348837
55223  -26.446  40.609  -9.753 0.023256
55224  -26.488  39.954  -9.671 0.023256
55225  -25.810  40.312  -9.761 0.023256
55226  -24.198  39.899  -10.521 0.023256
55227  -24.689  39.620  -10.097 0.023256
55228  -24.273  39.243  -10.441 0.023256
55229  -24.296  38.627  -10.274 0.023256
55230  -23.878  38.905  -10.920 0.023256
55231  -23.573  38.498  -11.254 0.023256
55232  -23.603  39.181  -11.474 0.023256
57015  -43.594  40.815  -13.270 0.069767
57016  -43.059  40.563  -13.422 0.023256
57018  -41.657  42.658  -12.727 0.069767
57019  -41.638  41.965  -12.861 0.046512
57020  -40.970  42.241  -12.718 0.023256
57021  -40.285  41.889  -12.499 0.046512
57022  -40.286  42.553  -12.454 0.046512
57023  -35.564  47.457  -9.415 0.162791
57024  -35.702  46.783  -9.710 0.139535
57025  -34.888  47.113  -9.543 0.186047
57026  -33.047  46.648  -10.526 0.162791
57027  -33.653  46.255  -10.231 0.162791
57028  -33.122  45.796  -10.624 0.139535
57029  -33.197  45.033  -10.718 0.139535
57030  -32.614  45.272  -11.049 0.162791
57031  -32.158  44.758  -11.397 0.139535
57032  -32.104  45.582  -11.346 0.116279
57033  -31.104  47.341  -11.585 0.116279
57034  -31.114  46.330  -11.725 0.093023
57035  -30.582  46.773  -11.679 0.116279
57036  -30.079  46.140  -11.653 0.093023
57037  -30.091  47.240  -11.478 0.116279
57108  -38.671  41.593  4.469 0.023256
57109  -38.542  41.194  4.831 0.023256
57110  -38.590  40.890  4.327 0.023256
57112  -38.622  40.559  3.790 0.023256
57113  -39.641  38.573  -1.382 0.162791
57114  -39.819  38.407  -0.832 0.093023
57115  -40.442  38.074  -1.223 0.139535
57116  -42.839  37.313  -1.370 0.139535
57117  -42.176  37.534  -0.943 0.116279
57118  -43.083  37.398  -0.857 0.116279
57119  -43.355  37.588  -0.357 0.093023
57120  -43.934  37.366  -0.733 0.116279
57121  -44.742  37.302  -0.613 0.046512
57122  -44.547  37.078  -1.067 0.116279
57123  -45.659  36.409  -2.359 0.162791
57124  -45.783  36.520  -1.829 0.139535
57125  -46.474  36.274  -2.271 0.093023
57126  -47.309  36.109  -2.236 0.046512
57127  -47.106  36.062  -2.688 0.046512
57128  -47.624  35.719  -3.100 0.023256
57129  -46.880  35.970  -3.191 0.093023
57130  -45.604  36.274  -4.291 0.186047
57131  -46.434  35.995  -4.156 0.186047
57132  -46.227  36.156  -4.619 0.186047
57133  -46.770  36.061  -4.918 0.139535
57134  -46.053  36.346  -5.036 0.186047
57135  -42.625  41.817  -9.650 0.348837
57136  -42.830  40.856  -9.581 0.348837
57137  -43.119  41.547  -10.066 0.348837
57138  -44.124  41.272  -11.400 0.348837
57139  -43.969  40.777  -10.959 0.372093
57140  -44.361  40.323  -11.359 0.348837
57141  -44.682  39.429  -11.284 0.325581
57142  -44.725  39.839  -11.746 0.302326
57143  -45.114  39.452  -12.087 0.279070
57144  -44.765  40.262  -12.121 0.302326
57145  -43.873  41.487  -12.771 0.162791
57146  -44.415  40.745  -12.841 0.186047
57147  -44.083  40.833  -13.072 0.162791
57148  -44.179  40.200  -13.361 0.139535
58365  -35.408  52.671  3.032 0.139535
58366  -35.256  52.765  2.457 0.116279
58367  -34.761  52.446  2.890 0.069767
58368  -33.246  51.413  2.577 0.046512
58369  -33.603  51.778  2.215 0.046512
58370  -33.095  51.295  1.878 0.046512
58371  -32.940  51.239  1.197 0.023256
58372  -32.540  50.777  1.521 0.023256
58485  -35.401  49.413  7.170 0.046512
58486  -36.061  49.656  7.442 0.046512
58487  -35.713  49.697  6.753 0.046512
58488  -36.012  50.552  5.470 0.139535
58489  -36.406  50.370  6.058 0.093023
58490  -36.741  50.606  5.768 0.162791
58491  -37.495  50.570  6.032 0.139535
58492  -37.070  50.792  5.445 0.186047
58493  -37.377  50.941  5.101 0.186047
58494  -36.687  51.078  4.861 0.186047
58495  -35.194  51.959  3.945 0.093023
58496  -35.880  51.860  4.009 0.162791
58497  -35.578  52.284  3.575 0.162791
58498  -36.034  52.449  3.151 0.255814
60548  -37.639  36.685  -10.372 0.023256
60549  -37.907  35.973  -10.493 0.023256
60550  -37.234  36.195  -10.060 0.023256
60593  -32.149  52.804  -3.335 0.023256
60594  -32.673  52.927  -3.830 0.069767
60595  -32.033  52.390  -4.000 0.023256
60598  -31.216  52.102  -6.098 0.023256
64215  -42.492  45.440  -10.371 0.186047
64216  -42.374  45.668  -10.800 0.162791
64217  -42.204  46.080  -10.290 0.162791
64218  -41.199  47.403  -9.470 0.139535
64219  -41.337  46.991  -9.994 0.139535
64220  -40.831  47.359  -9.901 0.139535
64221  -40.313  47.116  -10.172 0.162791
64222  -40.203  47.643  -9.653 0.139535
64223  -40.587  49.255  -7.408 0.325581
64224  -40.769  48.765  -7.907 0.279070
64225  -40.300  49.374  -7.893 0.302326
64226  -38.570  49.557  -8.611 0.232558
64227  -39.336  49.125  -8.686 0.255814
64228  -38.693  48.879  -8.990 0.162791
64229  -38.774  48.190  -9.368 0.162791
64230  -37.939  48.580  -9.204 0.162791
64231  -37.128  48.193  -9.255 0.162791
64232  -37.070  48.857  -8.918 0.162791
64233  -35.441  50.527  -8.494 0.209302
64234  -35.412  49.816  -8.651 0.232558
64235  -34.782  50.361  -8.842 0.232558
64236  -34.185  50.079  -9.330 0.186047
64237  -34.360  50.882  -9.356 0.209302
64305  -38.425  44.901  3.472 0.139535
64306  -38.157  44.199  3.248 0.116279
64307  -37.992  44.452  2.898 0.139535
64308  -37.304  43.896  1.087 0.162791
64309  -37.356  43.535  1.585 0.116279
64310  -37.179  43.014  0.853 0.139535
64311  -37.154  42.101  0.666 0.069767
64312  -37.063  42.468  0.149 0.162791
64313  -37.294  45.654  -1.142 0.348837
64314  -37.233  45.204  -0.592 0.348837
64315  -37.250  44.807  -1.387 0.348837
64316  -37.649  42.302  -2.324 0.255814
64317  -37.335  42.822  -1.670 0.232558
64318  -37.501  41.762  -1.726 0.162791
64319  -37.373  41.285  -1.134 0.139535
64320  -37.789  40.775  -1.691 0.162791
64321  -38.239  39.937  -1.604 0.139535
64322  -38.332  40.330  -2.191 0.162791
64323  -39.582  39.925  -3.692 0.209302
64324  -39.514  39.492  -3.104 0.209302
64325  -40.117  39.051  -3.538 0.209302
64326  -40.715  38.333  -3.359 0.186047
64327  -40.704  38.692  -3.955 0.232558
64328  -41.308  38.383  -4.287 0.232558
64329  -40.653  39.166  -4.507 0.232558
64330  -40.154  40.872  -5.784 0.302326
64331  -40.481  39.965  -5.661 0.279070
64332  -40.514  40.415  -6.241 0.302326
64333  -40.918  39.979  -6.725 0.302326
64334  -40.580  40.891  -6.839 0.279070
64335  -39.609  44.793  -5.667 0.372093
64336  -39.532  43.816  -5.876 0.325581
64337  -39.833  44.287  -6.239 0.325581
64338  -40.818  43.934  -7.789 0.325581
64339  -40.438  43.352  -7.387 0.348837
64340  -40.802  42.959  -7.881 0.348837
64341  -40.927  41.966  -7.877 0.325581
64342  -41.192  42.615  -8.350 0.325581
64343  -41.659  42.323  -8.791 0.325581
64344  -41.585  43.294  -8.777 0.348837
64345  -42.118  45.366  -9.383 0.372093
64346  -42.266  44.545  -9.546 0.372093
64347  -42.423  45.026  -9.957 0.325581
64348  -42.751  44.736  -10.516 0.325581
65565  -32.710  49.500  5.297 0.046512
65566  -32.276  49.843  4.942 0.046512
65567  -32.000  49.513  5.244 0.046512
65568  -30.602  48.920  5.237 0.023256
65569  -30.821  49.225  4.968 0.023256
65570  -30.287  49.023  4.764 0.023256
65571  -30.042  48.952  4.140 0.023256
65572  -29.774  48.794  4.530 0.023256
65574  -29.944  47.943  6.257 0.023256
65575  -29.311  47.797  6.038 0.023256
65679  -37.853  48.380  13.018 0.023256
65695  -32.882  48.921  6.173 0.046512
65696  -33.494  48.964  6.362 0.046512
65697  -33.103  49.156  5.736 0.046512
65698  -33.337  49.498  5.395 0.069767
67749  -32.173  37.920  -7.917 0.023256
67756  -26.589  38.751  -9.195 0.023256
67757  -27.227  38.525  -8.725 0.023256
67758  -26.619  38.206  -8.787 0.023256
67778  -22.819  37.742  -11.965 0.023256
67779  -22.594  37.163  -11.695 0.023256
67780  -22.408  37.376  -12.381 0.023256
73136  -39.235  39.163  -11.901 0.046512
73137  -39.880  38.880  -12.279 0.023256
73138  -39.338  38.510  -11.864 0.046512
73139  -39.468  37.832  -11.889 0.046512
73140  -38.845  38.090  -11.450 0.046512
73141  -38.403  37.588  -11.091 0.023256
73142  -38.179  38.277  -11.115 0.046512
73143  -36.684  39.402  -10.612 0.023256
73144  -36.956  38.722  -10.474 0.023256
73145  -36.354  38.915  -10.151 0.023256
73146  -35.890  38.479  -9.703 0.023256
73147  -35.687  39.130  -9.896 0.023256
73148  -41.636  45.542  -11.595 0.116279
73149  -41.621  44.861  -12.024 0.093023
73150  -41.068  45.225  -11.803 0.093023
73151  -38.853  44.627  -11.627 0.116279
73152  -39.588  44.333  -11.924 0.069767
73153  -38.844  43.904  -11.818 0.069767
73154  -38.820  43.180  -11.916 0.069767
73155  -38.113  43.432  -11.599 0.093023
73156  -35.939  45.512  -10.326 0.139535
73157  -36.697  45.308  -10.662 0.093023
73158  -36.000  44.836  -10.591 0.139535
73159  -35.464  42.955  -10.814 0.116279
73160  -36.085  43.404  -10.909 0.116279
73161  -36.060  42.722  -10.986 0.116279
73162  -36.667  42.497  -11.178 0.093023
73163  -36.171  42.047  -11.069 0.093023
73164  -36.238  41.389  -11.067 0.046512
73165  -35.593  41.628  -10.869 0.046512
73166  -33.919  40.927  -10.110 0.069767
73167  -34.551  40.669  -10.247 0.046512
73168  -34.127  40.247  -9.855 0.069767
73169  -34.353  39.594  -9.566 0.046512
73170  -33.669  39.794  -9.426 0.046512
73171  -33.185  39.327  -8.947 0.046512
73172  -32.977  40.021  -9.282 0.046512
73173  -31.455  40.972  -9.826 0.069767
73174  -31.579  40.385  -9.335 0.069767
73175  -30.917  40.512  -9.623 0.046512
73176  -30.320  40.105  -9.312 0.023256
73177  -30.234  40.573  -9.903 0.023256
73178  -31.168  43.526  -11.892 0.093023
73179  -31.173  42.812  -11.505 0.069767
73180  -30.560  42.860  -11.803 0.069767
73181  -28.691  42.374  -11.013 0.023256
73182  -29.317  41.847  -11.261 0.023256
73183  -28.765  41.627  -10.805 0.023256
73184  -28.856  40.951  -10.491 0.023256
73185  -28.213  41.384  -10.455 0.023256
73186  -27.604  41.144  -10.079 0.023256
73187  -27.573  41.840  -10.148 0.023256
73188  -26.200  43.485  -9.596 0.023256
73189  -26.215  42.725  -9.604 0.023256
73190  -25.551  43.118  -9.558 0.023256
73191  -24.921  42.712  -9.654 0.023256
73192  -24.839  43.469  -9.607 0.023256
73418  -37.827  42.694  2.739 0.069767
73419  -38.104  42.505  3.138 0.023256
73420  -37.772  41.975  2.551 0.069767
73421  -38.481  40.016  1.770 0.046512
73422  -38.286  40.535  2.281 0.023256
73423  -38.795  39.977  2.238 0.023256
73424  -39.106  39.870  2.791 0.023256
73425  -39.477  39.546  2.315 0.023256
73426  -40.394  38.396  0.289 0.046512
73427  -39.779  38.760  0.649 0.046512
73428  -40.706  38.513  0.802 0.046512
73448  -46.379  36.877  -0.388 0.023256
73480  -48.114  34.808  -6.680 0.023256
73484  -47.871  34.578  -7.329 0.023256
73485  -42.435  37.839  -5.004 0.232558
73486  -43.193  37.290  -4.772 0.209302
73487  -43.019  37.608  -5.380 0.232558
73488  -43.935  37.555  -6.721 0.232558
73489  -44.139  37.302  -6.059 0.209302
73490  -44.696  37.141  -6.374 0.232558
73491  -45.463  36.801  -6.077 0.209302
73492  -45.265  37.006  -6.688 0.232558
73493  -43.611  38.982  -9.340 0.302326
73494  -43.560  38.398  -8.728 0.302326
73495  -44.173  38.167  -9.069 0.279070
73496  -46.160  36.990  -8.624 0.162791
73497  -45.589  37.194  -8.311 0.232558
73498  -46.279  36.833  -7.968 0.162791
73499  -46.367  36.733  -7.314 0.139535
73500  -46.869  36.492  -7.661 0.139535
73501  -47.376  36.119  -7.389 0.116279
73502  -47.318  36.247  -7.984 0.139535
73503  -47.868  35.634  -9.175 0.116279
73504  -47.884  35.581  -8.572 0.093023
73505  -48.027  35.235  -8.873 0.069767
73506  -47.942  34.799  -8.484 0.023256
73507  -47.917  34.945  -9.035 0.023256
73508  -47.764  34.680  -9.156 0.023256
73509  -47.916  35.072  -9.572 0.023256
73515  -45.692  38.557  -12.596 0.186047
73516  -46.143  37.802  -12.309 0.139535
73517  -45.918  38.067  -12.756 0.116279
73519  -46.294  36.914  -12.927 0.023256
77175  -37.293  51.076  -1.510 0.395349
77176  -37.219  51.520  -2.028 0.418605
77177  -37.028  51.888  -1.390 0.395349
77178  -36.149  53.280  -0.697 0.186047
77179  -36.367  53.188  -1.208 0.279070
77180  -35.892  53.556  -1.153 0.139535
77181  -35.666  53.722  -1.568 0.186047
77182  -35.297  53.701  -1.177 0.116279
77183  -34.805  52.795  1.063 0.069767
77184  -35.186  53.070  0.665 0.069767
77185  -34.552  52.834  0.412 0.046512
77186  -33.171  52.735  -0.956 0.046512
77187  -33.882  52.988  -0.714 0.069767
77188  -33.429  53.169  -1.178 0.069767
77189  -33.757  53.523  -1.466 0.093023
77190  -33.006  53.245  -1.642 0.046512
77191  -32.630  53.251  -2.160 0.069767
77192  -32.296  52.943  -1.842 0.046512
77198  -31.681  50.163  3.938 0.046512
77199  -32.059  50.521  3.634 0.046512
77200  -31.549  49.981  3.239 0.046512
77202  -31.275  49.517  1.811 0.023256
77204  -31.402  49.791  0.846 0.023256
77530  -38.896  44.167  6.863 0.023256
77532  -39.233  44.079  6.460 0.023256
77533  -39.331  43.984  5.942 0.023256
77534  -39.284  44.532  6.033 0.023256
77535  -38.436  47.595  11.682 0.023256
77536  -38.387  46.823  11.564 0.023256
77537  -38.596  47.564  11.073 0.023256
77538  -38.283  47.690  9.695 0.023256
77539  -38.467  47.164  10.028 0.023256
77540  -38.382  47.010  9.534 0.023256
77541  -38.225  46.358  9.294 0.023256
77542  -38.287  46.893  9.017 0.023256
77543  -37.433  49.697  7.878 0.023256
77544  -37.691  49.222  8.454 0.046512
77545  -38.005  49.284  8.031 0.046512
77546  -38.841  47.980  7.431 0.046512
77547  -38.616  48.051  7.918 0.023256
77548  -38.709  47.333  7.743 0.023256
77549  -38.518  46.730  8.002 0.023256
77550  -38.703  46.635  7.457 0.046512
77551  -38.682  45.960  7.224 0.023256
77552  -38.902  46.518  6.933 0.046512
77553  -39.349  46.663  5.499 0.046512
77554  -39.225  46.248  5.876 0.023256
77555  -39.303  46.030  5.323 0.046512
77556  -39.272  45.405  5.256 0.046512
77557  -39.253  45.748  4.787 0.046512
77558  -39.079  45.461  4.324 0.093023
77559  -39.162  46.059  4.371 0.139535
77560  -38.783  47.628  3.755 0.232558
77561  -38.731  46.801  3.701 0.209302
77562  -38.604  47.224  3.256 0.279070
77563  -38.365  46.839  2.788 0.255814
77564  -38.360  47.650  2.765 0.255814
77565  -37.929  50.849  4.174 0.186047
77566  -38.376  50.153  4.139 0.162791
77567  -38.035  50.553  3.648 0.209302
77568  -37.738  50.116  2.081 0.232558
77569  -37.927  49.738  2.563 0.232558
77570  -37.793  49.317  1.977 0.255814
77571  -37.850  48.513  1.816 0.279070
77572  -37.752  48.915  1.427 0.325581
77573  -37.664  48.557  0.880 0.348837
77574  -37.665  49.362  0.956 0.372093
77575  -37.391  51.025  -0.232 0.441860
77576  -37.472  50.320  -0.242 0.441860
77577  -37.390  50.718  -0.873 0.441860
77578  -37.408  50.409  -1.551 0.418605
83746  -32.476  36.604  -7.688 0.023256
83747  -33.299  36.337  -7.898 0.023256
83858  -37.326  52.395  -2.810 0.325581
83859  -37.851  51.947  -3.544 0.325581
83860  -37.391  52.699  -3.405 0.279070
83861  -36.687  53.600  -4.464 0.279070
83862  -37.292  53.228  -4.508 0.325581
83863  -37.084  53.274  -5.032 0.348837
83864  -37.449  52.985  -5.630 0.325581
83865  -36.813  53.277  -5.616 0.325581
83866  -33.783  53.282  -4.937 0.093023
83867  -34.476  53.696  -4.761 0.162791
83868  -34.253  53.434  -5.439 0.162791
83869  -34.856  53.501  -7.151 0.209302
83870  -35.147  53.538  -6.433 0.232558
83871  -35.490  53.384  -6.869 0.255814
83872  -36.066  53.156  -6.687 0.325581
83873  -35.628  53.105  -7.313 0.279070
83874  -35.681  52.574  -7.723 0.302326
83875  -35.261  53.110  -8.027 0.209302
83876  -34.158  53.880  -9.782 0.162791
83877  -34.525  53.207  -9.459 0.186047
83878  -34.032  53.104  -10.105 0.209302
83879  -33.806  52.226  -10.290 0.232558
83880  -33.475  52.888  -10.643 0.162791
83892  -30.015  56.562  -10.270 0.023256
83896  -31.297  56.134  -9.770 0.023256
83897  -32.154  55.611  -9.831 0.046512
83898  -31.642  55.681  -10.442 0.069767
83899  -30.956  53.524  -11.454 0.069767
83900  -31.731  54.039  -11.347 0.093023
83901  -31.544  52.887  -11.465 0.093023
83902  -32.093  52.140  -11.362 0.116279
83903  -31.408  51.654  -11.485 0.093023
83904  -31.289  50.505  -11.485 0.116279
83905  -30.781  51.122  -11.460 0.093023
83906  -28.967  50.792  -10.928 0.046512
83907  -29.618  50.191  -11.162 0.093023
83908  -28.999  49.679  -10.853 0.046512
83909  -29.008  48.511  -10.849 0.069767
83910  -28.319  49.110  -10.500 0.023256
83912  -26.793  51.836  -10.567 0.023256
83914  -25.343  48.813  -10.116 0.023256
83915  -26.077  49.415  -10.147 0.023256
83916  -26.125  48.385  -9.993 0.023256
83917  -26.914  47.925  -9.955 0.023256
83918  -26.168  47.378  -9.777 0.023256
83919  -26.180  46.331  -9.622 0.023256
83920  -25.431  46.790  -9.709 0.023256
92331  -39.336  49.051  -4.970 0.395349
92332  -39.654  49.536  -5.420 0.395349
92333  -39.227  49.826  -4.965 0.441860
92334  -39.096  50.600  -4.917 0.395349
92335  -38.906  51.346  -4.839 0.372093
92349  -37.573  48.938  -1.694 0.395349
92350  -37.618  48.140  -1.829 0.395349
92351  -37.831  48.532  -2.463 0.441860
92352  -38.204  48.170  -3.169 0.418605
92353  -38.601  47.848  -3.819 0.395349
92354  -38.915  47.527  -4.338 0.418605
92355  -38.808  48.213  -4.184 0.465116
92356  -39.023  48.607  -4.563 0.441860
93038  -25.087  41.327  -9.841 0.023256
93039  -25.140  40.648  -9.892 0.023256
93040  -24.525  40.976  -10.118 0.023256
93041  -24.039  40.576  -10.542 0.023256
93042  -23.759  40.180  -11.036 0.023256
93043  -23.537  39.831  -11.553 0.023256
93044  -23.403  40.473  -11.576 0.023256
94113  -43.335  42.149  -12.637 0.116279
94114  -42.884  41.916  -12.887 0.046512
94115  -42.824  42.605  -12.644 0.093023
94116  -42.272  43.014  -12.634 0.093023
94117  -41.682  43.406  -12.588 0.093023
94118  -34.079  48.405  -9.439 0.209302
94119  -34.146  47.496  -9.570 0.186047
94120  -33.486  47.918  -9.911 0.186047
94121  -33.002  47.493  -10.409 0.186047
94122  -32.516  46.998  -10.841 0.162791
94123  -32.068  46.403  -11.196 0.116279
94124  -32.048  47.390  -11.128 0.139535
94125  -31.600  47.844  -11.386 0.116279
94126  -31.140  48.307  -11.542 0.116279
94167  -39.029  42.828  5.766 0.023256
94168  -38.698  42.159  5.603 0.023256
94169  -39.010  42.598  5.204 0.023256
94170  -38.859  42.311  4.607 0.023256
94171  -38.602  41.948  3.984 0.023256
94172  -40.924  37.917  -2.184 0.162791
94173  -41.087  37.751  -1.612 0.162791
94174  -41.758  37.517  -1.998 0.162791
94175  -42.627  37.264  -1.851 0.139535
94176  -43.430  37.014  -1.691 0.116279
94177  -44.306  36.855  -1.619 0.116279
94178  -44.157  36.769  -2.077 0.139535
94179  -44.861  36.558  -2.476 0.162791
94180  -45.499  36.364  -2.862 0.162791
94181  -46.087  36.170  -3.284 0.162791
94182  -45.264  36.350  -3.365 0.186047
94183  -45.024  36.432  -3.865 0.186047
94184  -44.778  36.550  -4.388 0.186047
94185  -43.211  43.149  -10.551 0.372093
94186  -43.406  42.188  -10.519 0.395349
94187  -43.542  42.715  -10.959 0.372093
94188  -43.825  42.274  -11.406 0.348837
94189  -44.108  41.674  -11.727 0.302326
94190  -44.404  41.127  -12.103 0.255814
94191  -43.977  41.973  -12.056 0.302326
94192  -43.707  42.109  -12.425 0.162791
94923  -34.585  51.913  3.810 0.069767
94924  -34.319  52.091  3.243 0.069767
94925  -33.949  51.723  3.567 0.046512
94926  -33.385  51.461  3.269 0.046512
94927  -32.870  51.098  2.960 0.046512
94995  -34.664  49.614  5.750 0.069767
94996  -35.348  49.799  6.019 0.069767
94997  -34.961  50.019  5.478 0.093023
94998  -35.288  50.440  5.206 0.116279
94999  -35.614  50.814  4.913 0.139535
95000  -35.960  51.129  4.667 0.162791
95001  -35.200  51.129  4.512 0.139535
95002  -34.858  51.540  4.184 0.116279
96233  -36.352  37.127  -9.583 0.023256
96234  -36.582  36.393  -9.645 0.023256
96235  -35.907  36.666  -9.265 0.023256
96236  -35.383  36.225  -8.940 0.023256
98433  -41.970  46.170  -9.238 0.232558
98434  -41.977  46.378  -9.734 0.209302
98435  -41.800  46.710  -9.139 0.232558
98436  -41.499  47.277  -9.019 0.232558
98437  -41.079  47.862  -8.884 0.186047
98438  -39.546  50.575  -7.397 0.279070
98439  -39.724  49.966  -7.884 0.255814
98440  -39.031  50.464  -7.845 0.279070
98441  -38.445  50.208  -8.170 0.302326
98442  -37.781  49.877  -8.405 0.232558
98443  -37.039  49.514  -8.583 0.186047
98444  -36.938  50.206  -8.246 0.209302
98445  -36.128  50.636  -8.168 0.232558
98446  -35.460  51.224  -8.288 0.255814
98487  -38.162  45.440  2.769 0.209302
98488  -37.897  44.699  2.508 0.162791
98489  -37.782  45.016  2.093 0.209302
98490  -37.492  44.686  1.327 0.209302
98491  -37.256  44.302  0.558 0.209302
98492  -37.663  44.792  -2.620 0.372093
98493  -37.428  44.306  -2.119 0.325581
98494  -37.707  43.783  -2.812 0.302326
98495  -37.874  42.782  -2.873 0.279070
98496  -38.145  41.747  -2.841 0.255814
98497  -38.489  40.763  -2.763 0.255814
98498  -38.649  41.282  -3.360 0.279070
98499  -39.165  40.867  -3.845 0.279070
98500  -39.707  40.365  -4.286 0.255814
98501  -40.105  39.974  -4.717 0.232558
98502  -39.730  40.883  -4.841 0.255814
98503  -39.798  41.352  -5.344 0.279070
98504  -39.838  41.827  -5.865 0.325581
98505  -40.184  45.752  -6.368 0.372093
98506  -40.137  44.761  -6.593 0.348837
98507  -40.554  45.345  -6.923 0.348837
98508  -40.891  44.941  -7.514 0.302326
98509  -41.243  44.573  -8.132 0.325581
98510  -41.596  44.247  -8.663 0.325581
98511  -41.610  45.203  -8.466 0.372093
98512  -41.872  45.769  -8.804 0.348837
99243  -32.243  48.939  5.988 0.046512
99244  -31.765  49.163  5.520 0.046512
99245  -31.585  48.891  5.857 0.046512
99246  -30.985  48.746  5.702 0.023256
99247  -30.396  48.575  5.544 0.023256
99318  -33.180  48.825  8.737 0.023256
99319  -33.392  48.818  8.223 0.023256
99320  -33.620  48.829  7.700 0.046512
99321  -33.059  48.780  7.495 0.023256
99322  -32.681  48.776  6.656 0.046512
100553  -30.534  39.021  -8.346 0.023256
100554  -30.663  38.438  -7.959 0.023256
100555  -29.914  38.696  -8.130 0.023256
100556  -29.275  38.343  -7.990 0.023256
100557  -28.594  38.012  -7.917 0.023256
100558  -25.347  38.160  -9.379 0.023256
100559  -25.944  37.951  -8.922 0.023256
100560  -25.332  37.620  -9.085 0.023256
103784  -40.352  40.561  -12.641 0.023256
103785  -40.405  39.875  -12.674 0.023256
103786  -39.689  40.208  -12.280 0.023256
103787  -39.081  39.833  -11.939 0.046512
103788  -38.514  39.420  -11.575 0.046512
103789  -37.969  38.965  -11.191 0.046512
103790  -37.812  39.677  -11.296 0.046512
103791  -37.136  39.904  -11.040 0.046512
103792  -36.487  40.071  -10.776 0.023256
103793  -40.450  46.088  -11.108 0.116279
103794  -40.444  45.501  -11.535 0.046512
103795  -39.695  45.658  -11.227 0.069767
103796  -38.935  45.280  -11.297 0.093023
103797  -38.213  44.872  -11.285 0.093023
103798  -34.619  44.604  -10.488 0.162791
103799  -35.378  44.335  -10.573 0.139535
103800  -34.757  43.867  -10.632 0.139535
103801  -34.842  43.171  -10.701 0.139535
103802  -34.903  42.529  -10.756 0.116279
103803  -34.931  41.870  -10.694 0.116279
103804  -34.304  42.047  -10.576 0.116279
103805  -33.767  41.620  -10.340 0.116279
103806  -33.259  41.178  -9.968 0.093023
103807  -32.794  40.708  -9.569 0.069767
103808  -32.618  41.369  -9.964 0.069767
103809  -31.982  41.496  -10.087 0.069767
103810  -31.318  41.543  -10.320 0.069767
103811  -29.971  44.017  -11.901 0.093023
103812  -29.911  43.039  -11.878 0.069767
103813  -29.325  43.540  -11.522 0.046512
103814  -28.688  43.195  -11.068 0.046512
103815  -28.083  42.948  -10.596 0.023256
103816  -27.509  42.619  -10.141 0.023256
103817  -27.470  43.430  -10.156 0.023256
103818  -26.837  43.851  -9.766 0.023256
103819  -26.189  44.347  -9.568 0.023256
103955  -37.403  41.587  1.572 0.069767
103956  -37.673  41.405  1.986 0.046512
103957  -37.717  40.821  1.467 0.069767
103958  -38.217  40.142  1.378 0.046512
103959  -38.829  39.589  1.372 0.046512
103960  -42.179  38.118  0.516 0.046512
103961  -41.617  38.402  0.943 0.046512
103962  -42.580  38.391  1.045 0.023256
103973  -47.653  36.091  -1.336 0.023256
103986  -48.037  35.496  -4.722 0.069767
103987  -48.533  35.135  -4.576 0.023256
103988  -48.261  35.325  -5.026 0.046512
103989  -48.429  35.111  -5.328 0.046512
103990  -48.469  34.791  -5.599 0.023256
103991  -48.367  34.527  -5.777 0.023256
103992  -48.324  34.972  -6.072 0.023256
103993  -48.181  35.195  -6.502 0.023256
103994  -48.065  35.289  -6.910 0.023256
103995  -42.015  38.531  -6.267 0.255814
103996  -42.792  37.949  -6.021 0.255814
103997  -42.582  38.239  -6.707 0.255814
103998  -43.182  38.015  -7.063 0.232558
103999  -43.819  37.732  -7.388 0.255814
104000  -44.641  38.340  -10.131 0.325581
104001  -44.714  37.899  -9.422 0.302326
104002  -45.248  37.638  -9.725 0.279070
104003  -46.018  37.183  -9.263 0.209302
104004  -46.675  36.750  -8.878 0.139535
104005  -47.231  36.337  -8.561 0.139535
104006  -47.111  36.467  -9.162 0.116279
104007  -47.482  36.117  -9.469 0.116279
104008  -47.749  35.798  -9.703 0.116279
104009  -47.864  35.511  -9.913 0.093023
104010  -47.562  36.021  -10.286 0.116279
104011  -47.446  36.250  -10.915 0.116279
104012  -47.218  36.443  -11.493 0.069767
104013  -45.187  38.915  -13.305 0.093023
104014  -45.642  38.249  -13.141 0.093023
104015  -45.309  38.358  -13.463 0.069767
106209  -37.166  51.720  -0.209 0.418605
106210  -36.918  52.164  -0.778 0.372093
106211  -36.825  52.369  -0.196 0.302326
106212  -36.391  52.891  -0.200 0.209302
106213  -35.875  53.229  -0.238 0.116279
106214  -33.631  52.145  0.496 0.023256
106215  -33.951  52.542  0.135 0.046512
106217  -32.917  52.332  -0.716 0.046512
106218  -32.463  52.464  -1.188 0.046512
106219  -32.015  52.601  -1.575 0.046512
106220  -31.757  52.208  -1.329 0.023256
106223  -30.691  49.304  3.282 0.023256
106224  -31.063  49.482  2.883 0.023256
106225  -30.520  48.979  2.521 0.023256
106424  -38.767  44.757  6.933 0.023256
106425  -37.846  48.804  10.782 0.023256
106426  -38.348  48.154  10.641 0.023256
106427  -37.906  48.542  10.283 0.023256
106428  -37.979  48.341  9.803 0.023256
106429  -38.078  48.215  9.349 0.023256
106430  -38.176  49.952  7.034 0.093023
106431  -38.350  49.415  7.587 0.046512
106432  -38.658  49.346  7.092 0.069767
106433  -38.950  48.601  7.049 0.046512
106434  -39.090  47.839  6.904 0.046512
106435  -39.108  47.088  6.664 0.046512
106436  -39.273  47.601  6.311 0.046512
106437  -39.368  47.363  5.715 0.069767
106438  -39.383  47.077  5.099 0.069767
106439  -39.187  46.748  4.530 0.093023
106440  -39.180  47.525  4.721 0.116279
106441  -38.973  48.020  4.318 0.186047
106442  -38.752  48.507  3.860 0.209302
106443  -37.283  51.536  3.187 0.232558
106444  -37.704  50.813  3.164 0.209302
106445  -37.511  51.224  2.661 0.255814
106446  -37.633  50.887  2.135 0.255814
106447  -37.644  50.504  1.602 0.325581
106448  -37.615  50.155  1.012 0.348837
106449  -37.517  50.944  1.012 0.325581
106450  -37.341  51.336  0.369 0.418605
110219  -36.493  53.628  -2.670 0.209302
110220  -36.915  53.313  -3.309 0.279070
110221  -36.331  53.754  -3.254 0.232558
110222  -36.145  53.840  -3.863 0.209302
110223  -35.979  53.834  -4.491 0.255814
110224  -33.305  52.856  -6.356 0.069767
110225  -34.042  53.201  -6.135 0.139535
110226  -33.731  53.204  -6.875 0.116279
110227  -34.170  53.548  -7.421 0.139535
110228  -34.577  53.729  -7.822 0.209302
110229  -34.839  53.598  -8.306 0.209302
110230  -34.345  54.012  -8.516 0.162791
110231  -34.055  54.318  -9.205 0.139535
110232  -33.651  54.509  -9.894 0.139535
110241  -29.505  56.251  -10.671 0.023256
110242  -30.282  55.906  -10.783 0.023256
110243  -31.039  55.493  -10.897 0.046512
110244  -30.375  55.096  -11.180 0.046512
110245  -30.337  54.069  -11.348 0.046512
110246  -30.274  52.973  -11.412 0.069767
110247  -30.226  51.788  -11.380 0.069767
110248  -29.612  52.414  -11.282 0.069767
110249  -28.909  51.820  -11.032 0.069767
110250  -28.232  51.261  -10.747 0.023256
110255  -24.617  48.190  -10.096 0.023256
115599  -41.070  47.620  -6.876 0.302326
115600  -41.282  47.945  -7.374 0.325581
115601  -40.945  48.306  -6.849 0.395349
115602  -40.670  49.022  -6.824 0.325581
115603  -40.333  49.747  -6.851 0.348837
115604  -39.901  49.985  -5.873 0.418605
115605  -40.061  50.256  -6.352 0.302326
115606  -39.913  50.486  -6.877 0.325581
115607  -39.374  51.234  -6.926 0.325581
115608  -38.725  51.743  -6.894 0.348837
115609  -38.082  52.145  -6.835 0.348837
115641  -37.514  47.097  0.648 0.348837
115642  -37.431  46.356  0.424 0.325581
115643  -37.359  46.763  -0.153 0.348837
115644  -37.327  46.459  -0.910 0.372093
115645  -37.401  46.144  -1.644 0.372093
115646  -37.586  47.394  -2.013 0.348837
115647  -37.600  46.596  -2.221 0.372093
115648  -37.643  45.727  -2.429 0.395349
115649  -37.970  45.226  -3.151 0.395349
115650  -38.354  44.699  -3.833 0.395349
115651  -38.737  44.169  -4.414 0.348837
115652  -39.024  43.752  -4.900 0.348837
115653  -39.062  44.743  -4.840 0.395349
115654  -39.378  45.259  -5.182 0.441860
115655  -39.652  45.755  -5.517 0.395349
115656  -39.266  47.163  -4.838 0.465116
115657  -39.603  46.668  -5.318 0.488372
115658  -39.928  46.228  -5.834 0.441860
115659  -40.286  46.691  -6.140 0.441860
115660  -40.768  47.211  -6.476 0.348837
116229  -31.530  48.200  7.777 0.023256
116230  -31.080  48.099  7.052 0.023256
116231  -30.928  47.857  7.528 0.023256
117248  -27.720  39.903  -9.582 0.023256
117249  -27.822  39.310  -9.193 0.023256
117250  -27.147  39.574  -9.560 0.023256
117251  -26.544  39.317  -9.505 0.023256
117252  -25.944  39.027  -9.547 0.023256
117253  -25.231  39.994  -9.894 0.023256
117254  -25.298  39.320  -9.826 0.023256
117255  -25.340  38.705  -9.685 0.023256
117256  -24.792  38.379  -9.797 0.023256
117257  -24.263  38.036  -10.047 0.023256
117258  -23.806  37.660  -10.396 0.023256
117259  -23.374  37.276  -10.748 0.023256
117260  -23.458  37.870  -10.984 0.023256
117261  -23.217  38.107  -11.619 0.023256
117262  -23.052  38.312  -12.269 0.023256
117263  -23.419  39.444  -12.086 0.023256
117264  -23.255  38.902  -12.541 0.023256
119761  -41.789  40.616  -13.170 0.023256
119763  -41.721  41.316  -12.988 0.023256
119764  -41.061  40.934  -12.867 0.023256
119765  -40.289  41.228  -12.557 0.046512
119766  -39.590  41.573  -12.260 0.046512
119767  -38.837  41.860  -11.993 0.069767
119768  -37.299  46.905  -9.903 0.139535
119769  -37.392  46.317  -10.304 0.139535
119770  -36.580  46.551  -9.963 0.162791
119771  -35.840  46.157  -10.037 0.162791
119772  -35.192  45.756  -10.103 0.139535
119773  -34.260  46.692  -9.804 0.186047
119774  -34.412  45.996  -10.078 0.162791
119775  -34.525  45.313  -10.265 0.162791
119776  -33.887  44.826  -10.532 0.162791
119777  -33.319  44.307  -10.858 0.139535
119778  -32.817  43.843  -10.971 0.139535
119779  -32.318  43.327  -11.071 0.093023
119780  -32.244  43.990  -11.277 0.093023
119781  -31.714  44.171  -11.649 0.116279
119782  -31.169  44.401  -11.972 0.093023
119783  -31.615  45.945  -11.584 0.116279
119784  -31.135  45.335  -11.896 0.093023
119785  -30.601  44.663  -12.117 0.093023
119786  -30.048  45.085  -11.826 0.093023
119787  -29.505  45.541  -11.414 0.069767
119788  -28.944  46.043  -10.946 0.046512
119894  -38.463  39.383  -0.417 0.093023
119895  -38.703  39.233  0.079 0.069767
119896  -39.227  38.828  -0.349 0.069767
119897  -40.058  38.372  -0.274 0.093023
119898  -40.942  38.045  -0.151 0.093023
119899  -41.297  37.708  -1.067 0.116279
119900  -41.532  37.769  -0.511 0.116279
119901  -41.847  37.874  0.020 0.069767
119902  -42.782  37.837  0.084 0.069767
119903  -43.643  37.870  0.203 0.046512
119904  -44.460  37.795  0.318 0.023256
119906  -44.960  37.505  -0.118 0.023256
119907  -45.558  37.147  -0.498 0.023256
119908  -46.219  36.799  -0.854 0.023256
119909  -45.161  36.775  -1.479 0.116279
119910  -46.016  36.677  -1.344 0.093023
119911  -46.891  36.466  -1.295 0.069767
119916  -48.360  35.394  -3.082 0.023256
119917  -48.102  35.409  -3.509 0.023256
119918  -47.885  35.473  -3.930 0.023256
119919  -46.649  35.952  -3.680 0.139535
119920  -47.201  35.731  -4.026 0.116279
119921  -47.657  35.605  -4.381 0.069767
119922  -47.404  35.782  -4.827 0.093023
119923  -47.227  35.982  -5.252 0.116279
119924  -46.981  36.170  -5.725 0.139535
119925  -42.144  40.464  -8.698 0.279070
119926  -42.503  39.532  -8.533 0.302326
119927  -42.625  40.157  -9.059 0.325581
119928  -43.164  39.908  -9.500 0.325581
119929  -43.681  39.608  -9.954 0.325581
119930  -43.565  41.214  -10.533 0.348837
119931  -43.784  40.202  -10.470 0.325581
119932  -44.146  39.219  -10.363 0.325581
119933  -44.622  38.859  -10.771 0.302326
119934  -45.127  38.558  -11.092 0.279070
119935  -45.593  38.223  -11.363 0.232558
119936  -46.007  37.883  -11.618 0.209302
119937  -45.513  38.692  -11.951 0.232558
119938  -45.454  39.055  -12.368 0.232558
119939  -45.298  39.312  -12.748 0.186047
119940  -44.667  40.582  -12.508 0.209302
119941  -44.887  40.030  -12.830 0.186047
119942  -45.073  39.479  -13.139 0.186047
119943  -44.704  39.564  -13.377 0.139535
119944  -44.262  39.593  -13.594 0.069767
121647  -36.367  52.753  2.048 0.232558
121648  -36.161  52.954  1.404 0.139535
121649  -35.720  52.950  1.930 0.139535
121650  -35.029  52.778  1.775 0.093023
121651  -34.404  52.517  1.477 0.046512
121652  -34.136  52.171  2.553 0.046512
121653  -33.985  52.199  1.855 0.046512
121654  -33.833  52.131  1.168 0.046512
121655  -33.259  51.686  0.847 0.023256
121656  -32.662  51.242  0.521 0.023256
121814  -37.976  45.036  8.887 0.023256
121816  -36.820  49.475  8.755 0.023256
121817  -36.424  49.595  8.127 0.023256
121818  -36.736  49.775  7.690 0.023256
121819  -37.074  49.963  7.241 0.069767
121820  -36.082  50.009  6.318 0.046512
121821  -36.802  50.194  6.617 0.069767
121822  -37.494  50.254  6.857 0.069767
121823  -37.875  50.330  6.502 0.093023
121824  -38.220  50.401  6.155 0.116279
121825  -38.410  50.268  5.701 0.162791
121826  -38.552  50.030  5.166 0.186047
121827  -38.026  50.604  5.196 0.162791
121828  -37.676  50.962  4.652 0.162791
121829  -37.355  51.268  4.125 0.186047
121830  -36.310  51.449  4.391 0.186047
121831  -36.623  51.621  4.056 0.209302
121832  -36.997  51.632  3.643 0.209302
121833  -36.679  52.056  3.185 0.255814
121834  -36.496  52.543  2.722 0.232558
124703  -38.917  36.254  -11.287 0.023256
124705  -38.591  35.741  -10.939 0.023256
124708  -36.818  35.673  -9.767 0.023256
124766  -33.488  53.743  -2.900 0.116279
124767  -34.044  53.848  -3.484 0.116279
124768  -33.341  53.439  -3.650 0.069767
124769  -33.215  53.092  -4.377 0.093023
124770  -33.087  52.767  -5.070 0.069767
124771  -31.880  52.083  -4.659 0.023256
124772  -32.402  52.275  -5.176 0.023256
124773  -32.866  52.506  -5.761 0.069767
124774  -32.531  52.578  -6.475 0.046512
124775  -32.200  53.076  -7.148 0.023256
124776  -31.846  53.742  -7.720 0.023256
124787  -27.394  54.363  -11.008 0.023256
124788  -27.453  53.437  -10.917 0.023256
129723  -42.944  44.683  -11.387 0.162791
129724  -42.644  44.685  -11.753 0.116279
129725  -42.572  45.248  -11.314 0.116279
129726  -42.066  45.733  -11.189 0.139535
129727  -41.561  46.100  -11.029 0.139535
129728  -41.800  46.567  -10.123 0.162791
129729  -41.472  46.593  -10.487 0.139535
129730  -41.026  46.399  -10.849 0.139535
129731  -40.423  46.628  -10.652 0.162791
129732  -39.644  46.785  -10.396 0.093023
129733  -38.865  46.991  -10.107 0.116279
129734  -41.207  48.210  -7.914 0.279070
129735  -40.938  48.302  -8.394 0.232558
129736  -40.564  48.272  -8.795 0.186047
129737  -39.903  49.324  -8.316 0.302326
129738  -40.002  48.713  -8.737 0.209302
129739  -40.119  48.173  -9.175 0.186047
129740  -39.513  47.883  -9.506 0.232558
129741  -38.849  47.566  -9.734 0.139535
129742  -38.033  47.232  -9.804 0.116279
129743  -37.157  47.491  -9.554 0.139535
129744  -36.336  47.837  -9.294 0.162791
129745  -35.494  48.251  -9.116 0.139535
129746  -36.200  49.286  -8.711 0.162791
129747  -35.416  49.029  -8.847 0.162791
129748  -34.707  48.727  -9.073 0.186047
129749  -34.085  49.240  -9.334 0.186047
129750  -33.639  49.735  -9.830 0.186047
129751  -33.289  50.212  -10.300 0.186047
129837  -38.834  44.370  4.140 0.046512
129838  -38.635  43.670  3.906 0.023256
129839  -38.354  43.931  3.532 0.046512
129840  -37.967  43.455  2.982 0.093023
129841  -37.619  42.938  2.381 0.093023
129842  -37.663  43.970  2.253 0.116279
129843  -37.471  43.210  2.000 0.116279
129844  -37.352  42.397  1.754 0.069767
129845  -37.287  41.800  1.159 0.069767
129846  -37.270  41.226  0.577 0.069767
129847  -37.469  40.661  0.023 0.116279
129848  -37.379  45.604  0.181 0.325581
129849  -37.209  44.772  0.001 0.325581
129850  -37.110  43.895  -0.201 0.232558
129851  -37.258  43.865  -1.536 0.279070
129852  -37.146  43.410  -0.956 0.255814
129853  -37.072  42.903  -0.351 0.139535
129854  -37.129  41.886  -0.463 0.139535
129855  -37.324  40.930  -0.538 0.116279
129856  -37.746  40.044  -0.511 0.116279
129857  -38.305  39.630  -1.019 0.116279
129858  -38.911  39.179  -1.517 0.162791
129859  -39.526  38.789  -1.948 0.162791
129860  -38.881  39.914  -2.673 0.209302
129861  -39.466  39.081  -2.518 0.162791
129862  -40.151  38.451  -2.368 0.162791
129863  -40.778  38.084  -2.772 0.162791
129864  -41.460  37.774  -3.144 0.186047
129865  -42.159  37.395  -3.502 0.209302
129866  -42.756  37.209  -3.850 0.186047
129867  -42.002  37.728  -4.064 0.209302
129868  -41.890  38.085  -4.624 0.232558
129869  -41.715  38.485  -5.231 0.232558
129870  -40.585  39.609  -5.085 0.279070
129871  -41.035  39.208  -5.471 0.255814
129872  -41.524  38.856  -5.853 0.255814
129873  -41.371  39.232  -6.469 0.279070
129874  -41.398  39.638  -7.121 0.279070
129875  -41.466  40.128  -7.732 0.302326
129876  -39.325  43.325  -5.403 0.348837
129877  -39.594  42.811  -5.903 0.325581
129878  -39.903  42.323  -6.383 0.325581
129879  -40.083  43.772  -6.847 0.325581
129880  -40.108  42.839  -6.880 0.325581
129881  -40.286  41.869  -6.873 0.325581
129882  -40.729  41.384  -7.374 0.325581
129883  -41.180  40.989  -7.824 0.302326
129884  -41.665  40.724  -8.253 0.279070
129885  -41.858  41.346  -8.735 0.279070
129886  -42.109  42.056  -9.253 0.325581
129887  -42.468  42.780  -9.716 0.372093
129888  -41.976  43.964  -9.146 0.372093
129889  -42.366  43.689  -9.675 0.395349
129890  -42.798  43.422  -10.164 0.395349
129891  -42.987  43.987  -10.568 0.325581
129892  -43.015  44.386  -11.021 0.279070
131433  -33.241  50.280  4.748 0.069767
131434  -32.943  50.568  4.370 0.046512
131435  -32.587  50.215  4.641 0.069767
131436  -31.873  50.168  4.530 0.046512
131437  -31.360  49.848  4.283 0.046512
131438  -31.384  49.397  5.129 0.046512
131439  -31.076  49.516  4.647 0.023256
131440  -30.847  49.505  3.997 0.023256
131441  -30.351  49.102  3.690 0.023256
131442  -29.849  48.670  3.388 0.023256
131443  -29.258  48.326  3.095 0.023256
131444  -30.607  48.117  6.400 0.023256
131445  -30.169  48.247  5.885 0.023256
131446  -29.798  48.459  5.424 0.023256
131449  -29.549  48.603  4.954 0.023256
131578  -38.175  47.561  12.297 0.023256
131579  -38.145  48.348  11.788 0.023256
131580  -37.547  49.145  12.545 0.023256
131581  -37.679  49.099  11.957 0.023256
131582  -37.757  48.972  11.322 0.023256
131583  -37.282  49.300  10.876 0.023256
131584  -36.804  49.461  10.341 0.023256
131596  -35.112  49.206  7.588 0.023256
131597  -34.723  49.176  6.834 0.046512
131598  -33.848  48.885  7.116 0.046512
131599  -34.099  49.042  6.578 0.069767
131600  -34.379  49.302  6.125 0.069767
131601  -33.989  49.529  5.546 0.069767
131602  -33.566  49.870  5.080 0.093023
134198  -33.543  38.092  -8.443 0.023256
134199  -33.712  37.416  -8.232 0.023256
134200  -32.954  37.678  -8.023 0.023256
134201  -32.314  37.251  -7.744 0.023256
134202  -31.667  36.896  -7.539 0.023256
134209  -27.865  38.801  -8.735 0.023256
134210  -27.903  38.270  -8.275 0.023256
134212  -26.627  37.630  -8.411 0.023256
134237  -22.865  36.924  -11.099 0.023256
134239  -21.911  36.226  -11.797 0.023256
134240  -21.953  37.023  -12.810 0.023256
134241  -21.677  36.465  -12.508 0.023256
134242  -21.383  35.945  -12.176 0.023256
140909  -40.469  39.217  -12.718 0.023256
140914  -39.255  36.716  -11.648 0.023256
140915  -38.641  36.930  -11.154 0.023256
140916  -38.025  37.123  -10.728 0.023256
140917  -37.396  37.324  -10.309 0.023256
140918  -37.552  38.496  -10.794 0.023256
140919  -37.169  38.018  -10.362 0.023256
140920  -36.747  37.539  -9.918 0.023256
140921  -36.092  37.809  -9.568 0.023256
140922  -35.456  38.056  -9.319 0.023256
140923  -34.784  38.291  -9.088 0.023256
140924  -42.220  44.495  -12.124 0.116279
140925  -41.656  44.155  -12.371 0.093023
140926  -40.990  43.756  -12.423 0.093023
140927  -40.409  44.833  -11.909 0.069767
140928  -40.301  44.049  -12.200 0.069767
140929  -40.290  43.288  -12.352 0.046512
140930  -39.565  42.886  -12.192 0.046512
140931  -38.786  42.486  -11.989 0.093023
140932  -38.093  42.088  -11.716 0.069767
140933  -37.454  45.724  -10.717 0.116279
140934  -37.467  45.097  -10.977 0.139535
140935  -37.447  44.418  -11.225 0.116279
140936  -36.083  44.106  -10.781 0.139535
140937  -36.736  43.880  -11.061 0.093023
140938  -37.410  43.652  -11.349 0.093023
140939  -37.390  42.947  -11.387 0.069767
140940  -37.370  42.277  -11.403 0.069767
140941  -37.446  41.661  -11.463 0.046512
140942  -36.842  41.200  -11.254 0.069767
140943  -36.309  40.733  -10.982 0.046512
140944  -35.862  40.258  -10.562 0.046512
140945  -35.006  41.175  -10.609 0.046512
140946  -35.215  40.447  -10.382 0.046512
140947  -35.438  39.789  -10.114 0.023256
140948  -35.015  39.359  -9.704 0.046512
140949  -34.585  38.936  -9.298 0.023256
140950  -34.078  38.519  -8.864 0.023256
140951  -33.379  38.692  -8.666 0.046512
140952  -32.638  38.940  -8.507 0.046512
140953  -31.888  39.169  -8.468 0.046512
140954  -32.280  40.225  -9.250 0.069767
140955  -31.719  39.775  -8.904 0.023256
140956  -31.131  39.369  -8.570 0.023256
140957  -30.395  39.586  -8.753 0.023256
140958  -29.699  39.761  -9.050 0.023256
140959  -29.010  39.933  -9.419 0.023256
140960  -31.753  42.789  -11.053 0.069767
140961  -31.206  42.131  -10.883 0.069767
140962  -30.670  41.531  -10.729 0.069767
140963  -29.924  42.257  -11.577 0.046512
140964  -30.002  41.608  -11.077 0.023256
140965  -30.101  41.016  -10.516 0.023256
140966  -29.544  40.700  -10.197 0.023256
140967  -28.943  40.406  -9.967 0.023256
140968  -28.323  40.140  -9.780 0.023256
140969  -27.647  40.505  -9.902 0.023256
140970  -27.027  40.883  -9.842 0.023256
140971  -26.363  41.269  -9.749 0.023256
140972  -26.911  42.285  -9.836 0.023256
140973  -26.254  41.996  -9.669 0.023256
140974  -25.666  41.657  -9.678 0.023256
140975  -25.001  42.018  -9.734 0.023256
140976  -24.343  42.318  -9.894 0.023256
141254  -38.559  42.978  3.724 0.023256
141255  -38.402  42.240  3.534 0.023256
141256  -38.340  41.549  3.381 0.023256
141257  -37.944  41.219  2.396 0.046512
141258  -38.186  41.093  2.827 0.023256
141259  -38.472  40.865  3.303 0.023256
141260  -38.811  40.204  3.286 0.023256
141261  -39.307  39.630  3.313 0.023256
141263  -38.961  39.171  0.543 0.069767
141264  -39.200  39.162  1.009 0.046512
141265  -39.539  39.220  1.452 0.046512
141266  -41.033  38.719  1.288 0.023256
141267  -40.422  39.048  1.559 0.023256
141268  -39.940  39.295  1.951 0.023256
141269  -40.290  39.233  2.534 0.023256
141336  -43.375  37.005  -4.197 0.186047
141337  -43.973  36.864  -4.541 0.186047
141338  -44.564  36.759  -4.893 0.186047
141339  -43.596  37.464  -5.724 0.255814
141340  -44.344  37.022  -5.417 0.232558
141341  -45.181  36.639  -5.214 0.162791
141342  -45.713  36.572  -5.549 0.162791
141343  -46.239  36.475  -5.892 0.139535
141344  -46.802  36.299  -6.249 0.116279
141345  -43.023  38.692  -8.335 0.302326
141346  -43.690  38.011  -8.057 0.279070
141347  -44.421  37.516  -7.690 0.255814
141348  -44.845  37.556  -8.707 0.279070
141349  -44.998  37.358  -7.981 0.255814
141350  -45.090  37.180  -7.326 0.255814
141351  -45.855  36.873  -6.997 0.209302
141352  -46.563  36.516  -6.754 0.139535
141353  -47.174  36.180  -6.549 0.116279
141354  -47.500  36.022  -6.841 0.116279
141355  -47.797  35.700  -7.136 0.093023
141356  -47.950  35.362  -7.398 0.093023
141357  -47.650  35.921  -8.270 0.139535
141358  -47.912  35.480  -7.965 0.093023
141359  -48.015  35.010  -7.670 0.023256
141361  -47.609  34.482  -7.969 0.023256
141362  -47.273  34.273  -8.028 0.023256
141372  -46.373  37.481  -11.764 0.209302
141373  -46.668  37.051  -11.905 0.093023
141374  -46.952  36.633  -12.052 0.046512
141375  -46.094  37.531  -12.837 0.093023
141376  -46.652  36.753  -12.509 0.023256
145827  -37.728  50.354  -2.808 0.418605
145828  -37.904  50.828  -3.162 0.395349
145829  -37.526  51.171  -2.610 0.395349
145830  -37.280  51.981  -2.413 0.418605
145831  -36.953  52.728  -2.312 0.325581
145832  -36.739  52.614  -1.298 0.279070
145833  -36.637  53.015  -1.782 0.302326
145834  -36.547  53.331  -2.171 0.209302
145835  -36.046  53.716  -2.077 0.186047
145836  -35.409  53.891  -2.089 0.186047
145837  -34.545  53.983  -2.225 0.093023
145838  -35.910  53.094  0.762 0.093023
145839  -35.576  53.191  0.197 0.069767
145840  -35.269  53.344  -0.367 0.093023
145841  -34.250  52.891  -0.183 0.069767
145842  -34.586  53.195  -0.526 0.093023
145843  -34.921  53.498  -0.856 0.116279
145844  -34.545  53.688  -1.351 0.093023
145845  -34.109  53.787  -1.819 0.093023
145846  -33.785  53.786  -2.307 0.093023
145847  -33.049  53.489  -2.503 0.069767
145848  -32.366  53.113  -2.735 0.023256
145850  -31.610  52.673  -2.014 0.023256
145856  -32.699  50.760  3.924 0.046512
145857  -32.496  50.766  3.299 0.046512
145858  -32.348  50.608  2.616 0.046512
145859  -31.441  49.743  2.526 0.023256
145860  -31.832  50.040  2.190 0.046512
145861  -32.173  50.357  1.856 0.023256
145862  -32.026  50.282  1.200 0.023256
146259  -39.260  43.407  5.850 0.023256
146260  -39.367  43.848  5.424 0.023256
146261  -39.270  44.287  5.006 0.023256
146263  -38.073  46.069  11.382 0.023256
146264  -38.098  46.017  10.782 0.023256
146265  -38.547  47.425  10.515 0.023256
146266  -38.432  46.647  10.368 0.023256
146267  -38.106  45.932  10.167 0.023256
146268  -38.069  45.804  9.613 0.023256
146269  -38.104  45.690  9.065 0.023256
146270  -38.158  45.587  8.581 0.023256
146271  -37.404  49.209  8.905 0.023256
146272  -37.862  48.709  8.926 0.023256
146273  -38.182  48.106  8.856 0.023256
146274  -38.389  48.706  8.031 0.046512
146275  -38.394  48.075  8.389 0.023256
146276  -38.359  47.451  8.720 0.023256
146277  -38.370  46.809  8.512 0.023256
146278  -38.336  46.150  8.281 0.023256
146279  -38.303  45.518  8.085 0.023256
146280  -38.474  45.411  7.547 0.023256
146281  -38.683  45.319  7.045 0.023256
146282  -38.923  45.222  6.581 0.023256
146283  -39.084  46.410  6.422 0.023256
146284  -39.072  45.763  6.226 0.023256
146285  -39.166  45.069  6.129 0.023256
146286  -39.283  44.974  5.644 0.023256
146287  -39.280  44.878  5.145 0.023256
146288  -39.146  44.674  4.640 0.046512
146289  -38.964  44.942  4.261 0.069767
146290  -38.819  45.190  3.870 0.093023
146291  -38.682  45.488  3.562 0.162791
146292  -38.961  46.385  4.042 0.116279
146293  -38.676  46.063  3.647 0.162791
146294  -38.445  45.772  3.218 0.209302
146295  -38.282  46.097  2.804 0.186047
146296  -38.163  46.457  2.288 0.255814
146297  -37.963  46.913  1.763 0.279070
146298  -38.721  49.719  4.619 0.186047
146299  -38.659  49.347  4.028 0.186047
146300  -38.487  48.973  3.406 0.209302
146301  -37.997  50.111  3.103 0.209302
146302  -38.188  49.358  2.978 0.232558
146303  -38.259  48.537  2.776 0.255814
146304  -38.070  48.084  2.258 0.279070
146305  -37.918  47.688  1.809 0.279070
146306  -37.750  47.353  1.269 0.325581
146307  -37.590  47.806  0.745 0.372093
146308  -37.502  48.285  0.231 0.348837
146309  -37.514  48.793  -0.298 0.395349
146310  -37.547  49.840  0.435 0.372093
146311  -37.508  49.565  -0.252 0.372093
146312  -37.507  49.274  -0.946 0.418605
146313  -37.490  49.712  -1.622 0.418605
146314  -37.585  50.012  -2.246 0.418605
153742  -33.899  36.738  -8.188 0.023256
153877  -38.164  51.155  -3.685 0.441860
153878  -38.356  51.590  -4.204 0.395349
153879  -38.450  52.076  -4.676 0.302326
153880  -37.373  53.015  -3.965 0.325581
153881  -37.869  52.716  -4.585 0.279070
153882  -38.339  52.510  -5.213 0.302326
153883  -38.113  52.611  -5.727 0.302326
153884  -37.781  52.607  -6.213 0.372093
153885  -37.406  52.543  -6.676 0.348837
153886  -34.599  53.907  -4.065 0.162791
153887  -35.167  53.906  -4.576 0.209302
153888  -35.734  53.736  -5.134 0.232558
153889  -34.740  53.500  -5.923 0.186047
153890  -35.423  53.643  -5.767 0.255814
153891  -36.152  53.512  -5.629 0.279070
153892  -36.466  53.219  -6.145 0.325581
153893  -36.733  52.875  -6.565 0.372093
153894  -36.809  52.256  -7.075 0.302326
153895  -36.172  52.034  -7.526 0.255814
153896  -35.616  51.918  -8.085 0.232558
153897  -35.067  51.840  -8.639 0.209302
153898  -34.931  53.159  -8.786 0.186047
153899  -34.796  52.516  -9.053 0.186047
153900  -34.554  51.728  -9.265 0.186047
153901  -34.065  51.558  -9.863 0.232558
153902  -33.582  51.269  -10.384 0.232558
153903  -33.009  50.834  -10.742 0.186047
153911  -30.877  54.037  -7.712 0.023256
153912  -31.510  54.605  -8.128 0.023256
153920  -31.132  55.451  -8.587 0.046512
153921  -32.034  55.044  -8.611 0.046512
153922  -32.531  55.254  -9.192 0.093023
153923  -32.929  55.081  -9.864 0.069767
153924  -33.084  54.495  -10.437 0.139535
153925  -31.768  54.956  -10.958 0.069767
153926  -32.454  54.327  -10.939 0.139535
153927  -33.031  53.664  -10.845 0.139535
153928  -32.793  52.566  -11.065 0.139535
153929  -32.587  51.380  -11.162 0.139535
153930  -32.385  50.348  -11.098 0.162791
153931  -31.763  49.934  -11.373 0.186047
153932  -31.193  49.442  -11.526 0.139535
153933  -30.660  48.934  -11.537 0.116279
153934  -30.193  50.686  -11.381 0.093023
153935  -30.164  49.560  -11.388 0.093023
153936  -30.137  48.416  -11.422 0.116279
153937  -29.581  47.878  -11.183 0.093023
153938  -28.979  47.254  -10.848 0.046512
153939  -28.340  46.739  -10.455 0.046512
153940  -27.478  52.514  -10.752 0.023256
153941  -27.529  51.559  -10.600 0.023256
153942  -27.558  50.622  -10.483 0.023256
153943  -26.010  50.395  -10.280 0.023256
153944  -26.808  50.054  -10.259 0.023256
153945  -27.599  49.600  -10.314 0.023256
153946  -27.637  48.504  -10.228 0.023256
153947  -27.663  47.405  -10.092 0.023256
153948  -27.647  46.234  -10.077 0.023256
153949  -26.909  45.780  -9.738 0.023256
153950  -26.172  45.317  -9.575 0.023256
153951  -25.445  44.818  -9.535 0.023256
153954  -24.772  44.397  -9.582 0.023256

