#!ascii label, from subject fsaverage, vox2ras=TkReg
1938
24  -38.056  50.015  -3.407 0.093023
121  -48.826  30.095  -1.170 0.023256
255  -43.046  44.135  -11.769 0.116279
265  -39.025  44.027  4.493 0.232558
266  -44.462  34.844  5.623 0.069767
267  -42.946  37.002  -3.284 0.511628
525  -42.822  26.629  12.559 0.023256
735  -41.422  47.220  -7.398 0.232558
736  -38.132  46.654  -10.203 0.023256
737  -37.494  51.859  -7.162 0.023256
745  -37.759  46.626  1.181 0.209302
746  -37.991  39.880  0.031 0.465116
747  -38.835  43.191  -4.451 0.465116
748  -42.008  39.846  -8.152 0.441860
1157  -36.470  30.627  12.870 0.046512
1158  -49.395  32.541  1.269 0.116279
1159  -50.090  31.834  6.698 0.069767
1164  -42.513  29.755  0.776 0.023256
1611  -43.782  38.838  -13.893 0.046512
1629  -36.921  40.433  7.371 0.023256
1630  -37.799  34.940  7.610 0.046512
1631  -39.982  38.821  3.852 0.139535
1632  -44.751  37.742  0.872 0.232558
1633  -49.155  34.788  -2.689 0.162791
1634  -47.340  32.623  -3.797 0.023256
1635  -47.397  36.030  -6.062 0.069767
1636  -46.164  37.497  -10.946 0.255814
1863  -36.756  52.629  1.520 0.046512
1864  -34.253  53.962  -2.749 0.023256
1881  -38.102  44.979  8.417 0.023256
1882  -38.918  49.581  5.644 0.069767
2220  -42.786  31.870  9.507 0.023256
2655  -39.769  48.744  -5.365 0.116279
2656  -40.162  49.919  -7.364 0.069767
2657  -38.912  51.858  -5.340 0.069767
2665  -37.512  48.538  -0.993 0.162791
2666  -37.408  45.256  -1.920 0.325581
2667  -38.656  47.072  -3.996 0.162791
2668  -39.893  45.274  -6.021 0.302326
3076  -36.009  31.154  15.534 0.023256
3077  -34.636  32.701  12.580 0.046512
3078  -50.545  31.264  -0.510 0.069767
3079  -51.244  30.596  1.994 0.046512
3080  -50.025  29.274  0.924 0.023256
3082  -46.853  28.955  0.899 0.023256
3084  -45.591  29.898  -0.398 0.023256
3645  -43.480  41.486  -12.948 0.116279
3675  -38.666  42.340  6.117 0.093023
3676  -37.976  39.691  5.503 0.093023
3677  -38.487  41.248  3.860 0.232558
3678  -40.222  38.228  -1.774 0.534884
3679  -41.284  38.199  0.422 0.395349
3680  -43.684  37.170  -1.207 0.372093
3681  -47.013  36.539  -0.815 0.232558
3682  -46.372  36.238  -2.790 0.162791
3683  -48.250  35.294  -4.263 0.139535
3684  -45.387  36.438  -4.743 0.395349
3685  -42.952  42.511  -10.111 0.395349
3686  -44.129  38.641  -9.750 0.372093
3687  -44.444  40.761  -11.746 0.279070
3688  -45.469  38.752  -13.009 0.232558
4133  -37.059  42.597  9.960 0.023256
4138  -37.575  51.123  3.659 0.023256
4912  -46.419  25.164  13.036 0.023256
4913  -41.116  35.061  6.587 0.093023
4914  -39.788  33.066  8.671 0.046512
4915  -43.672  33.514  7.827 0.069767
4917  -49.651  30.592  8.655 0.023256
4935  -46.833  33.510  -5.356 0.023256
4936  -44.436  32.223  -2.992 0.023256
5931  -42.201  45.771  -9.807 0.186047
5932  -41.100  45.873  -11.374 0.023256
5933  -40.690  47.822  -9.336 0.023256
5934  -37.890  49.226  -8.814 0.023256
5949  -38.309  45.155  3.120 0.232558
5950  -37.555  42.172  2.153 0.418605
5951  -37.124  43.447  0.332 0.372093
5952  -37.930  41.239  -2.269 0.465116
5953  -40.149  39.497  -4.135 0.604651
5954  -42.221  38.182  -5.627 0.534884
5955  -40.215  41.344  -6.344 0.465116
5956  -41.201  43.586  -8.316 0.395349
6691  -39.430  28.725  12.886 0.023256
6692  -46.821  33.364  3.366 0.069767
6693  -47.226  33.259  6.674 0.046512
6694  -49.915  31.982  4.127 0.046512
6695  -51.850  30.401  4.511 0.023256
7642  -35.068  35.158  9.376 0.046512
7643  -36.616  37.581  6.896 0.023256
7644  -38.980  37.000  5.487 0.093023
7645  -42.048  36.687  4.485 0.093023
7646  -39.135  39.575  1.801 0.348837
7647  -42.525  38.543  2.625 0.186047
7648  -44.490  35.834  2.788 0.162791
7649  -47.058  35.086  0.863 0.162791
7650  -49.449  33.931  -0.986 0.116279
7651  -49.876  32.326  -2.363 0.046512
7652  -47.945  31.286  -2.493 0.023256
7653  -49.291  33.463  -3.744 0.023256
7656  -44.515  37.345  -7.031 0.418605
7657  -46.808  36.587  -8.276 0.139535
7658  -47.934  35.357  -9.400 0.023256
7659  -47.517  36.065  -11.619 0.069767
7660  -46.049  36.283  -13.371 0.023256
8211  -37.198  51.420  -0.870 0.069767
8212  -36.930  53.085  -2.709 0.046512
8213  -35.586  53.488  -0.734 0.046512
8260  -37.977  42.656  7.838 0.023256
8261  -39.050  44.628  6.500 0.116279
8263  -38.909  47.241  7.210 0.046512
8264  -39.364  46.383  4.850 0.139535
8265  -38.558  48.105  3.301 0.093023
8266  -37.739  49.718  1.523 0.093023
9222  -36.515  32.722  10.213 0.046512
9223  -39.150  31.236  10.799 0.046512
9224  -42.647  29.310  11.155 0.023256
9225  -46.672  32.306  8.505 0.046512
9226  -46.219  30.061  10.031 0.023256
9227  -46.246  27.154  10.997 0.023256
9228  -49.202  25.701  11.707 0.023256
9249  -44.737  30.841  -1.665 0.023256
9250  -41.933  30.606  -0.642 0.023256
10335  -38.859  49.354  -4.483 0.046512
10336  -39.499  50.357  -5.439 0.069767
10337  -38.665  50.818  -4.368 0.093023
10345  -37.713  49.306  -2.312 0.116279
10346  -37.886  47.790  -2.596 0.186047
10347  -38.462  48.507  -3.695 0.116279
10348  -39.157  47.887  -4.666 0.116279
10756  -34.723  33.005  14.026 0.023256
10757  -34.291  34.087  12.376 0.023256
10758  -50.094  30.594  -1.012 0.023256
10759  -50.526  30.154  0.081 0.023256
10760  -49.506  29.575  -0.176 0.023256
10761  -48.546  28.925  0.805 0.023256
10762  -47.931  29.361  -0.175 0.023256
10763  -46.209  29.382  0.264 0.023256
10764  -47.294  29.887  -0.926 0.023256
11325  -43.252  42.812  -12.367 0.093023
11326  -42.262  42.284  -12.802 0.069767
11327  -42.289  43.786  -12.478 0.069767
11355  -39.259  43.275  5.340 0.139535
11356  -38.713  41.847  5.089 0.162791
11357  -38.775  42.655  4.143 0.209302
11358  -41.583  37.613  -2.554 0.534884
11359  -41.983  37.499  -1.513 0.418605
11360  -43.298  36.972  -2.191 0.418605
11361  -45.009  36.624  -2.003 0.348837
11362  -44.665  36.474  -2.973 0.395349
11363  -45.855  36.172  -3.771 0.348837
11364  -44.203  36.688  -4.005 0.418605
11365  -43.307  43.610  -10.974 0.255814
11366  -43.756  41.763  -10.968 0.395349
11367  -43.766  42.526  -11.729 0.255814
11368  -44.181  41.374  -12.496 0.186047
12588  -41.312  26.610  13.557 0.023256
12589  -41.600  25.804  14.599 0.023256
12590  -43.096  25.716  13.583 0.023256
12591  -44.871  25.001  13.944 0.023256
12592  -44.656  25.811  12.722 0.023256
12593  -42.776  35.029  6.086 0.093023
12594  -42.321  34.177  7.282 0.069767
12595  -44.117  34.308  6.849 0.069767
12616  -45.521  33.374  -5.015 0.023256
13725  -41.776  46.545  -8.602 0.209302
13726  -41.651  46.868  -9.585 0.093023
13727  -41.375  47.765  -8.456 0.069767
13728  -38.903  51.100  -7.371 0.046512
13729  -39.185  49.790  -8.278 0.023256
13755  -38.014  45.749  2.294 0.209302
13756  -37.563  44.305  1.811 0.302326
13757  -37.439  45.110  0.784 0.255814
13758  -38.000  44.252  -3.297 0.418605
13759  -37.492  43.321  -2.236 0.488372
13760  -38.363  42.315  -3.431 0.488372
13761  -39.013  40.374  -3.248 0.511628
13762  -39.311  41.360  -4.445 0.488372
13763  -40.088  40.436  -5.270 0.581395
13764  -39.455  42.343  -5.400 0.488372
13765  -40.648  46.317  -6.692 0.279070
13766  -40.482  44.348  -7.186 0.395349
13767  -41.324  45.530  -7.887 0.325581
13768  -41.949  44.881  -8.981 0.279070
14988  -35.911  30.682  14.124 0.046512
14989  -36.669  30.202  15.493 0.023256
14990  -36.963  29.859  14.100 0.023256
14991  -38.297  28.805  13.947 0.023256
14992  -37.926  29.816  12.927 0.023256
14993  -48.215  32.925  2.276 0.093023
14994  -48.343  32.680  3.883 0.046512
14995  -49.675  32.087  2.746 0.046512
14996  -51.327  29.618  2.487 0.023256
15010  -43.103  29.375  1.370 0.023256
15012  -41.671  29.276  1.956 0.023256
16695  -43.812  37.326  -14.100 0.046512
16696  -42.669  36.621  -14.085 0.023256
16697  -42.520  38.064  -13.824 0.023256
16703  -39.711  46.264  -10.827 0.023256
16786  -35.861  37.763  7.909 0.023256
16787  -36.635  39.128  7.092 0.023256
16788  -38.850  39.213  4.624 0.093023
16789  -38.268  38.276  5.444 0.093023
16790  -39.646  37.981  4.805 0.116279
16791  -40.632  36.835  5.085 0.093023
16792  -41.120  37.767  4.156 0.093023
16793  -37.497  40.998  1.038 0.465116
16794  -37.994  40.650  1.864 0.395349
16795  -38.485  39.631  0.918 0.418605
16796  -43.095  38.116  0.598 0.325581
16797  -42.017  38.641  1.472 0.348837
16798  -43.728  38.257  1.842 0.186047
16799  -43.648  37.262  2.816 0.162791
16800  -44.739  36.907  1.986 0.186047
16801  -45.654  35.362  1.880 0.139535
16802  -45.916  36.557  1.058 0.186047
16803  -48.187  35.707  -1.799 0.162791
16804  -48.372  35.525  -0.911 0.186047
16805  -49.349  34.501  -1.925 0.162791
16806  -50.031  33.134  -1.827 0.069767
16807  -49.808  33.555  -2.618 0.046512
16810  -47.782  35.676  -5.155 0.069767
16811  -48.653  34.894  -4.852 0.046512
16812  -48.232  35.217  -5.812 0.023256
16814  -47.916  35.632  -6.677 0.069767
16815  -41.913  38.881  -6.914 0.488372
16816  -43.364  37.755  -6.395 0.441860
16817  -43.063  38.230  -7.739 0.465116
16818  -45.170  38.033  -10.424 0.395349
16819  -45.427  37.394  -9.022 0.348837
16820  -46.498  36.930  -9.540 0.255814
16821  -47.614  36.000  -8.864 0.093023
16822  -47.284  36.342  -10.048 0.116279
16823  -47.783  35.716  -10.499 0.069767
16824  -46.910  36.804  -11.326 0.139535
16825  -44.803  38.979  -13.577 0.116279
16826  -45.788  37.668  -13.230 0.116279
16827  -44.901  37.587  -13.845 0.023256
18045  -37.076  52.015  0.316 0.046512
18046  -36.586  52.817  -0.732 0.046512
18047  -36.210  53.060  0.287 0.023256
18160  -37.619  43.792  9.074 0.023256
18161  -37.482  42.630  8.936 0.023256
18162  -38.108  43.759  8.085 0.046512
18163  -38.670  43.642  7.186 0.069767
18164  -38.526  44.850  7.404 0.046512
18168  -38.537  49.980  6.616 0.046512
18169  -38.669  48.716  7.576 0.023256
18170  -39.198  48.390  6.474 0.069767
18171  -39.281  46.866  6.103 0.069767
18172  -39.339  47.888  5.314 0.093023
18173  -38.984  47.162  4.165 0.139535
18174  -38.890  48.885  4.470 0.093023
18175  -37.107  51.910  2.690 0.023256
18176  -37.777  50.477  2.629 0.093023
18177  -37.526  51.295  1.589 0.046512
18178  -37.505  50.615  0.414 0.069767
20273  -35.858  53.926  -2.614 0.046512
20274  -36.857  53.533  -3.877 0.046512
20275  -35.359  53.973  -3.936 0.046512
20498  -36.332  34.981  8.359 0.046512
20499  -35.539  33.846  9.875 0.046512
20500  -36.948  33.781  8.956 0.046512
20501  -41.220  32.498  9.060 0.046512
20502  -39.341  32.230  9.670 0.046512
20503  -40.931  31.631  10.076 0.046512
20504  -40.884  30.336  11.099 0.046512
20505  -42.649  30.660  10.487 0.046512
20506  -48.684  32.524  6.673 0.046512
20507  -47.035  32.858  7.816 0.046512
20508  -48.479  32.209  7.801 0.046512
20510  -47.957  30.425  9.443 0.023256
20511  -47.843  28.964  9.735 0.023256
20512  -46.181  28.598  10.319 0.023256
20513  -47.783  27.493  10.242 0.023256
20514  -47.738  26.346  11.085 0.023256
20515  -49.157  26.567  10.365 0.023256
20565  -47.593  31.984  -3.096 0.023256
20566  -46.338  31.034  -2.158 0.023256
20567  -45.985  31.710  -2.693 0.023256
20569  -43.136  31.396  -1.908 0.023256
23211  -40.644  47.985  -6.333 0.186047
23212  -40.987  48.620  -7.396 0.093023
23213  -40.336  49.494  -6.285 0.093023
23214  -39.661  51.091  -6.388 0.069767
23215  -38.506  52.182  -6.389 0.023256
23229  -37.428  47.533  0.087 0.162791
23230  -37.320  46.000  -0.385 0.232558
23231  -37.405  46.975  -1.409 0.186047
23232  -37.923  46.210  -3.002 0.302326
23233  -38.739  45.198  -4.402 0.302326
23234  -39.326  44.291  -5.317 0.348837
23235  -39.399  46.243  -5.061 0.209302
23236  -39.922  47.119  -5.597 0.162791
23969  -35.608  32.259  15.471 0.023256
23970  -35.148  31.717  14.080 0.046512
23971  -35.460  31.484  12.713 0.046512
23972  -50.272  32.004  0.294 0.093023
23973  -50.562  31.580  1.655 0.093023
23974  -50.859  30.936  0.697 0.069767
23975  -50.946  29.816  1.306 0.023256
23976  -50.478  29.040  1.982 0.023256
23978  -49.152  28.680  1.838 0.023256
23983  -44.603  29.428  0.794 0.023256
23984  -43.979  29.841  0.181 0.023256
24993  -43.663  40.176  -13.548 0.093023
24994  -42.434  39.564  -13.599 0.046512
24995  -42.419  40.938  -13.224 0.069767
25047  -37.758  41.344  6.704 0.046512
25048  -37.326  40.106  6.386 0.023256
25049  -38.108  41.009  5.744 0.069767
25050  -38.491  40.495  4.715 0.139535
25051  -38.966  39.916  3.765 0.162791
25052  -39.036  38.949  -0.935 0.511628
25053  -39.497  38.713  0.136 0.395349
25054  -40.677  37.992  -0.674 0.465116
25055  -42.438  37.643  -0.414 0.348837
25056  -44.177  37.624  -0.239 0.255814
25057  -45.752  37.197  0.003 0.209302
25058  -45.385  36.971  -0.964 0.232558
25059  -46.692  36.390  -1.788 0.255814
25060  -47.870  35.731  -2.643 0.162791
25061  -48.684  35.028  -3.461 0.116279
25062  -47.401  35.692  -3.564 0.139535
25063  -46.972  35.865  -4.482 0.162791
25064  -46.524  36.274  -5.386 0.232558
25065  -42.331  41.084  -9.169 0.395349
25066  -43.004  39.252  -8.914 0.395349
25067  -43.343  40.574  -10.027 0.372093
25068  -44.197  39.775  -10.885 0.348837
25069  -45.100  39.057  -11.662 0.372093
25070  -45.880  38.253  -12.133 0.255814
25071  -45.081  39.816  -12.463 0.232558
25072  -44.639  40.131  -13.176 0.162791
25873  -37.200  43.848  10.135 0.023256
25879  -37.763  50.609  5.629 0.046512
25880  -38.284  50.496  4.705 0.069767
25881  -37.009  51.248  4.529 0.023256
27273  -46.671  24.563  14.604 0.023256
27274  -48.188  24.792  13.936 0.023256
27275  -39.381  34.994  7.041 0.046512
27276  -38.631  33.839  8.308 0.046512
27277  -40.442  33.980  7.790 0.046512
27278  -41.716  33.325  8.234 0.069767
27279  -43.208  32.810  8.614 0.046512
27280  -51.156  30.880  6.684 0.069767
27281  -49.830  31.397  7.773 0.069767
27282  -50.908  30.274  7.620 0.023256
27315  -47.131  33.116  -4.509 0.023256
27316  -45.888  32.321  -3.377 0.023256
27317  -45.659  32.959  -4.111 0.023256
29199  -42.733  45.077  -10.900 0.186047
29200  -42.157  45.151  -11.699 0.069767
29201  -41.938  46.185  -10.657 0.069767
29202  -40.958  46.895  -10.367 0.023256
29203  -39.573  47.309  -9.939 0.023256
29204  -40.429  48.793  -8.341 0.046512
29205  -39.447  48.445  -9.094 0.023256
29206  -37.995  47.885  -9.517 0.023256
29207  -36.275  48.531  -8.984 0.023256
29241  -38.598  44.637  3.819 0.209302
29242  -38.201  43.226  3.306 0.255814
29243  -37.790  43.728  2.647 0.279070
29244  -37.263  42.654  1.324 0.395349
29245  -37.165  41.538  0.061 0.441860
29246  -37.160  44.351  -0.782 0.348837
29247  -37.192  42.296  -1.095 0.441860
29248  -37.742  40.403  -1.093 0.511628
29249  -38.872  39.511  -2.087 0.534884
29250  -40.114  38.708  -2.943 0.558140
29251  -41.380  37.972  -3.738 0.581395
29252  -42.558  37.478  -4.411 0.581395
29253  -41.210  38.835  -4.854 0.581395
29254  -40.945  39.590  -6.069 0.581395
29255  -41.016  40.479  -7.284 0.465116
29256  -39.812  43.303  -6.390 0.395349
29257  -40.470  42.402  -7.400 0.441860
29258  -41.394  41.616  -8.290 0.441860
29259  -41.968  43.083  -9.283 0.441860
29260  -42.645  44.273  -10.103 0.302326
30972  -39.659  27.695  13.780 0.023256
30973  -41.038  27.704  12.688 0.023256
30974  -45.584  34.136  4.588 0.069767
30975  -45.729  34.001  6.233 0.069767
30976  -47.012  33.280  5.026 0.046512
30977  -48.581  32.644  5.352 0.046512
30978  -50.146  32.010  5.379 0.069767
30979  -50.861  31.322  3.018 0.046512
30980  -51.121  31.261  4.334 0.069767
30981  -51.232  31.207  5.590 0.069767
33254  -41.006  44.497  -12.175 0.046512
33358  -34.416  35.455  10.670 0.023256
33359  -34.926  36.578  9.054 0.023256
33360  -35.874  36.299  7.924 0.023256
33361  -37.110  36.157  7.099 0.046512
33362  -37.308  38.743  6.165 0.046512
33363  -37.615  37.254  6.103 0.023256
33364  -38.441  36.059  6.431 0.046512
33365  -39.994  35.949  5.937 0.093023
33366  -41.571  35.864  5.439 0.116279
33367  -43.173  35.708  4.901 0.139535
33368  -38.078  41.785  2.985 0.325581
33369  -38.543  40.418  2.734 0.279070
33370  -39.777  39.424  2.909 0.186047
33371  -40.083  38.877  1.122 0.372093
33372  -40.813  39.064  2.139 0.232558
33373  -41.181  38.629  3.265 0.162791
33374  -42.419  37.502  3.506 0.116279
33375  -43.378  36.298  3.623 0.116279
33376  -44.327  35.176  3.991 0.116279
33377  -45.513  34.485  2.994 0.093023
33378  -46.856  33.968  1.868 0.116279
33379  -48.254  33.727  0.877 0.116279
33380  -47.176  36.135  0.122 0.186047
33381  -48.450  34.720  -0.044 0.186047
33382  -49.389  33.219  -0.008 0.139535
33383  -50.147  32.468  -0.868 0.069767
33384  -50.294  31.706  -1.609 0.046512
33385  -49.488  31.020  -1.977 0.023256
33386  -48.343  30.707  -1.913 0.023256
33387  -49.195  31.706  -2.589 0.023256
33388  -48.861  32.376  -3.214 0.023256
33389  -48.548  32.992  -3.872 0.023256
33390  -49.109  34.456  -4.045 0.023256
33392  -48.286  33.474  -4.630 0.023256
33393  -47.914  33.872  -5.511 0.023256
33396  -43.773  37.146  -5.101 0.534884
33397  -44.920  36.907  -5.770 0.372093
33398  -46.059  36.666  -6.411 0.255814
33399  -44.290  37.779  -8.355 0.395349
33400  -45.694  37.038  -7.632 0.279070
33401  -46.954  36.394  -7.021 0.139535
33402  -47.714  35.800  -7.684 0.093023
33403  -47.974  35.134  -8.251 0.023256
33408  -46.418  37.361  -12.422 0.139535
33409  -46.852  36.177  -12.600 0.046512
34935  -37.438  50.714  -2.207 0.069767
34936  -37.654  51.631  -2.962 0.046512
34937  -36.959  52.305  -1.886 0.046512
34938  -36.203  53.553  -1.579 0.046512
34939  -34.914  53.831  -1.690 0.046512
34940  -34.909  53.109  0.044 0.023256
34941  -34.192  53.373  -1.017 0.023256
34942  -33.364  53.548  -1.916 0.023256
35078  -37.355  41.506  7.592 0.023256
35079  -38.383  42.510  6.914 0.069767
35080  -39.149  43.507  6.341 0.116279
35081  -39.365  44.447  5.529 0.139535
35087  -38.494  46.052  7.752 0.046512
35088  -38.865  45.859  6.712 0.093023
35089  -39.230  45.590  5.750 0.139535
35090  -39.173  45.180  4.733 0.186047
35091  -38.935  45.763  3.940 0.139535
35092  -38.512  46.437  3.269 0.139535
35093  -38.146  47.237  2.254 0.162791
35094  -38.392  49.797  3.576 0.069767
35095  -37.997  48.931  2.366 0.139535
35096  -37.749  48.131  1.331 0.186047
35097  -37.551  49.056  0.364 0.116279
35098  -37.464  50.036  -0.910 0.093023
37639  -37.914  52.333  -4.073 0.069767
37908  -34.570  33.963  10.985 0.046512
37909  -35.291  32.634  11.309 0.046512
37910  -36.322  31.637  11.553 0.046512
37911  -37.948  32.905  9.393 0.046512
37912  -37.638  31.918  10.530 0.046512
37913  -37.654  30.847  11.771 0.023256
37914  -39.272  30.063  11.871 0.023256
37915  -40.970  28.956  11.880 0.023256
37916  -42.738  27.870  11.796 0.023256
37917  -45.599  33.573  7.504 0.069767
37918  -45.213  32.973  8.266 0.046512
37919  -44.652  32.146  9.023 0.046512
37920  -48.158  31.521  8.704 0.046512
37921  -46.386  31.433  9.445 0.023256
37922  -44.531  31.028  9.956 0.023256
37923  -44.420  29.703  10.511 0.023256
37924  -44.420  28.202  11.056 0.023256
37925  -44.572  26.841  11.768 0.023256
37926  -46.285  26.055  11.849 0.023256
37927  -47.920  25.413  12.357 0.023256
37989  -46.759  30.469  -1.599 0.023256
37990  -45.129  30.392  -1.076 0.023256
37991  -43.550  30.214  -0.516 0.023256
37992  -44.512  31.451  -2.316 0.023256
37993  -43.272  30.634  -1.184 0.023256
37994  -42.173  30.104  0.100 0.023256
37995  -40.800  29.989  0.723 0.023256
41055  -38.448  49.652  -3.962 0.093023
41056  -38.764  50.066  -4.455 0.116279
41057  -38.353  50.362  -3.889 0.093023
41065  -37.860  49.629  -2.886 0.093023
41066  -38.055  48.871  -3.057 0.139535
41067  -38.244  49.168  -3.578 0.116279
41068  -38.630  48.892  -4.096 0.116279
41476  -34.417  34.295  13.121 0.023256
41477  -34.325  34.898  12.300 0.023256
41478  -49.547  30.324  -1.132 0.023256
41479  -49.851  30.056  -0.632 0.023256
41480  -49.205  29.792  -0.716 0.023256
41481  -48.800  29.427  -0.218 0.023256
41482  -48.404  29.690  -0.696 0.023256
41483  -47.600  29.607  -0.543 0.023256
41484  -48.097  29.955  -1.099 0.023256
42045  -43.161  43.492  -12.088 0.116279
42046  -42.823  43.354  -12.445 0.093023
42047  -42.722  44.038  -12.124 0.093023
42075  -39.225  43.648  4.877 0.139535
42076  -39.078  42.989  4.730 0.139535
42077  -38.915  43.347  4.309 0.209302
42078  -42.263  37.323  -2.922 0.511628
42079  -42.423  37.255  -2.364 0.441860
42080  -43.111  36.945  -2.718 0.465116
42081  -44.020  36.697  -2.556 0.395349
42082  -43.810  36.677  -3.113 0.465116
42083  -44.434  36.554  -3.473 0.418605
42084  -43.589  36.810  -3.646 0.488372
42085  -43.286  43.944  -11.425 0.209302
42086  -43.597  43.130  -11.376 0.279070
42087  -43.430  43.319  -11.756 0.209302
42088  -43.578  42.693  -12.088 0.116279
43308  -42.051  26.592  13.057 0.023256
43309  -42.189  26.136  13.538 0.023256
43310  -42.921  26.141  13.058 0.023256
43311  -43.845  25.761  13.125 0.023256
43312  -43.738  26.198  12.598 0.023256
43313  -43.709  34.988  5.953 0.093023
43314  -43.468  34.690  6.494 0.069767
43315  -44.385  34.625  6.316 0.069767
44445  -41.610  46.843  -7.995 0.209302
44446  -41.697  47.109  -8.483 0.139535
44447  -41.485  47.523  -7.927 0.162791
44448  -38.240  51.520  -7.293 0.023256
44449  -38.380  50.864  -7.738 0.023256
44450  -37.610  51.212  -7.607 0.023256
44475  -37.930  46.168  1.724 0.186047
44476  -37.707  45.421  1.587 0.255814
44477  -37.626  45.885  0.993 0.255814
44478  -38.351  43.737  -3.899 0.441860
44479  -38.111  43.289  -3.404 0.488372
44480  -38.600  42.807  -3.972 0.488372
44481  -38.855  41.834  -3.949 0.488372
44482  -39.051  42.288  -4.515 0.488372
44483  -39.408  41.844  -4.921 0.534884
44484  -39.148  42.806  -4.950 0.465116
44485  -41.101  46.817  -7.043 0.255814
44486  -41.003  45.918  -7.267 0.279070
44487  -41.402  46.422  -7.627 0.255814
44488  -41.630  46.090  -8.235 0.232558
45708  -36.136  30.590  13.473 0.046512
45709  -36.391  30.256  14.122 0.023256
45710  -36.669  30.202  13.465 0.023256
45711  -37.353  29.817  13.469 0.023256
45712  -37.148  30.241  12.902 0.023256
45713  -48.847  32.762  1.776 0.093023
45714  -48.976  32.509  2.564 0.069767
45715  -49.523  32.299  2.023 0.069767
45730  -42.801  29.568  1.072 0.023256
45731  -42.384  29.329  1.657 0.023256
45732  -42.088  29.525  1.374 0.023256
45734  -41.837  29.693  1.081 0.023256
47415  -43.819  38.117  -14.004 0.046512
47416  -43.166  37.696  -14.026 0.023256
47417  -43.162  38.498  -13.919 0.046512
47423  -38.931  46.439  -10.534 0.023256
47424  -38.985  45.883  -10.929 0.023256
47508  -39.442  38.997  4.204 0.093023
47509  -39.229  38.599  4.691 0.093023
47510  -39.922  38.421  4.342 0.093023
47511  -40.415  37.853  4.499 0.093023
47512  -40.553  38.315  4.025 0.116279
47513  -37.656  40.422  0.505 0.465116
47514  -37.910  40.266  0.953 0.418605
47515  -38.244  39.741  0.500 0.441860
47516  -43.935  38.106  0.737 0.302326
47517  -43.434  38.297  1.190 0.255814
47518  -44.201  37.981  1.345 0.232558
47519  -44.317  37.632  1.941 0.186047
47520  -44.864  37.419  1.460 0.209302
47521  -45.302  36.740  1.531 0.139535
47522  -45.378  37.215  0.994 0.186047
47523  -48.697  35.313  -2.258 0.162791
47524  -48.793  35.218  -1.842 0.162791
47525  -49.233  34.685  -2.305 0.162791
47526  -49.647  34.028  -2.309 0.069767
47527  -49.591  34.157  -2.685 0.093023
47529  -49.334  34.370  -3.003 0.116279
47530  -47.606  35.859  -5.582 0.023256
47531  -48.052  35.498  -5.487 0.046512
47532  -47.871  35.633  -5.952 0.023256
47533  -48.094  35.411  -6.260 0.023256
47534  -47.685  35.839  -6.382 0.023256
47535  -41.893  39.284  -7.558 0.465116
47536  -42.482  38.581  -7.348 0.465116
47537  -42.454  38.978  -7.962 0.488372
47538  -45.687  37.679  -10.703 0.325581
47539  -45.825  37.410  -9.979 0.325581
47540  -46.314  37.142  -10.226 0.232558
47541  -46.932  36.643  -9.814 0.186047
47542  -46.745  36.897  -10.487 0.186047
47543  -47.103  36.585  -10.701 0.162791
47544  -46.584  37.185  -11.150 0.186047
47545  -44.311  38.946  -13.773 0.093023
47546  -44.869  38.332  -13.745 0.093023
47547  -44.365  38.249  -13.917 0.093023
47548  -44.390  37.481  -14.005 0.046512
48765  -36.954  52.313  0.889 0.046512
48766  -36.695  52.661  0.354 0.046512
48767  -36.485  52.830  0.875 0.023256
48880  -37.864  44.396  8.743 0.023256
48881  -37.840  43.768  8.581 0.023256
48882  -38.094  44.367  8.250 0.023256
48883  -38.349  44.334  7.745 0.046512
48884  -38.298  44.922  7.909 0.046512
48888  -38.769  49.797  6.162 0.046512
48889  -38.990  49.219  6.602 0.069767
48890  -39.145  49.001  6.076 0.069767
48891  -39.341  48.157  5.910 0.069767
48892  -39.193  48.732  5.499 0.069767
48893  -39.160  48.384  4.925 0.069767
48894  -38.944  49.291  5.064 0.069767
48895  -36.920  52.300  2.138 0.046512
48896  -37.429  51.641  2.125 0.046512
48897  -37.266  52.029  1.539 0.046512
48898  -37.327  51.684  0.928 0.046512
50993  -35.068  54.026  -2.651 0.023256
50994  -35.591  54.011  -3.253 0.046512
50995  -34.767  54.048  -3.368 0.023256
51218  -37.032  34.932  7.954 0.046512
51219  -36.581  34.361  8.686 0.046512
51220  -37.337  34.347  8.305 0.046512
51221  -42.006  32.226  9.271 0.046512
51222  -41.020  32.091  9.556 0.046512
51223  -41.835  31.730  9.763 0.046512
51224  -41.762  31.154  10.314 0.046512
51225  -42.690  31.312  10.021 0.046512
51226  -49.410  32.225  6.708 0.069767
51227  -48.642  32.386  7.266 0.046512
51228  -49.316  32.063  7.284 0.069767
51231  -48.585  28.356  9.611 0.023256
51232  -47.798  28.239  9.920 0.023256
51233  -48.558  27.637  9.896 0.023256
51234  -48.473  27.003  10.331 0.023256
51235  -49.222  27.113  9.917 0.023256
51285  -47.421  32.301  -3.413 0.023256
51286  -46.772  31.844  -2.910 0.023256
51287  -46.710  32.199  -3.238 0.023256
54045  -40.165  48.416  -5.785 0.162791
54046  -40.531  48.734  -6.303 0.162791
54047  -40.077  49.209  -5.825 0.139535
54048  -39.283  51.129  -5.379 0.069767
54049  -39.653  50.765  -5.895 0.069767
54050  -39.321  51.538  -5.880 0.046512
54051  -39.130  51.719  -6.404 0.023256
54052  -38.795  52.115  -5.880 0.023256
54075  -37.446  48.046  -0.431 0.162791
54076  -37.375  47.248  -0.678 0.162791
54077  -37.485  47.766  -1.199 0.186047
54078  -38.247  47.477  -3.303 0.186047
54079  -37.891  47.067  -2.762 0.186047
54080  -38.273  46.652  -3.522 0.209302
54081  -38.310  45.711  -3.718 0.279070
54082  -38.727  46.166  -4.245 0.232558
54083  -39.080  45.730  -4.728 0.232558
54084  -39.026  46.678  -4.547 0.186047
54085  -39.525  48.260  -4.963 0.116279
54086  -39.538  47.505  -5.108 0.139535
54087  -39.898  47.924  -5.423 0.162791
54088  -40.303  47.577  -5.933 0.186047
55306  -36.105  32.556  16.097 0.023256
55307  -35.519  32.898  15.431 0.023256
55308  -34.585  32.808  13.290 0.023256
55309  -34.882  32.335  14.061 0.046512
55310  -34.868  32.161  13.337 0.046512
55311  -35.223  31.577  13.387 0.046512
55312  -35.006  32.057  12.670 0.046512
55313  -50.461  31.646  -0.143 0.093023
55314  -50.593  31.427  0.441 0.093023
55315  -50.655  31.075  0.072 0.093023
55316  -50.341  29.673  0.463 0.023256
55317  -50.756  29.954  0.669 0.023256
55318  -50.560  29.506  1.077 0.023256
55319  -50.752  29.382  1.653 0.023256
55320  -50.227  29.143  1.488 0.023256
55321  -49.861  28.836  1.900 0.023256
55322  -49.597  28.945  1.396 0.023256
55323  -47.747  28.877  0.819 0.023256
55324  -48.066  28.686  1.298 0.023256
55329  -45.995  28.994  1.175 0.023256
55330  -45.885  29.622  -0.071 0.023256
55331  -45.371  29.405  0.524 0.023256
55332  -45.059  29.627  0.209 0.023256
55333  -44.322  29.654  0.477 0.023256
55334  -44.782  29.894  -0.105 0.023256
57015  -43.594  40.815  -13.270 0.139535
57016  -43.059  40.563  -13.422 0.069767
57017  -43.003  41.226  -13.161 0.093023
57018  -41.657  42.658  -12.727 0.046512
57019  -41.638  41.965  -12.861 0.023256
57020  -40.970  42.241  -12.718 0.023256
57105  -38.248  41.809  6.422 0.069767
57106  -37.918  41.164  6.243 0.046512
57107  -38.326  41.717  5.921 0.093023
57108  -38.671  41.593  4.469 0.162791
57109  -38.542  41.194  4.831 0.186047
57110  -38.590  40.890  4.327 0.162791
57111  -38.679  40.222  4.225 0.139535
57112  -38.622  40.559  3.790 0.209302
57113  -39.641  38.573  -1.382 0.534884
57114  -39.819  38.407  -0.832 0.488372
57115  -40.442  38.074  -1.223 0.534884
57116  -42.839  37.313  -1.370 0.395349
57117  -42.176  37.534  -0.943 0.372093
57118  -43.083  37.398  -0.857 0.372093
57119  -43.355  37.588  -0.357 0.302326
57120  -43.934  37.366  -0.733 0.279070
57121  -44.742  37.302  -0.613 0.209302
57122  -44.547  37.078  -1.067 0.325581
57123  -45.659  36.409  -2.359 0.279070
57124  -45.783  36.520  -1.829 0.209302
57125  -46.474  36.274  -2.271 0.209302
57126  -47.309  36.109  -2.236 0.162791
57127  -47.106  36.062  -2.688 0.186047
57128  -47.624  35.719  -3.100 0.116279
57129  -46.880  35.970  -3.191 0.162791
57130  -45.604  36.274  -4.291 0.372093
57131  -46.434  35.995  -4.156 0.325581
57132  -46.227  36.156  -4.619 0.348837
57133  -46.770  36.061  -4.918 0.186047
57134  -46.053  36.346  -5.036 0.302326
57135  -42.625  41.817  -9.650 0.418605
57136  -42.830  40.856  -9.581 0.395349
57137  -43.119  41.547  -10.066 0.395349
57138  -44.124  41.272  -11.400 0.348837
57139  -43.969  40.777  -10.959 0.372093
57140  -44.361  40.323  -11.359 0.348837
57141  -44.682  39.429  -11.284 0.372093
57142  -44.725  39.839  -11.746 0.325581
57143  -45.114  39.452  -12.087 0.325581
57144  -44.765  40.262  -12.121 0.279070
57145  -43.873  41.487  -12.771 0.139535
57146  -44.415  40.745  -12.841 0.162791
57147  -44.083  40.833  -13.072 0.139535
57148  -44.179  40.200  -13.361 0.116279
58481  -37.066  43.847  10.693 0.023256
58491  -37.495  50.570  6.032 0.046512
58493  -37.377  50.941  5.101 0.023256
60813  -45.632  25.076  13.481 0.023256
60814  -45.792  24.753  14.193 0.023256
60815  -46.546  24.852  13.783 0.023256
60816  -47.447  24.675  14.210 0.023256
60817  -47.317  24.955  13.420 0.023256
60818  -40.285  35.068  6.830 0.069767
60819  -39.883  34.461  7.456 0.046512
60820  -40.848  34.574  7.193 0.069767
60821  -42.954  33.819  7.570 0.069767
60822  -42.020  33.737  7.765 0.069767
60823  -42.639  33.441  7.986 0.069767
60824  -42.452  33.071  8.437 0.046512
60825  -43.413  33.167  8.239 0.046512
60826  -51.623  30.272  6.611 0.023256
60827  -51.082  30.591  7.175 0.023256
60885  -47.011  33.346  -4.916 0.023256
60886  -46.384  33.020  -4.320 0.023256
60887  -46.280  33.256  -4.736 0.023256
60889  -44.917  33.138  -4.381 0.023256
64215  -42.492  45.440  -10.371 0.186047
64216  -42.374  45.668  -10.800 0.116279
64217  -42.204  46.080  -10.290 0.116279
64218  -41.199  47.403  -9.470 0.069767
64219  -41.337  46.991  -9.994 0.069767
64220  -40.831  47.359  -9.901 0.069767
64221  -40.313  47.116  -10.172 0.023256
64222  -40.203  47.643  -9.653 0.023256
64223  -40.587  49.255  -7.408 0.069767
64224  -40.769  48.765  -7.907 0.046512
64225  -40.300  49.374  -7.893 0.069767
64226  -38.570  49.557  -8.611 0.023256
64227  -39.336  49.125  -8.686 0.023256
64228  -38.693  48.879  -8.990 0.023256
64229  -38.774  48.190  -9.368 0.023256
64230  -37.939  48.580  -9.204 0.023256
64231  -37.128  48.193  -9.255 0.023256
64232  -37.070  48.857  -8.918 0.023256
64305  -38.425  44.901  3.472 0.209302
64306  -38.157  44.199  3.248 0.255814
64307  -37.992  44.452  2.898 0.232558
64308  -37.304  43.896  1.087 0.325581
64309  -37.356  43.535  1.585 0.302326
64310  -37.179  43.014  0.853 0.348837
64311  -37.154  42.101  0.666 0.418605
64312  -37.063  42.468  0.149 0.465116
64313  -37.294  45.654  -1.142 0.255814
64314  -37.233  45.204  -0.592 0.232558
64315  -37.250  44.807  -1.387 0.325581
64316  -37.649  42.302  -2.324 0.465116
64317  -37.335  42.822  -1.670 0.441860
64318  -37.501  41.762  -1.726 0.418605
64319  -37.373  41.285  -1.134 0.488372
64320  -37.789  40.775  -1.691 0.465116
64321  -38.239  39.937  -1.604 0.558140
64322  -38.332  40.330  -2.191 0.511628
64323  -39.582  39.925  -3.692 0.558140
64324  -39.514  39.492  -3.104 0.558140
64325  -40.117  39.051  -3.538 0.604651
64326  -40.715  38.333  -3.359 0.627907
64327  -40.704  38.692  -3.955 0.604651
64328  -41.308  38.383  -4.287 0.604651
64329  -40.653  39.166  -4.507 0.627907
64330  -40.154  40.872  -5.784 0.441860
64331  -40.481  39.965  -5.661 0.581395
64332  -40.514  40.415  -6.241 0.534884
64333  -40.918  39.979  -6.725 0.488372
64334  -40.580  40.891  -6.839 0.465116
64335  -39.609  44.793  -5.667 0.302326
64336  -39.532  43.816  -5.876 0.348837
64337  -39.833  44.287  -6.239 0.302326
64338  -40.818  43.934  -7.789 0.418605
64339  -40.438  43.352  -7.387 0.395349
64340  -40.802  42.959  -7.881 0.441860
64341  -40.927  41.966  -7.877 0.465116
64342  -41.192  42.615  -8.350 0.441860
64343  -41.659  42.323  -8.791 0.441860
64344  -41.585  43.294  -8.777 0.418605
64345  -42.118  45.366  -9.383 0.209302
64346  -42.266  44.545  -9.546 0.372093
64347  -42.423  45.026  -9.957 0.232558
64348  -42.751  44.736  -10.516 0.255814
68003  -36.389  31.469  16.194 0.023256
68013  -38.810  28.711  13.389 0.023256
68014  -38.958  28.199  13.880 0.023256
68015  -39.547  28.170  13.318 0.023256
68016  -40.338  27.657  13.197 0.023256
68017  -40.246  28.205  12.803 0.023256
68018  -46.194  33.693  3.975 0.069767
68019  -46.267  33.688  4.822 0.069767
68020  -46.832  33.280  4.216 0.069767
68021  -49.173  32.312  4.044 0.046512
68022  -48.473  32.639  4.622 0.046512
68023  -49.277  32.319  4.708 0.046512
68024  -49.366  32.358  5.324 0.069767
68025  -50.026  32.015  4.772 0.069767
68026  -50.947  31.119  1.816 0.093023
68027  -50.696  31.424  2.356 0.069767
68028  -51.111  30.978  2.475 0.069767
68030  -51.424  30.779  3.829 0.023256
68031  -51.539  30.832  4.413 0.023256
68032  -51.240  31.260  4.946 0.069767
68033  -51.612  30.819  5.041 0.046512
68034  -51.643  30.702  5.642 0.023256
73133  -41.781  39.921  -13.332 0.023256
73134  -41.825  39.233  -13.463 0.023256
73148  -41.636  45.542  -11.595 0.069767
73149  -41.621  44.861  -12.024 0.069767
73150  -41.068  45.225  -11.803 0.069767
73398  -36.242  37.663  7.381 0.023256
73399  -35.784  36.995  7.861 0.023256
73400  -36.299  36.893  7.370 0.023256
73401  -36.449  36.196  7.458 0.023256
73402  -36.790  36.839  6.942 0.023256
73403  -37.586  39.950  5.922 0.023256
73404  -37.274  39.484  6.272 0.023256
73405  -37.642  39.254  5.847 0.023256
73406  -38.593  37.615  5.449 0.093023
73407  -37.935  37.831  5.759 0.093023
73408  -38.263  37.164  5.797 0.093023
73409  -38.011  36.642  6.239 0.046512
73410  -38.678  36.553  5.899 0.069767
73411  -39.168  36.045  6.131 0.093023
73412  -39.468  36.462  5.671 0.116279
73413  -41.335  36.760  4.835 0.116279
73414  -41.088  36.326  5.242 0.116279
73415  -41.833  36.282  4.996 0.116279
73416  -42.444  35.817  5.232 0.116279
73417  -42.582  36.200  4.663 0.116279
73418  -37.827  42.694  2.739 0.279070
73419  -38.104  42.505  3.138 0.279070
73420  -37.772  41.975  2.551 0.348837
73421  -38.481  40.016  1.770 0.395349
73422  -38.286  40.535  2.281 0.395349
73423  -38.795  39.977  2.238 0.348837
73424  -39.106  39.870  2.791 0.209302
73425  -39.477  39.546  2.315 0.302326
73426  -40.394  38.396  0.289 0.395349
73427  -39.779  38.760  0.649 0.372093
73428  -40.706  38.513  0.802 0.348837
73429  -42.341  38.728  2.025 0.232558
73430  -41.407  38.875  1.791 0.302326
73431  -41.680  38.825  2.351 0.255814
73432  -41.055  38.939  2.701 0.186047
73433  -41.830  38.570  2.929 0.186047
73434  -41.844  38.125  3.387 0.116279
73435  -42.506  38.065  3.099 0.116279
73436  -44.058  36.543  2.792 0.139535
73437  -43.470  36.701  3.167 0.139535
73438  -43.932  36.093  3.222 0.139535
73439  -43.849  35.782  3.825 0.116279
73440  -44.395  35.426  3.347 0.116279
73441  -44.916  34.812  3.530 0.093023
73442  -44.969  35.126  2.881 0.139535
73443  -46.363  35.211  1.394 0.139535
73444  -46.277  34.601  1.820 0.162791
73445  -46.978  34.491  1.317 0.162791
73446  -47.577  33.840  1.358 0.093023
73447  -47.704  34.354  0.804 0.162791
73448  -46.379  36.877  -0.388 0.232558
73449  -46.497  36.729  0.095 0.232558
73450  -47.129  36.473  -0.323 0.162791
73451  -49.006  34.722  -0.955 0.186047
73452  -48.432  35.153  -0.440 0.186047
73453  -48.993  34.367  -0.500 0.162791
73454  -48.921  33.941  -0.086 0.139535
73455  -49.410  33.563  -0.547 0.116279
73456  -49.842  32.855  -0.434 0.069767
73457  -49.823  33.177  -0.956 0.116279
73458  -50.097  32.711  -2.179 0.046512
73459  -50.220  32.410  -1.749 0.069767
73460  -50.122  32.043  -2.008 0.046512
73461  -50.002  31.358  -1.807 0.046512
73462  -49.765  31.723  -2.182 0.023256
73463  -49.340  31.418  -2.269 0.023256
73464  -49.597  31.997  -2.511 0.023256
73467  -49.135  32.940  -3.506 0.023256
73468  -48.765  32.732  -3.599 0.023256
73469  -49.061  33.278  -3.845 0.023256
73470  -48.500  35.156  -3.842 0.139535
73471  -48.942  34.730  -3.771 0.093023
73472  -48.739  34.913  -4.153 0.093023
73476  -48.690  33.681  -4.564 0.023256
73478  -48.117  33.689  -5.047 0.023256
73485  -42.435  37.839  -5.004 0.604651
73486  -43.193  37.290  -4.772 0.581395
73487  -43.019  37.608  -5.380 0.558140
73488  -43.935  37.555  -6.721 0.418605
73489  -44.139  37.302  -6.059 0.465116
73490  -44.696  37.141  -6.374 0.372093
73491  -45.463  36.801  -6.077 0.279070
73492  -45.265  37.006  -6.688 0.302326
73493  -43.611  38.982  -9.340 0.395349
73494  -43.560  38.398  -8.728 0.395349
73495  -44.173  38.167  -9.069 0.418605
73496  -46.160  36.990  -8.624 0.255814
73497  -45.589  37.194  -8.311 0.279070
73498  -46.279  36.833  -7.968 0.255814
73499  -46.367  36.733  -7.314 0.186047
73500  -46.869  36.492  -7.661 0.139535
73501  -47.376  36.119  -7.389 0.093023
73502  -47.318  36.247  -7.984 0.139535
73503  -47.868  35.634  -9.175 0.069767
73504  -47.884  35.581  -8.572 0.069767
73505  -48.027  35.235  -8.873 0.023256
73506  -47.942  34.799  -8.484 0.023256
73507  -47.917  34.945  -9.035 0.023256
73509  -47.916  35.072  -9.572 0.023256
73510  -47.628  35.912  -11.071 0.069767
73511  -47.809  35.416  -10.635 0.023256
73512  -47.716  35.594  -11.207 0.046512
73514  -47.522  35.648  -11.704 0.023256
73515  -45.692  38.557  -12.596 0.279070
73516  -46.143  37.802  -12.309 0.209302
73517  -45.918  38.067  -12.756 0.255814
73518  -45.927  36.987  -13.335 0.069767
73519  -46.294  36.914  -12.927 0.069767
73520  -46.460  36.249  -13.013 0.023256
73521  -46.904  35.678  -12.672 0.023256
77175  -37.293  51.076  -1.510 0.069767
77176  -37.219  51.520  -2.028 0.069767
77177  -37.028  51.888  -1.390 0.069767
77178  -36.149  53.280  -0.697 0.046512
77179  -36.367  53.188  -1.208 0.046512
77180  -35.892  53.556  -1.153 0.046512
77181  -35.666  53.722  -1.568 0.046512
77182  -35.297  53.701  -1.177 0.046512
77184  -35.186  53.070  0.665 0.023256
77523  -37.735  42.666  8.358 0.023256
77524  -37.354  42.131  8.786 0.023256
77525  -37.556  42.133  8.244 0.023256
77526  -37.252  41.596  8.107 0.023256
77527  -37.697  42.089  7.721 0.023256
77528  -37.905  42.019  7.248 0.023256
77529  -38.213  42.627  7.342 0.046512
77530  -38.896  44.167  6.863 0.116279
77531  -38.914  43.577  6.751 0.116279
77532  -39.233  44.079  6.460 0.116279
77533  -39.331  43.984  5.942 0.116279
77534  -39.284  44.532  6.033 0.139535
77546  -38.841  47.980  7.431 0.069767
77548  -38.709  47.333  7.743 0.046512
77549  -38.518  46.730  8.002 0.023256
77550  -38.703  46.635  7.457 0.046512
77551  -38.682  45.960  7.224 0.046512
77552  -38.902  46.518  6.933 0.069767
77553  -39.349  46.663  5.499 0.116279
77554  -39.225  46.248  5.876 0.093023
77555  -39.303  46.030  5.323 0.139535
77556  -39.272  45.405  5.256 0.139535
77557  -39.253  45.748  4.787 0.139535
77558  -39.079  45.461  4.324 0.139535
77559  -39.162  46.059  4.371 0.139535
77560  -38.783  47.628  3.755 0.139535
77561  -38.731  46.801  3.701 0.139535
77562  -38.604  47.224  3.256 0.116279
77563  -38.365  46.839  2.788 0.116279
77564  -38.360  47.650  2.765 0.093023
77565  -37.929  50.849  4.174 0.046512
77566  -38.376  50.153  4.139 0.069767
77567  -38.035  50.553  3.648 0.046512
77568  -37.738  50.116  2.081 0.069767
77569  -37.927  49.738  2.563 0.093023
77570  -37.793  49.317  1.977 0.139535
77571  -37.850  48.513  1.816 0.139535
77572  -37.752  48.915  1.427 0.139535
77573  -37.664  48.557  0.880 0.139535
77574  -37.665  49.362  0.956 0.093023
77575  -37.391  51.025  -0.232 0.069767
77576  -37.472  50.320  -0.242 0.069767
77577  -37.390  50.718  -0.873 0.069767
77578  -37.408  50.409  -1.551 0.069767
83858  -37.326  52.395  -2.810 0.046512
83859  -37.851  51.947  -3.544 0.069767
83860  -37.391  52.699  -3.405 0.046512
83861  -36.687  53.600  -4.464 0.023256
83862  -37.292  53.228  -4.508 0.046512
84533  -34.659  35.298  9.986 0.023256
84534  -34.416  34.700  10.812 0.023256
84535  -34.705  34.581  10.211 0.046512
84536  -35.963  33.211  10.070 0.046512
84537  -35.337  33.262  10.578 0.046512
84538  -35.859  32.685  10.718 0.046512
84539  -35.814  32.088  11.409 0.046512
84540  -36.405  32.193  10.868 0.046512
84541  -39.139  33.418  8.513 0.046512
84542  -38.232  33.384  8.817 0.046512
84543  -38.837  32.964  9.012 0.046512
84544  -39.183  31.762  10.210 0.046512
84545  -38.435  32.088  10.077 0.046512
84546  -38.327  31.576  10.648 0.046512
84547  -37.577  31.378  11.168 0.046512
84548  -38.351  31.008  11.263 0.046512
84549  -38.442  30.493  11.835 0.023256
84550  -39.216  30.685  11.364 0.023256
84551  -41.734  29.849  11.131 0.023256
84552  -40.924  29.641  11.499 0.023256
84553  -41.792  29.128  11.485 0.023256
84554  -41.846  28.460  11.846 0.023256
84555  -42.693  28.564  11.461 0.023256
84556  -46.454  33.620  6.489 0.069767
84557  -45.667  33.813  6.958 0.069767
84558  -46.470  33.463  7.176 0.069767
84559  -46.896  32.610  8.130 0.046512
84560  -46.171  32.938  8.064 0.046512
84561  -45.964  32.638  8.410 0.046512
84562  -44.935  32.626  8.610 0.046512
84563  -45.686  32.287  8.794 0.046512
84564  -49.726  31.083  8.278 0.046512
84565  -49.040  31.519  8.278 0.046512
84566  -48.917  31.098  8.739 0.046512
84567  -47.090  30.250  9.785 0.023256
84568  -47.169  30.955  9.521 0.023256
84569  -46.306  30.792  9.822 0.023256
84570  -45.439  31.232  9.721 0.023256
84571  -45.375  30.582  10.070 0.023256
84572  -44.455  30.389  10.252 0.046512
84573  -45.291  29.891  10.284 0.046512
84574  -46.224  27.866  10.614 0.023256
84575  -45.292  28.380  10.704 0.023256
84576  -45.356  27.658  11.029 0.023256
84577  -44.510  27.481  11.424 0.023256
84578  -45.473  26.951  11.379 0.023256
84579  -45.447  26.415  11.793 0.023256
84580  -46.269  26.546  11.388 0.023256
84581  -48.488  25.979  11.355 0.023256
84582  -47.805  25.843  11.688 0.023256
84583  -48.588  25.534  11.996 0.023256
84584  -48.727  25.218  12.780 0.023256
84585  -49.370  25.310  12.405 0.023256
84735  -48.136  30.997  -2.195 0.023256
84736  -47.557  30.532  -1.766 0.023256
84737  -47.350  30.831  -2.066 0.023256
84738  -45.529  30.929  -1.913 0.023256
84739  -45.749  30.687  -1.641 0.023256
84740  -44.931  30.601  -1.361 0.023256
84741  -44.306  30.306  -0.806 0.023256
84742  -44.130  30.497  -1.108 0.023256
84743  -45.130  32.273  -3.173 0.023256
84744  -45.190  31.910  -2.860 0.023256
84745  -44.475  31.847  -2.646 0.023256
84746  -42.529  30.984  -1.303 0.023256
84747  -43.173  30.979  -1.555 0.023256
84748  -42.606  30.625  -0.927 0.023256
84749  -42.731  30.334  -0.569 0.023256
84750  -42.027  30.306  -0.262 0.023256
84751  -41.466  30.029  0.412 0.023256
84752  -41.333  30.254  0.052 0.023256
92331  -39.336  49.051  -4.970 0.116279
92332  -39.654  49.536  -5.420 0.069767
92333  -39.227  49.826  -4.965 0.069767
92334  -39.096  50.600  -4.917 0.093023
92335  -38.906  51.346  -4.839 0.093023
92349  -37.573  48.938  -1.694 0.139535
92350  -37.618  48.140  -1.829 0.186047
92351  -37.831  48.532  -2.463 0.186047
92352  -38.204  48.170  -3.169 0.162791
92353  -38.601  47.848  -3.819 0.162791
92354  -38.915  47.527  -4.338 0.162791
92355  -38.808  48.213  -4.184 0.139535
92356  -39.023  48.607  -4.563 0.093023
93088  -35.013  33.305  14.702 0.023256
93089  -34.670  33.750  13.940 0.023256
93090  -34.442  33.501  13.214 0.023256
93091  -34.392  33.359  12.458 0.046512
93092  -50.440  30.917  -0.815 0.069767
93093  -50.597  30.700  -0.225 0.023256
93094  -50.351  30.362  -0.471 0.023256
93095  -50.138  29.824  -0.117 0.023256
93096  -49.754  29.371  0.400 0.023256
93097  -49.309  29.070  0.852 0.023256
93098  -49.072  29.208  0.321 0.023256
93099  -48.267  29.112  0.309 0.023256
93100  -47.388  29.080  0.387 0.023256
93101  -46.525  29.161  0.603 0.023256
93102  -47.071  29.354  0.027 0.023256
93103  -46.762  29.592  -0.334 0.023256
93104  -46.438  29.884  -0.668 0.023256
94113  -43.335  42.149  -12.637 0.116279
94114  -42.884  41.916  -12.887 0.069767
94115  -42.824  42.605  -12.644 0.069767
94116  -42.272  43.014  -12.634 0.069767
94117  -41.682  43.406  -12.588 0.046512
94167  -39.029  42.828  5.766 0.116279
94168  -38.698  42.159  5.603 0.139535
94169  -39.010  42.598  5.204 0.162791
94170  -38.859  42.311  4.607 0.186047
94171  -38.602  41.948  3.984 0.232558
94172  -40.924  37.917  -2.184 0.534884
94173  -41.087  37.751  -1.612 0.511628
94174  -41.758  37.517  -1.998 0.511628
94175  -42.627  37.264  -1.851 0.418605
94176  -43.430  37.014  -1.691 0.372093
94177  -44.306  36.855  -1.619 0.348837
94178  -44.157  36.769  -2.077 0.348837
94179  -44.861  36.558  -2.476 0.348837
94180  -45.499  36.364  -2.862 0.302326
94181  -46.087  36.170  -3.284 0.279070
94182  -45.264  36.350  -3.365 0.372093
94183  -45.024  36.432  -3.865 0.395349
94184  -44.778  36.550  -4.388 0.395349
94185  -43.211  43.149  -10.551 0.348837
94186  -43.406  42.188  -10.519 0.395349
94187  -43.542  42.715  -10.959 0.395349
94188  -43.825  42.274  -11.406 0.302326
94189  -44.108  41.674  -11.727 0.302326
94190  -44.404  41.127  -12.103 0.302326
94191  -43.977  41.973  -12.056 0.232558
94192  -43.707  42.109  -12.425 0.139535
96386  -40.613  26.667  14.107 0.023256
96388  -41.444  26.167  14.037 0.023256
96389  -42.369  25.716  14.048 0.023256
96390  -43.279  25.307  14.156 0.023256
96392  -43.992  25.333  13.722 0.023256
96393  -44.741  25.374  13.283 0.023256
96394  -45.557  25.451  12.850 0.023256
96395  -41.947  35.065  6.321 0.093023
96396  -41.719  34.617  6.934 0.069767
96397  -42.572  34.644  6.700 0.093023
96398  -43.225  34.244  7.077 0.069767
96399  -43.900  33.888  7.379 0.069767
96436  -46.198  33.456  -5.186 0.023256
98433  -41.970  46.170  -9.238 0.139535
98434  -41.977  46.378  -9.734 0.116279
98435  -41.800  46.710  -9.139 0.116279
98436  -41.499  47.277  -9.019 0.116279
98437  -41.079  47.862  -8.884 0.069767
98438  -39.546  50.575  -7.397 0.069767
98439  -39.724  49.966  -7.884 0.046512
98440  -39.031  50.464  -7.845 0.046512
98442  -37.781  49.877  -8.405 0.023256
98487  -38.162  45.440  2.769 0.209302
98488  -37.897  44.699  2.508 0.255814
98489  -37.782  45.016  2.093 0.209302
98490  -37.492  44.686  1.327 0.255814
98491  -37.256  44.302  0.558 0.279070
98492  -37.663  44.792  -2.620 0.418605
98493  -37.428  44.306  -2.119 0.395349
98494  -37.707  43.783  -2.812 0.465116
98495  -37.874  42.782  -2.873 0.465116
98496  -38.145  41.747  -2.841 0.441860
98497  -38.489  40.763  -2.763 0.465116
98498  -38.649  41.282  -3.360 0.488372
98499  -39.165  40.867  -3.845 0.511628
98500  -39.707  40.365  -4.286 0.534884
98501  -40.105  39.974  -4.717 0.581395
98502  -39.730  40.883  -4.841 0.534884
98503  -39.798  41.352  -5.344 0.558140
98504  -39.838  41.827  -5.865 0.465116
98505  -40.184  45.752  -6.368 0.279070
98506  -40.137  44.761  -6.593 0.302326
98507  -40.554  45.345  -6.923 0.325581
98508  -40.891  44.941  -7.514 0.348837
98509  -41.243  44.573  -8.132 0.395349
98510  -41.596  44.247  -8.663 0.372093
98511  -41.610  45.203  -8.466 0.325581
98512  -41.872  45.769  -8.804 0.209302
100706  -35.837  30.899  14.806 0.046512
100707  -36.286  30.683  15.522 0.023256
100708  -36.215  30.401  14.810 0.046512
100709  -36.703  29.979  14.798 0.023256
100712  -37.621  29.384  14.040 0.023256
100713  -38.088  29.299  13.421 0.023256
100714  -38.705  29.294  12.924 0.023256
100715  -47.506  33.080  2.777 0.093023
100716  -47.530  32.991  3.628 0.069767
100717  -48.297  32.743  3.119 0.069767
100718  -49.066  32.357  3.316 0.069767
100719  -49.765  32.001  3.460 0.046512
100720  -51.366  30.080  2.229 0.023256
100721  -51.427  30.472  2.649 0.023256
100748  -42.676  29.164  1.960 0.023256
103779  -43.877  36.574  -14.226 0.023256
103782  -42.575  37.331  -13.922 0.023256
103793  -40.450  46.088  -11.108 0.023256
103794  -40.444  45.501  -11.535 0.023256
103795  -39.695  45.658  -11.227 0.023256
103944  -36.281  38.469  7.492 0.023256
103945  -36.585  38.343  6.945 0.023256
103946  -38.338  39.452  5.054 0.093023
103947  -38.068  39.005  5.460 0.093023
103948  -38.591  38.755  5.073 0.093023
103949  -38.934  38.104  5.108 0.116279
103950  -39.328  37.483  5.159 0.116279
103951  -39.778  36.903  5.264 0.116279
103952  -40.114  37.378  4.919 0.116279
103953  -40.892  37.296  4.661 0.093023
103954  -41.581  37.194  4.319 0.093023
103955  -37.403  41.587  1.572 0.418605
103956  -37.673  41.405  1.986 0.418605
103957  -37.717  40.821  1.467 0.441860
103958  -38.217  40.142  1.378 0.418605
103959  -38.829  39.589  1.372 0.395349
103960  -42.179  38.118  0.516 0.325581
103961  -41.617  38.402  0.943 0.325581
103962  -42.580  38.391  1.045 0.325581
103963  -42.978  38.565  1.633 0.279070
103964  -43.171  38.388  2.252 0.186047
103965  -43.198  37.975  2.776 0.162791
103966  -43.822  37.824  2.416 0.186047
103967  -44.260  37.102  2.443 0.162791
103968  -44.597  36.342  2.360 0.162791
103969  -45.059  35.614  2.351 0.162791
103970  -45.143  36.145  1.960 0.162791
103971  -45.782  35.972  1.507 0.139535
103972  -46.459  35.815  1.033 0.139535
103973  -47.653  36.091  -1.336 0.186047
103974  -47.734  36.132  -0.844 0.186047
103975  -48.289  35.629  -1.357 0.186047
103976  -48.891  34.999  -1.426 0.162791
103977  -49.415  34.267  -1.454 0.162791
103978  -49.817  33.520  -1.393 0.093023
103979  -49.737  33.837  -1.877 0.093023
103980  -49.925  33.406  -2.259 0.046512
103981  -49.887  32.923  -2.509 0.023256
103982  -49.723  32.573  -2.708 0.023256
103983  -49.732  33.214  -2.881 0.046512
103986  -48.037  35.496  -4.722 0.093023
103987  -48.533  35.135  -4.576 0.069767
103988  -48.261  35.325  -5.026 0.046512
103989  -48.429  35.111  -5.328 0.023256
103992  -48.324  34.972  -6.072 0.023256
103993  -48.181  35.195  -6.502 0.023256
103994  -48.065  35.289  -6.910 0.046512
103995  -42.015  38.531  -6.267 0.511628
103996  -42.792  37.949  -6.021 0.511628
103997  -42.582  38.239  -6.707 0.488372
103998  -43.182  38.015  -7.063 0.441860
103999  -43.819  37.732  -7.388 0.418605
104000  -44.641  38.340  -10.131 0.372093
104001  -44.714  37.899  -9.422 0.348837
104002  -45.248  37.638  -9.725 0.348837
104003  -46.018  37.183  -9.263 0.279070
104004  -46.675  36.750  -8.878 0.162791
104005  -47.231  36.337  -8.561 0.139535
104006  -47.111  36.467  -9.162 0.162791
104007  -47.482  36.117  -9.469 0.093023
104008  -47.749  35.798  -9.703 0.069767
104009  -47.864  35.511  -9.913 0.023256
104010  -47.562  36.021  -10.286 0.069767
104011  -47.446  36.250  -10.915 0.069767
104012  -47.218  36.443  -11.493 0.093023
104013  -45.187  38.915  -13.305 0.139535
104014  -45.642  38.249  -13.141 0.162791
104015  -45.309  38.358  -13.463 0.116279
104016  -45.374  37.643  -13.630 0.046512
104017  -45.469  36.925  -13.653 0.023256
104020  -44.453  36.717  -14.093 0.023256
106209  -37.166  51.720  -0.209 0.069767
106210  -36.918  52.164  -0.778 0.069767
106211  -36.825  52.369  -0.196 0.046512
106212  -36.391  52.891  -0.200 0.046512
106213  -35.875  53.229  -0.238 0.046512
106416  -37.323  43.188  9.501 0.023256
106417  -37.284  42.610  9.430 0.023256
106418  -37.546  43.186  8.969 0.023256
106419  -37.827  43.208  8.452 0.023256
106420  -38.116  43.188  7.946 0.046512
106421  -38.350  43.149  7.471 0.046512
106422  -38.384  43.713  7.618 0.046512
106423  -38.600  44.276  7.288 0.069767
106424  -38.767  44.757  6.933 0.093023
106430  -38.176  49.952  7.034 0.023256
106432  -38.658  49.346  7.092 0.023256
106433  -38.950  48.601  7.049 0.069767
106434  -39.090  47.839  6.904 0.069767
106435  -39.108  47.088  6.664 0.069767
106436  -39.273  47.601  6.311 0.069767
106437  -39.368  47.363  5.715 0.093023
106438  -39.383  47.077  5.099 0.116279
106439  -39.187  46.748  4.530 0.139535
106440  -39.180  47.525  4.721 0.116279
106441  -38.973  48.020  4.318 0.093023
106442  -38.752  48.507  3.860 0.093023
106443  -37.283  51.536  3.187 0.023256
106444  -37.704  50.813  3.164 0.093023
106445  -37.511  51.224  2.661 0.069767
106446  -37.633  50.887  2.135 0.069767
106447  -37.644  50.504  1.602 0.046512
106448  -37.615  50.155  1.012 0.069767
106449  -37.517  50.944  1.012 0.046512
106450  -37.341  51.336  0.369 0.046512
110219  -36.493  53.628  -2.670 0.046512
110220  -36.915  53.313  -3.309 0.046512
110221  -36.331  53.754  -3.254 0.046512
110222  -36.145  53.840  -3.863 0.046512
110223  -35.979  53.834  -4.491 0.023256
110624  -35.710  35.033  8.823 0.046512
110625  -35.268  34.501  9.638 0.046512
110626  -35.877  34.414  9.139 0.046512
110627  -36.219  33.772  9.391 0.046512
110628  -36.683  33.262  9.579 0.046512
110629  -40.474  32.760  8.858 0.046512
110630  -39.570  32.626  9.125 0.046512
110631  -40.281  32.351  9.291 0.046512
110632  -40.113  31.954  9.852 0.046512
110633  -40.048  31.472  10.407 0.046512
110634  -40.036  30.837  10.967 0.023256
110635  -40.880  31.008  10.623 0.046512
110636  -41.742  30.507  10.758 0.046512
110637  -42.632  30.007  10.824 0.023256
110638  -47.944  32.901  6.731 0.046512
110639  -47.189  33.103  7.308 0.046512
110640  -47.920  32.733  7.303 0.046512
110641  -47.805  32.559  7.781 0.046512
110642  -47.597  32.275  8.152 0.046512
110644  -48.873  30.526  9.100 0.023256
110646  -47.905  29.703  9.608 0.023256
110647  -47.049  29.520  9.893 0.023256
110648  -46.154  29.366  10.122 0.046512
110649  -47.038  28.815  9.965 0.023256
110650  -47.027  28.068  10.225 0.023256
110651  -47.030  27.335  10.584 0.023256
110652  -47.025  26.723  10.988 0.023256
110653  -47.738  26.884  10.650 0.023256
110654  -48.449  26.470  10.779 0.023256
110655  -49.171  26.106  10.990 0.023256
110745  -47.785  31.628  -2.793 0.023256
110746  -47.162  31.124  -2.365 0.023256
110747  -46.924  31.488  -2.609 0.023256
110748  -46.122  31.377  -2.403 0.023256
110749  -45.352  31.243  -2.193 0.023256
110750  -43.777  32.230  -2.864 0.023256
110751  -43.771  31.825  -2.460 0.023256
110754  -41.929  30.974  -1.064 0.023256
115599  -41.070  47.620  -6.876 0.209302
115600  -41.282  47.945  -7.374 0.162791
115601  -40.945  48.306  -6.849 0.139535
115602  -40.670  49.022  -6.824 0.069767
115603  -40.333  49.747  -6.851 0.069767
115604  -39.901  49.985  -5.873 0.093023
115605  -40.061  50.256  -6.352 0.069767
115606  -39.913  50.486  -6.877 0.069767
115607  -39.374  51.234  -6.926 0.069767
115608  -38.725  51.743  -6.894 0.023256
115609  -38.082  52.145  -6.835 0.023256
115641  -37.514  47.097  0.648 0.209302
115642  -37.431  46.356  0.424 0.232558
115643  -37.359  46.763  -0.153 0.209302
115644  -37.327  46.459  -0.910 0.186047
115645  -37.401  46.144  -1.644 0.186047
115646  -37.586  47.394  -2.013 0.186047
115647  -37.600  46.596  -2.221 0.186047
115648  -37.643  45.727  -2.429 0.255814
115649  -37.970  45.226  -3.151 0.348837
115650  -38.354  44.699  -3.833 0.302326
115651  -38.737  44.169  -4.414 0.395349
115652  -39.024  43.752  -4.900 0.395349
115653  -39.062  44.743  -4.840 0.325581
115654  -39.378  45.259  -5.182 0.255814
115655  -39.652  45.755  -5.517 0.279070
115656  -39.266  47.163  -4.838 0.186047
115657  -39.603  46.668  -5.318 0.209302
115658  -39.928  46.228  -5.834 0.232558
115659  -40.286  46.691  -6.140 0.186047
115660  -40.768  47.211  -6.476 0.186047
117366  -36.212  32.003  16.143 0.023256
117367  -35.757  31.700  15.509 0.023256
117368  -35.113  32.600  14.786 0.046512
117369  -35.270  31.962  14.819 0.046512
117370  -35.505  31.412  14.807 0.046512
117371  -35.486  31.193  14.114 0.046512
117372  -35.646  31.051  13.441 0.046512
117373  -35.929  31.047  12.823 0.046512
117374  -49.904  32.241  0.748 0.069767
117375  -50.003  32.055  1.502 0.116279
117376  -50.402  31.730  0.922 0.093023
117377  -50.812  31.285  1.121 0.093023
117378  -51.090  30.791  1.361 0.069767
117379  -50.782  30.536  0.356 0.023256
117380  -50.989  30.354  0.978 0.023256
117381  -51.253  30.188  1.584 0.023256
117382  -51.170  29.704  1.897 0.023256
117383  -50.975  29.302  2.134 0.023256
117384  -50.790  28.965  2.469 0.023256
117389  -48.832  28.791  1.321 0.023256
117399  -45.682  29.203  0.862 0.023256
117400  -44.884  29.219  1.126 0.023256
117402  -43.868  29.428  1.065 0.023256
117403  -43.547  29.621  0.764 0.023256
117404  -43.239  29.804  0.467 0.023256
119757  -43.704  39.509  -13.730 0.069767
119758  -43.098  39.194  -13.795 0.046512
119759  -43.070  39.898  -13.661 0.046512
119760  -42.462  40.270  -13.444 0.046512
119761  -41.789  40.616  -13.170 0.023256
119762  -42.323  41.624  -13.005 0.069767
119763  -41.721  41.316  -12.988 0.023256
119883  -37.299  40.861  7.028 0.023256
119884  -37.122  40.254  6.861 0.023256
119885  -37.490  40.675  6.536 0.023256
119886  -37.652  40.536  6.054 0.023256
119887  -37.992  40.351  5.591 0.069767
119888  -38.459  41.469  5.412 0.116279
119889  -38.327  40.779  5.230 0.116279
119890  -38.265  40.090  5.112 0.116279
119891  -38.593  39.837  4.634 0.116279
119892  -38.986  39.566  4.182 0.139535
119893  -39.435  39.344  3.771 0.139535
119894  -38.463  39.383  -0.417 0.534884
119895  -38.703  39.233  0.079 0.441860
119896  -39.227  38.828  -0.349 0.465116
119897  -40.058  38.372  -0.274 0.418605
119898  -40.942  38.045  -0.151 0.395349
119899  -41.297  37.708  -1.067 0.488372
119900  -41.532  37.769  -0.511 0.372093
119901  -41.847  37.874  0.020 0.372093
119902  -42.782  37.837  0.084 0.302326
119903  -43.643  37.870  0.203 0.302326
119904  -44.460  37.795  0.318 0.209302
119905  -45.235  37.529  0.425 0.209302
119906  -44.960  37.505  -0.118 0.209302
119907  -45.558  37.147  -0.498 0.232558
119908  -46.219  36.799  -0.854 0.255814
119909  -45.161  36.775  -1.479 0.279070
119910  -46.016  36.677  -1.344 0.255814
119911  -46.891  36.466  -1.295 0.209302
119912  -47.493  36.102  -1.781 0.162791
119913  -48.062  35.759  -2.207 0.162791
119914  -48.576  35.298  -2.654 0.162791
119915  -48.905  34.897  -3.059 0.162791
119916  -48.360  35.394  -3.082 0.139535
119917  -48.102  35.409  -3.509 0.139535
119918  -47.885  35.473  -3.930 0.139535
119919  -46.649  35.952  -3.680 0.209302
119920  -47.201  35.731  -4.026 0.139535
119921  -47.657  35.605  -4.381 0.093023
119922  -47.404  35.782  -4.827 0.116279
119923  -47.227  35.982  -5.252 0.069767
119924  -46.981  36.170  -5.725 0.116279
119925  -42.144  40.464  -8.698 0.418605
119926  -42.503  39.532  -8.533 0.418605
119927  -42.625  40.157  -9.059 0.418605
119928  -43.164  39.908  -9.500 0.418605
119929  -43.681  39.608  -9.954 0.418605
119930  -43.565  41.214  -10.533 0.372093
119931  -43.784  40.202  -10.470 0.372093
119932  -44.146  39.219  -10.363 0.395349
119933  -44.622  38.859  -10.771 0.395349
119934  -45.127  38.558  -11.092 0.372093
119935  -45.593  38.223  -11.363 0.372093
119936  -46.007  37.883  -11.618 0.232558
119937  -45.513  38.692  -11.951 0.302326
119938  -45.454  39.055  -12.368 0.279070
119939  -45.298  39.312  -12.748 0.209302
119940  -44.667  40.582  -12.508 0.209302
119941  -44.887  40.030  -12.830 0.209302
119942  -45.073  39.479  -13.139 0.162791
119943  -44.704  39.564  -13.377 0.139535
119944  -44.262  39.593  -13.594 0.093023
121647  -36.367  52.753  2.048 0.046512
121648  -36.161  52.954  1.404 0.023256
121649  -35.720  52.950  1.930 0.023256
121808  -36.831  42.564  10.439 0.023256
121811  -37.105  43.204  10.042 0.023256
121812  -37.411  43.824  9.594 0.023256
121814  -37.976  45.036  8.887 0.023256
121823  -37.875  50.330  6.502 0.023256
121824  -38.220  50.401  6.155 0.046512
121825  -38.410  50.268  5.701 0.046512
121826  -38.552  50.030  5.166 0.046512
121827  -38.026  50.604  5.196 0.046512
121828  -37.676  50.962  4.652 0.046512
121829  -37.355  51.268  4.125 0.023256
125076  -45.912  24.519  15.006 0.023256
125081  -38.551  34.953  7.307 0.046512
125082  -38.165  34.364  7.977 0.046512
125083  -39.007  34.397  7.699 0.046512
125084  -39.515  33.906  8.022 0.046512
125085  -40.080  33.508  8.248 0.046512
125086  -41.435  34.113  7.508 0.069767
125087  -41.030  33.616  8.015 0.069767
125088  -40.710  33.182  8.438 0.046512
125089  -41.446  32.902  8.652 0.046512
125090  -42.219  32.668  8.831 0.046512
125091  -42.977  32.372  9.023 0.046512
125092  -50.658  31.392  6.693 0.069767
125093  -49.989  31.645  7.256 0.069767
125094  -50.549  31.197  7.269 0.069767
125095  -50.405  30.898  7.738 0.069767
125096  -50.331  30.535  8.160 0.046512
125175  -47.231  32.882  -4.160 0.023256
125176  -46.616  32.481  -3.592 0.023256
125177  -46.500  32.732  -3.951 0.023256
125178  -45.760  32.668  -3.722 0.023256
125179  -45.036  32.629  -3.520 0.023256
125180  -45.568  33.207  -4.534 0.023256
125181  -44.963  32.907  -3.941 0.023256
125182  -44.392  32.578  -3.401 0.023256
129723  -42.944  44.683  -11.387 0.186047
129724  -42.644  44.685  -11.753 0.116279
129725  -42.572  45.248  -11.314 0.093023
129726  -42.066  45.733  -11.189 0.069767
129727  -41.561  46.100  -11.029 0.069767
129728  -41.800  46.567  -10.123 0.093023
129729  -41.472  46.593  -10.487 0.046512
129730  -41.026  46.399  -10.849 0.023256
129731  -40.423  46.628  -10.652 0.023256
129732  -39.644  46.785  -10.396 0.023256
129733  -38.865  46.991  -10.107 0.023256
129734  -41.207  48.210  -7.914 0.093023
129735  -40.938  48.302  -8.394 0.046512
129736  -40.564  48.272  -8.795 0.023256
129737  -39.903  49.324  -8.316 0.023256
129738  -40.002  48.713  -8.737 0.023256
129739  -40.119  48.173  -9.175 0.023256
129740  -39.513  47.883  -9.506 0.023256
129741  -38.849  47.566  -9.734 0.023256
129742  -38.033  47.232  -9.804 0.023256
129745  -35.494  48.251  -9.116 0.023256
129746  -36.200  49.286  -8.711 0.023256
129837  -38.834  44.370  4.140 0.209302
129838  -38.635  43.670  3.906 0.255814
129839  -38.354  43.931  3.532 0.209302
129840  -37.967  43.455  2.982 0.279070
129841  -37.619  42.938  2.381 0.302326
129842  -37.663  43.970  2.253 0.302326
129843  -37.471  43.210  2.000 0.348837
129844  -37.352  42.397  1.754 0.395349
129845  -37.287  41.800  1.159 0.418605
129846  -37.270  41.226  0.577 0.465116
129847  -37.469  40.661  0.023 0.488372
129848  -37.379  45.604  0.181 0.255814
129849  -37.209  44.772  0.001 0.279070
129850  -37.110  43.895  -0.201 0.302326
129851  -37.258  43.865  -1.536 0.395349
129852  -37.146  43.410  -0.956 0.372093
129853  -37.072  42.903  -0.351 0.441860
129854  -37.129  41.886  -0.463 0.511628
129855  -37.324  40.930  -0.538 0.488372
129856  -37.746  40.044  -0.511 0.558140
129857  -38.305  39.630  -1.019 0.534884
129858  -38.911  39.179  -1.517 0.558140
129859  -39.526  38.789  -1.948 0.558140
129860  -38.881  39.914  -2.673 0.581395
129861  -39.466  39.081  -2.518 0.558140
129862  -40.151  38.451  -2.368 0.558140
129863  -40.778  38.084  -2.772 0.558140
129864  -41.460  37.774  -3.144 0.581395
129865  -42.159  37.395  -3.502 0.558140
129866  -42.756  37.209  -3.850 0.511628
129867  -42.002  37.728  -4.064 0.604651
129868  -41.890  38.085  -4.624 0.627907
129869  -41.715  38.485  -5.231 0.581395
129870  -40.585  39.609  -5.085 0.604651
129871  -41.035  39.208  -5.471 0.627907
129872  -41.524  38.856  -5.853 0.581395
129873  -41.371  39.232  -6.469 0.511628
129874  -41.398  39.638  -7.121 0.465116
129875  -41.466  40.128  -7.732 0.418605
129876  -39.325  43.325  -5.403 0.418605
129877  -39.594  42.811  -5.903 0.441860
129878  -39.903  42.323  -6.383 0.465116
129879  -40.083  43.772  -6.847 0.372093
129880  -40.108  42.839  -6.880 0.441860
129881  -40.286  41.869  -6.873 0.441860
129882  -40.729  41.384  -7.374 0.465116
129883  -41.180  40.989  -7.824 0.441860
129884  -41.665  40.724  -8.253 0.418605
129885  -41.858  41.346  -8.735 0.441860
129886  -42.109  42.056  -9.253 0.418605
129887  -42.468  42.780  -9.716 0.418605
129888  -41.976  43.964  -9.146 0.372093
129889  -42.366  43.689  -9.675 0.348837
129890  -42.798  43.422  -10.164 0.395349
129891  -42.987  43.987  -10.568 0.302326
129892  -43.015  44.386  -11.021 0.232558
134534  -38.499  28.330  14.473 0.023256
134536  -39.827  27.216  14.238 0.023256
134537  -40.474  27.139  13.641 0.023256
134538  -41.178  27.119  13.099 0.023256
134539  -41.916  27.141  12.618 0.023256
134540  -45.063  34.551  5.164 0.069767
134541  -45.087  34.413  5.939 0.069767
134542  -45.672  34.109  5.432 0.069767
134543  -46.379  33.706  5.698 0.069767
134544  -47.157  33.322  5.916 0.046512
134545  -47.636  32.962  4.431 0.046512
134546  -47.834  32.914  5.207 0.046512
134547  -47.909  32.980  6.023 0.046512
134548  -48.653  32.642  6.037 0.046512
134549  -49.405  32.314  6.058 0.069767
134550  -50.145  31.981  6.109 0.069767
134551  -50.154  31.862  2.213 0.069767
134552  -50.305  31.723  2.922 0.046512
134553  -50.419  31.661  3.580 0.069767
134554  -51.266  30.866  3.159 0.069767
134555  -51.012  31.271  3.695 0.069767
134556  -50.564  31.692  4.246 0.069767
134557  -50.687  31.699  4.874 0.069767
134558  -50.758  31.650  5.493 0.069767
134559  -50.756  31.560  6.112 0.069767
134560  -51.209  31.080  6.146 0.023256
134561  -51.648  30.538  6.136 0.023256
140906  -42.460  38.833  -13.737 0.023256
140907  -41.899  38.491  -13.556 0.023256
140924  -42.220  44.495  -12.124 0.069767
140925  -41.656  44.155  -12.371 0.069767
140926  -40.990  43.756  -12.423 0.023256
140927  -40.409  44.833  -11.909 0.023256
141228  -34.625  36.013  9.880 0.023256
141229  -34.929  35.827  9.167 0.023256
141230  -35.405  37.133  8.432 0.023256
141231  -35.358  36.421  8.461 0.023256
141232  -35.472  35.723  8.587 0.023256
141233  -36.088  35.612  8.102 0.046512
141234  -36.719  35.551  7.657 0.046512
141235  -37.448  35.530  7.323 0.046512
141237  -36.935  38.953  6.601 0.023256
141238  -36.959  38.158  6.496 0.023256
141239  -37.724  38.539  5.773 0.069767
141240  -37.378  37.948  6.069 0.046512
141241  -37.094  37.408  6.480 0.023256
141242  -37.368  36.727  6.573 0.046512
141243  -37.759  36.102  6.760 0.046512
141244  -38.158  35.496  6.978 0.046512
141245  -38.898  35.506  6.701 0.046512
141246  -39.745  35.535  6.473 0.069767
141247  -40.548  35.467  6.249 0.093023
141248  -40.312  36.381  5.472 0.116279
141249  -40.789  35.872  5.693 0.093023
141250  -41.345  35.463  5.999 0.093023
141251  -42.159  35.446  5.741 0.093023
141252  -43.062  35.368  5.584 0.116279
141253  -43.787  35.214  5.283 0.093023
141254  -38.559  42.978  3.724 0.255814
141255  -38.402  42.240  3.534 0.279070
141256  -38.340  41.549  3.381 0.348837
141257  -37.944  41.219  2.396 0.395349
141258  -38.186  41.093  2.827 0.325581
141259  -38.472  40.865  3.303 0.255814
141260  -38.811  40.204  3.286 0.232558
141261  -39.307  39.630  3.313 0.162791
141262  -39.912  39.150  3.375 0.139535
141263  -38.961  39.171  0.543 0.395349
141264  -39.200  39.162  1.009 0.418605
141265  -39.539  39.220  1.452 0.348837
141266  -41.033  38.719  1.288 0.372093
141267  -40.422  39.048  1.559 0.348837
141268  -39.940  39.295  1.951 0.348837
141269  -40.290  39.233  2.534 0.209302
141270  -40.490  39.029  3.081 0.139535
141271  -40.558  38.724  3.547 0.139535
141272  -41.200  38.221  3.683 0.093023
141273  -41.779  37.651  3.810 0.093023
141274  -42.270  37.074  3.945 0.093023
141275  -43.058  37.416  3.167 0.116279
141276  -42.907  36.856  3.523 0.116279
141277  -42.727  36.543  4.064 0.116279
141278  -43.250  36.043  4.245 0.139535
141279  -43.814  35.503  4.520 0.093023
141280  -44.436  35.000  4.843 0.116279
141281  -44.937  34.617  4.323 0.093023
141282  -45.521  34.241  3.747 0.093023
141283  -46.177  33.859  3.162 0.046512
141284  -45.598  34.871  2.372 0.139535
141285  -46.200  34.168  2.434 0.139535
141286  -46.849  33.561  2.557 0.116279
141287  -47.507  33.400  2.025 0.116279
141288  -48.183  33.282  1.510 0.093023
141289  -48.810  33.117  1.046 0.069767
141290  -45.918  37.072  0.558 0.209302
141291  -46.563  36.331  0.553 0.186047
141292  -47.133  35.633  0.499 0.209302
141293  -47.786  35.874  -0.375 0.186047
141294  -47.794  35.459  0.052 0.209302
141295  -47.747  34.925  0.392 0.209302
141296  -48.369  34.201  0.313 0.186047
141297  -48.873  33.502  0.387 0.139535
141298  -49.391  32.852  0.570 0.093023
141299  -49.859  32.578  0.146 0.093023
141300  -50.200  32.240  -0.298 0.069767
141301  -50.408  31.811  -0.724 0.069767
141302  -50.114  32.803  -1.360 0.069767
141303  -50.321  32.067  -1.306 0.046512
141304  -50.427  31.457  -1.107 0.069767
141305  -50.239  31.075  -1.364 0.069767
141306  -49.801  30.780  -1.515 0.023256
141307  -49.194  30.556  -1.596 0.023256
141308  -48.561  30.404  -1.568 0.023256
141309  -48.982  30.880  -1.956 0.023256
141310  -48.845  31.203  -2.282 0.023256
141311  -48.626  31.486  -2.565 0.023256
141312  -49.431  32.270  -2.834 0.023256
141313  -49.013  32.010  -2.883 0.023256
141314  -48.470  31.811  -2.870 0.023256
141315  -48.336  32.181  -3.202 0.023256
141316  -48.113  32.485  -3.516 0.023256
141317  -47.967  32.763  -3.852 0.023256
141318  -49.126  34.534  -3.383 0.093023
141319  -49.281  34.238  -3.682 0.023256
141321  -48.919  34.666  -4.417 0.023256
141323  -49.186  33.686  -4.101 0.023256
141324  -48.856  33.468  -4.181 0.023256
141325  -48.433  33.229  -4.223 0.023256
141326  -47.870  33.041  -4.243 0.023256
141327  -47.788  33.280  -4.620 0.023256
141328  -47.610  33.487  -5.028 0.023256
141329  -47.413  33.639  -5.472 0.023256
141336  -43.375  37.005  -4.197 0.558140
141337  -43.973  36.864  -4.541 0.534884
141338  -44.564  36.759  -4.893 0.418605
141339  -43.596  37.464  -5.724 0.441860
141340  -44.344  37.022  -5.417 0.465116
141341  -45.181  36.639  -5.214 0.441860
141342  -45.713  36.572  -5.549 0.348837
141343  -46.239  36.475  -5.892 0.232558
141344  -46.802  36.299  -6.249 0.162791
141345  -43.023  38.692  -8.335 0.418605
141346  -43.690  38.011  -8.057 0.441860
141347  -44.421  37.516  -7.690 0.395349
141348  -44.845  37.556  -8.707 0.395349
141349  -44.998  37.358  -7.981 0.395349
141350  -45.090  37.180  -7.326 0.325581
141351  -45.855  36.873  -6.997 0.255814
141352  -46.563  36.516  -6.754 0.186047
141353  -47.174  36.180  -6.549 0.116279
141354  -47.500  36.022  -6.841 0.093023
141355  -47.797  35.700  -7.136 0.069767
141356  -47.950  35.362  -7.398 0.069767
141357  -47.650  35.921  -8.270 0.116279
141358  -47.912  35.480  -7.965 0.046512
141359  -48.015  35.010  -7.670 0.023256
141366  -47.862  35.253  -10.083 0.023256
141372  -46.373  37.481  -11.764 0.209302
141373  -46.668  37.051  -11.905 0.139535
141374  -46.952  36.633  -12.052 0.116279
141375  -46.094  37.531  -12.837 0.116279
141376  -46.652  36.753  -12.509 0.069767
141377  -47.165  36.153  -12.128 0.069767
141378  -47.289  35.688  -12.216 0.023256
145827  -37.728  50.354  -2.808 0.093023
145828  -37.904  50.828  -3.162 0.069767
145829  -37.526  51.171  -2.610 0.069767
145830  -37.280  51.981  -2.413 0.046512
145831  -36.953  52.728  -2.312 0.046512
145832  -36.739  52.614  -1.298 0.069767
145833  -36.637  53.015  -1.782 0.046512
145834  -36.547  53.331  -2.171 0.046512
145835  -36.046  53.716  -2.077 0.046512
145836  -35.409  53.891  -2.089 0.046512
145837  -34.545  53.983  -2.225 0.046512
145838  -35.910  53.094  0.762 0.023256
145839  -35.576  53.191  0.197 0.023256
145840  -35.269  53.344  -0.367 0.023256
145842  -34.586  53.195  -0.526 0.023256
145843  -34.921  53.498  -0.856 0.023256
145844  -34.545  53.688  -1.351 0.023256
145845  -34.109  53.787  -1.819 0.023256
145846  -33.785  53.786  -2.307 0.023256
145847  -33.049  53.489  -2.503 0.023256
146243  -36.769  40.515  7.889 0.023256
146247  -37.199  42.082  9.315 0.023256
146251  -36.981  41.063  7.999 0.023256
146252  -37.063  40.945  7.483 0.023256
146253  -37.575  41.438  7.134 0.023256
146254  -38.091  41.926  6.817 0.046512
146255  -38.554  42.407  6.508 0.069767
146256  -38.591  43.083  7.031 0.069767
146257  -38.807  42.982  6.610 0.116279
146258  -38.948  42.923  6.231 0.116279
146259  -39.260  43.407  5.850 0.116279
146260  -39.367  43.848  5.424 0.139535
146261  -39.270  44.287  5.006 0.162791
146270  -38.158  45.587  8.581 0.023256
146280  -38.474  45.411  7.547 0.023256
146281  -38.683  45.319  7.045 0.093023
146282  -38.923  45.222  6.581 0.093023
146283  -39.084  46.410  6.422 0.069767
146284  -39.072  45.763  6.226 0.116279
146285  -39.166  45.069  6.129 0.139535
146286  -39.283  44.974  5.644 0.162791
146287  -39.280  44.878  5.145 0.209302
146288  -39.146  44.674  4.640 0.232558
146289  -38.964  44.942  4.261 0.186047
146290  -38.819  45.190  3.870 0.162791
146291  -38.682  45.488  3.562 0.139535
146292  -38.961  46.385  4.042 0.139535
146293  -38.676  46.063  3.647 0.162791
146294  -38.445  45.772  3.218 0.162791
146295  -38.282  46.097  2.804 0.162791
146296  -38.163  46.457  2.288 0.186047
146297  -37.963  46.913  1.763 0.162791
146298  -38.721  49.719  4.619 0.069767
146299  -38.659  49.347  4.028 0.069767
146300  -38.487  48.973  3.406 0.093023
146301  -37.997  50.111  3.103 0.093023
146302  -38.188  49.358  2.978 0.069767
146303  -38.259  48.537  2.776 0.116279
146304  -38.070  48.084  2.258 0.162791
146305  -37.918  47.688  1.809 0.186047
146306  -37.750  47.353  1.269 0.186047
146307  -37.590  47.806  0.745 0.162791
146308  -37.502  48.285  0.231 0.139535
146309  -37.514  48.793  -0.298 0.139535
146310  -37.547  49.840  0.435 0.069767
146311  -37.508  49.565  -0.252 0.093023
146312  -37.507  49.274  -0.946 0.116279
146313  -37.490  49.712  -1.622 0.116279
146314  -37.585  50.012  -2.246 0.093023
153877  -38.164  51.155  -3.685 0.069767
153878  -38.356  51.590  -4.204 0.069767
153879  -38.450  52.076  -4.676 0.046512
153880  -37.373  53.015  -3.965 0.046512
153881  -37.869  52.716  -4.585 0.046512
153882  -38.339  52.510  -5.213 0.046512
153883  -38.113  52.611  -5.727 0.023256
153887  -35.167  53.906  -4.576 0.046512
153888  -35.734  53.736  -5.134 0.023256
154686  -34.234  34.823  11.487 0.023256
154687  -34.306  34.020  11.605 0.023256
154688  -34.604  33.299  11.778 0.046512
154689  -34.941  33.928  10.409 0.046512
154690  -34.895  33.282  11.161 0.046512
154691  -34.925  32.639  11.923 0.046512
154692  -35.341  32.048  12.018 0.046512
154693  -35.825  31.546  12.111 0.046512
154694  -36.354  31.121  12.222 0.046512
154695  -37.743  33.850  8.572 0.046512
154696  -37.432  33.340  9.143 0.046512
154697  -37.212  32.829  9.765 0.046512
154698  -38.622  32.549  9.530 0.046512
154699  -37.776  32.429  9.957 0.046512
154700  -37.064  32.289  10.402 0.046512
154701  -36.954  31.755  11.035 0.046512
154702  -36.942  31.222  11.672 0.046512
154703  -37.013  30.706  12.293 0.023256
154704  -37.753  30.350  12.368 0.023256
154705  -38.558  29.946  12.377 0.023256
154706  -39.356  29.376  12.373 0.023256
154707  -40.084  30.143  11.478 0.023256
154708  -40.129  29.472  11.896 0.023256
154709  -40.179  28.820  12.344 0.023256
154710  -41.018  28.313  12.288 0.023256
154711  -41.879  27.792  12.217 0.023256
154712  -42.778  27.209  12.162 0.023256
154713  -45.033  34.191  6.651 0.069767
154714  -44.840  33.929  7.199 0.069767
154715  -44.683  33.563  7.676 0.069767
154716  -46.338  33.227  7.695 0.046512
154717  -45.427  33.272  7.904 0.046512
154718  -44.443  33.240  8.067 0.069767
154719  -44.199  32.927  8.436 0.046512
154720  -43.966  32.508  8.788 0.046512
154721  -43.757  31.989  9.275 0.046512
154722  -49.169  31.821  7.786 0.069767
154723  -48.301  31.896  8.201 0.046512
154724  -47.429  31.907  8.591 0.046512
154725  -48.001  31.057  9.187 0.023256
154726  -47.310  31.471  9.111 0.046512
154727  -46.491  31.906  8.974 0.046512
154728  -45.481  31.823  9.272 0.023256
154729  -44.571  31.607  9.527 0.023256
154730  -43.659  31.428  9.798 0.023256
154731  -43.584  30.867  10.184 0.023256
154732  -43.557  30.202  10.530 0.046512
154733  -43.536  29.500  10.820 0.023256
154734  -45.297  29.139  10.438 0.023256
154735  -44.407  28.953  10.751 0.023256
154736  -43.535  28.746  11.093 0.023256
154737  -43.580  27.996  11.420 0.023256
154738  -43.643  27.325  11.771 0.023256
154739  -43.701  26.709  12.121 0.023256
154740  -44.593  26.298  12.204 0.023256
154741  -45.486  25.915  12.278 0.023256
154742  -46.336  25.599  12.402 0.023256
154743  -47.038  26.196  11.487 0.023256
154744  -47.092  25.747  11.998 0.023256
154745  -47.192  25.316  12.694 0.023256
154746  -48.046  25.091  13.125 0.023256
154747  -48.838  24.938  13.587 0.023256
154749  -49.854  26.655  9.999 0.023256
154750  -49.875  26.187  10.593 0.023256
154929  -47.822  30.263  -1.466 0.023256
154930  -46.984  30.164  -1.300 0.023256
154931  -46.174  30.173  -1.039 0.023256
154932  -46.567  30.755  -1.919 0.023256
154933  -45.987  30.463  -1.404 0.023256
154934  -45.336  30.185  -0.765 0.023256
154935  -44.518  30.112  -0.472 0.023256
154936  -43.741  30.047  -0.177 0.023256
154937  -43.041  30.007  0.100 0.023256
154938  -45.935  32.039  -3.036 0.023256
154939  -45.249  31.578  -2.509 0.023256
154940  -44.598  31.128  -1.980 0.023256
154941  -43.807  31.411  -2.106 0.023256
154942  -43.854  31.011  -1.755 0.023256
154943  -43.971  30.721  -1.433 0.023256
154944  -43.401  30.395  -0.848 0.023256
154945  -42.873  30.170  -0.232 0.023256
154946  -42.332  29.939  0.427 0.023256
154947  -41.619  29.867  0.763 0.023256
154948  -40.967  29.782  1.074 0.023256

