#!ascii label, from subject fsaverage, vox2ras=TkReg
2158
130  -43.956  -75.728  14.170 0.069767
135  -36.249  -82.240  27.524 0.023256
136  -30.126  -91.623  9.512 0.023256
284  -42.021  -70.036  21.659 0.139535
297  -42.016  -74.496  29.786 0.162791
298  -41.648  -79.026  21.365 0.232558
566  -35.819  -86.273  15.335 0.093023
764  -45.255  -68.741  24.132 0.046512
776  -40.177  -72.420  33.201 0.093023
777  -44.573  -71.157  28.969 0.116279
778  -44.151  -72.198  25.498 0.209302
1215  -46.462  -79.248  7.447 0.023256
1248  -34.542  -79.616  32.770 0.023256
1253  -34.096  -81.862  16.667 0.046512
1254  -36.535  -84.356  21.727 0.046512
1255  -42.208  -76.826  17.766 0.209302
1256  -39.532  -81.083  15.584 0.116279
1257  -38.708  -77.310  12.726 0.093023
1664  -41.083  -73.004  17.600 0.116279
1666  -39.840  -70.056  16.536 0.069767
1686  -37.826  -76.015  33.787 0.116279
1687  -37.501  -76.562  29.053 0.232558
1688  -39.433  -80.468  24.437 0.139535
1689  -39.721  -75.287  25.727 0.255814
1690  -40.034  -74.162  21.776 0.232558
1704  -29.058  -89.533  13.153 0.046512
2336  -29.393  -81.026  12.656 0.023256
2337  -31.348  -85.602  12.542 0.046512
2338  -33.172  -89.252  11.126 0.093023
2339  -39.395  -83.722  18.397 0.139535
2340  -36.486  -85.474  11.572 0.046512
2684  -43.061  -68.167  25.815 0.023256
2685  -43.102  -67.044  23.555 0.023256
2696  -41.968  -69.864  30.530 0.069767
2697  -42.896  -69.357  27.825 0.046512
2698  -45.288  -69.898  26.433 0.069767
3134  -43.148  -76.123  11.870 0.046512
3136  -45.841  -75.654  12.642 0.046512
3174  -36.721  -83.319  24.823 0.023256
3175  -42.559  -76.105  15.775 0.139535
3176  -40.543  -77.650  15.291 0.139535
3177  -41.140  -76.367  13.278 0.093023
3178  -40.091  -76.451  10.755 0.046512
3734  -40.063  -71.216  19.893 0.139535
3735  -40.133  -71.612  17.032 0.069767
3736  -40.453  -69.890  19.188 0.093023
3768  -41.865  -73.965  32.023 0.116279
3769  -39.359  -74.413  33.897 0.093023
3770  -40.011  -75.168  31.868 0.116279
3771  -38.067  -76.132  31.632 0.139535
3772  -39.692  -75.024  29.687 0.162791
3773  -39.023  -75.760  27.435 0.209302
3774  -41.171  -74.663  27.949 0.209302
3775  -43.381  -70.986  23.627 0.186047
3776  -41.284  -72.362  24.410 0.232558
3777  -40.521  -71.599  22.254 0.162791
3778  -40.488  -73.500  19.684 0.209302
3801  -27.328  -87.897  12.913 0.046512
5197  -30.298  -77.114  15.114 0.023256
5199  -31.244  -78.947  14.429 0.023256
5200  -34.694  -84.203  16.282 0.093023
5201  -32.815  -83.319  14.014 0.069767
5202  -33.793  -85.950  13.572 0.116279
5203  -32.434  -88.171  12.661 0.093023
5204  -34.489  -88.266  12.580 0.139535
5205  -40.710  -79.712  22.942 0.116279
5206  -39.585  -82.289  21.679 0.186047
5207  -41.077  -81.345  20.052 0.232558
5208  -37.308  -81.425  12.808 0.069767
5209  -37.963  -83.189  13.721 0.116279
5210  -35.970  -83.491  10.481 0.046512
5211  -34.518  -85.673  8.982 0.046512
5984  -45.221  -69.920  22.381 0.116279
5985  -42.696  -69.404  20.346 0.046512
5986  -44.428  -68.417  21.589 0.046512
6005  -40.529  -70.348  32.821 0.023256
6006  -42.719  -71.874  31.582 0.116279
6007  -44.049  -73.359  29.663 0.139535
6008  -43.705  -73.735  27.478 0.186047
6009  -45.638  -72.018  27.083 0.116279
6010  -46.108  -70.961  24.541 0.093023
6795  -43.760  -80.896  7.013 0.023256
6796  -44.918  -78.643  9.108 0.023256
6797  -47.393  -77.258  9.554 0.023256
6854  -34.261  -78.703  35.964 0.023256
6865  -35.665  -83.284  19.422 0.023256
6866  -36.461  -85.119  18.433 0.069767
6867  -42.266  -77.926  19.725 0.279070
6868  -41.910  -80.135  18.503 0.255814
6869  -41.263  -78.978  16.935 0.209302
6870  -38.967  -79.281  14.588 0.093023
6871  -36.927  -79.138  11.750 0.046512
6873  -37.553  -77.602  10.036 0.023256
6874  -39.661  -77.773  8.476 0.023256
7724  -43.323  -74.314  16.281 0.093023
7725  -45.279  -74.132  14.439 0.046512
7726  -42.565  -72.821  15.386 0.093023
7727  -41.256  -71.506  14.396 0.069767
7728  -40.479  -69.872  13.940 0.023256
7729  -41.065  -68.841  18.156 0.093023
7730  -40.129  -68.516  15.811 0.046512
7772  -37.924  -72.839  35.703 0.046512
7773  -37.060  -74.877  36.226 0.069767
7774  -35.570  -76.913  36.383 0.046512
7775  -36.211  -77.706  33.572 0.116279
7776  -36.211  -78.482  30.818 0.093023
7777  -37.158  -79.912  28.223 0.116279
7778  -38.009  -81.585  26.072 0.069767
7779  -38.265  -78.506  26.453 0.232558
7780  -39.536  -77.830  24.970 0.255814
7781  -40.432  -77.460  23.639 0.232558
7782  -41.736  -73.633  26.070 0.209302
7783  -39.921  -74.625  23.926 0.279070
7784  -40.939  -76.761  21.638 0.279070
7785  -41.492  -75.855  19.612 0.232558
7786  -42.021  -74.986  17.816 0.186047
7818  -30.340  -91.140  11.929 0.023256
9435  -44.985  -81.416  5.520 0.023256
9569  -31.929  -81.167  14.194 0.023256
9570  -30.388  -83.071  12.408 0.046512
9571  -28.838  -85.429  12.397 0.023256
9572  -29.978  -87.852  12.836 0.046512
9573  -31.345  -89.551  12.353 0.046512
9574  -31.792  -90.336  10.275 0.046512
9575  -38.103  -83.267  23.311 0.116279
9576  -38.124  -84.590  20.314 0.093023
9577  -37.701  -85.675  16.676 0.093023
9578  -39.829  -82.412  16.877 0.209302
9579  -38.162  -84.576  14.821 0.046512
9580  -36.568  -86.799  13.303 0.116279
9581  -34.846  -87.540  10.478 0.069767
9582  -33.074  -87.957  9.083 0.069767
10364  -42.055  -67.850  26.498 0.023256
10365  -42.230  -67.217  25.438 0.023256
10377  -41.987  -68.351  27.512 0.023256
10378  -43.033  -68.786  26.741 0.023256
10814  -43.581  -75.987  12.968 0.069767
10815  -44.602  -76.052  12.328 0.046512
10816  -44.837  -75.704  13.316 0.046512
10848  -35.814  -81.584  28.849 0.023256
10854  -36.533  -82.771  26.197 0.023256
10855  -43.203  -75.915  14.924 0.046512
10856  -41.921  -76.387  14.551 0.093023
10857  -42.626  -76.098  13.633 0.069767
10858  -41.970  -76.065  12.401 0.069767
10877  -29.481  -92.609  10.202 0.023256
11414  -40.634  -70.416  20.941 0.139535
11415  -40.235  -70.441  19.588 0.093023
11416  -40.998  -69.878  20.473 0.093023
11448  -41.991  -74.361  31.038 0.139535
11449  -40.953  -74.711  32.061 0.116279
11450  -40.962  -74.799  31.073 0.139535
11451  -39.978  -75.044  30.880 0.186047
11452  -40.819  -74.732  29.966 0.162791
11453  -40.386  -74.813  28.890 0.186047
11454  -41.707  -74.527  28.809 0.116279
11455  -42.724  -70.443  22.634 0.186047
11456  -41.702  -71.056  23.109 0.209302
11457  -41.190  -70.670  22.014 0.162791
11458  -40.282  -71.367  21.053 0.162791
11479  -25.262  -87.574  12.874 0.023256
11480  -26.042  -88.373  12.890 0.023256
11481  -26.573  -86.957  12.701 0.023256
12877  -31.556  -77.299  15.848 0.023256
12878  -30.829  -77.973  14.683 0.023256
12879  -32.106  -78.222  15.584 0.023256
12880  -35.290  -85.331  15.971 0.093023
12881  -34.339  -84.970  14.883 0.116279
12882  -34.813  -86.247  14.435 0.093023
12883  -34.170  -87.241  13.226 0.093023
12884  -35.220  -87.246  13.735 0.093023
12885  -41.168  -79.399  22.241 0.186047
12886  -40.995  -80.559  21.616 0.186047
12887  -41.542  -80.096  20.833 0.186047
12888  -36.287  -81.361  11.345 0.046512
12889  -36.685  -82.427  11.614 0.046512
12890  -35.646  -82.411  10.145 0.023256
12891  -35.041  -83.530  9.255 0.023256
13814  -45.761  -69.366  23.174 0.046512
13815  -45.064  -69.165  21.870 0.046512
13816  -44.864  -68.495  22.894 0.023256
13848  -43.235  -70.558  29.812 0.069767
13849  -42.544  -70.830  31.114 0.069767
13850  -43.683  -71.507  30.477 0.116279
13851  -43.461  -72.591  30.871 0.116279
13852  -44.634  -72.186  29.388 0.116279
13853  -44.939  -72.682  28.341 0.162791
13854  -45.452  -71.527  28.105 0.116279
13855  -45.351  -69.300  25.279 0.069767
13856  -46.069  -70.318  25.483 0.093023
13857  -46.136  -69.846  24.349 0.069767
13858  -45.900  -70.441  23.488 0.093023
15168  -46.618  -77.237  10.376 0.023256
15263  -34.404  -79.227  34.406 0.046512
15282  -36.042  -83.985  20.761 0.023256
15283  -35.910  -84.278  19.040 0.023256
15284  -36.556  -84.718  20.214 0.046512
15285  -42.298  -77.350  18.691 0.232558
15286  -42.264  -78.431  18.391 0.255814
15287  -41.884  -77.896  17.428 0.232558
15288  -39.613  -77.499  14.035 0.093023
15289  -39.808  -78.373  14.952 0.093023
15290  -38.727  -78.288  13.729 0.093023
15291  -37.935  -79.213  13.286 0.093023
15292  -37.769  -78.134  12.314 0.069767
15293  -37.056  -78.161  11.001 0.023256
15294  -38.063  -77.316  11.374 0.046512
15295  -41.271  -76.683  10.075 0.046512
15296  -39.898  -77.003  9.546 0.023256
16964  -42.151  -73.622  16.879 0.093023
16965  -43.143  -73.482  15.953 0.093023
16966  -41.708  -72.952  16.474 0.093023
16967  -39.932  -70.851  16.768 0.069767
16968  -40.597  -71.608  15.675 0.069767
16969  -40.281  -70.860  15.376 0.069767
16970  -40.822  -70.756  14.089 0.069767
16971  -40.021  -70.066  15.144 0.069767
16972  -43.057  -68.939  19.706 0.046512
16973  -41.868  -69.137  19.215 0.093023
16974  -42.127  -68.630  18.701 0.046512
16976  -40.789  -68.009  16.608 0.046512
16977  -40.430  -67.694  15.547 0.023256
16978  -40.111  -68.235  14.629 0.023256
16979  -40.444  -67.280  14.312 0.023256
17063  -39.173  -71.543  34.072 0.046512
17065  -38.863  -72.622  34.273 0.069767
17066  -38.644  -75.286  33.870 0.093023
17067  -38.214  -74.560  35.050 0.069767
17068  -37.524  -75.544  35.070 0.093023
17069  -36.325  -75.911  36.391 0.046512
17070  -36.668  -76.472  35.027 0.093023
17071  -35.989  -77.455  34.826 0.093023
17072  -37.009  -76.801  33.688 0.093023
17073  -37.729  -76.241  30.441 0.162791
17074  -36.993  -77.125  31.327 0.139535
17075  -36.854  -77.541  29.894 0.116279
17076  -36.513  -79.094  29.497 0.093023
17077  -37.183  -78.228  28.479 0.162791
17078  -37.682  -79.221  27.334 0.139535
17079  -37.750  -77.549  27.657 0.232558
17080  -39.522  -75.556  26.609 0.186047
17081  -39.132  -76.746  26.038 0.255814
17082  -39.545  -76.606  25.370 0.255814
17083  -40.021  -77.690  24.404 0.232558
17084  -39.816  -76.299  24.609 0.255814
17085  -44.138  -73.002  26.425 0.209302
17086  -42.864  -73.700  26.742 0.209302
17087  -42.904  -72.863  25.860 0.232558
17088  -40.233  -73.077  23.204 0.232558
17089  -40.412  -73.372  24.241 0.232558
17090  -40.018  -74.353  22.892 0.302326
17091  -40.226  -75.788  22.718 0.255814
17092  -40.362  -75.460  21.632 0.279070
17093  -41.194  -76.315  20.630 0.255814
17094  -40.639  -75.139  20.675 0.209302
17095  -40.754  -73.228  18.580 0.186047
17096  -41.274  -74.253  18.663 0.162791
17097  -41.637  -73.940  17.744 0.139535
17098  -42.559  -74.654  16.953 0.116279
17162  -28.011  -90.044  13.219 0.046512
17164  -28.895  -90.997  13.154 0.023256
17165  -29.558  -91.795  12.574 0.023256
17166  -29.759  -90.421  12.797 0.023256
21022  -45.301  -80.233  7.293 0.023256
21023  -44.454  -81.400  6.339 0.023256
21024  -45.793  -80.302  6.466 0.023256
21038  -46.001  -74.083  13.508 0.023256
21355  -28.949  -79.915  12.969 0.023256
21359  -28.522  -82.174  12.259 0.023256
21362  -33.062  -81.409  15.386 0.023256
21363  -32.148  -84.341  13.046 0.069767
21364  -31.680  -83.185  13.074 0.046512
21365  -30.816  -84.330  12.491 0.023256
21366  -29.561  -84.250  12.287 0.023256
21367  -30.055  -85.534  12.369 0.023256
21368  -29.368  -86.738  12.620 0.069767
21369  -30.632  -86.785  12.520 0.023256
21370  -32.847  -88.986  12.058 0.093023
21371  -31.903  -88.909  12.453 0.069767
21372  -32.358  -89.521  11.705 0.023256
21373  -31.745  -90.071  11.407 0.023256
21374  -32.539  -89.698  10.667 0.069767
21375  -38.720  -81.005  25.265 0.116279
21376  -38.170  -82.431  24.765 0.116279
21377  -38.846  -81.958  23.886 0.139535
21378  -39.558  -83.028  20.184 0.209302
21379  -38.803  -83.619  21.078 0.116279
21380  -38.881  -84.256  19.283 0.116279
21381  -38.133  -85.194  18.446 0.069767
21382  -38.587  -84.842  17.441 0.093023
21383  -40.798  -80.659  16.981 0.186047
21384  -41.023  -81.340  17.719 0.209302
21385  -39.673  -81.754  16.185 0.209302
21386  -37.326  -84.311  12.549 0.093023
21387  -38.142  -83.963  14.159 0.046512
21388  -37.517  -85.123  13.153 0.046512
21389  -37.501  -85.737  14.000 0.093023
21390  -36.629  -86.217  12.355 0.093023
21391  -35.728  -87.373  11.745 0.093023
21392  -35.629  -86.557  10.877 0.093023
21393  -33.415  -85.774  8.280 0.023256
21394  -33.732  -86.653  8.857 0.046512
21395  -32.623  -87.043  8.493 0.023256
23264  -44.203  -68.369  25.064 0.023256
23265  -44.183  -67.843  23.878 0.023256
23266  -43.237  -67.528  24.719 0.023256
23267  -42.365  -66.598  24.385 0.023256
23286  -42.485  -69.661  29.244 0.046512
23287  -43.909  -70.276  28.309 0.093023
23288  -45.149  -70.525  27.640 0.069767
23289  -44.147  -69.646  27.074 0.046512
23290  -44.227  -69.015  26.021 0.046512
24074  -42.836  -76.467  10.829 0.046512
24076  -44.324  -76.572  11.305 0.023256
24077  -45.697  -76.309  11.709 0.023256
24078  -46.817  -75.636  12.036 0.023256
24134  -34.749  -80.263  31.335 0.046512
24146  -36.555  -83.886  23.244 0.023256
24147  -42.261  -76.442  16.754 0.186047
24148  -41.560  -77.358  16.505 0.209302
24149  -41.557  -76.832  15.552 0.139535
24150  -40.731  -76.916  14.308 0.093023
24151  -39.828  -76.718  12.925 0.093023
24152  -39.188  -76.671  11.700 0.046512
24153  -40.456  -76.290  12.016 0.046512
24154  -41.529  -76.216  11.213 0.046512
25154  -40.274  -72.191  18.659 0.116279
25155  -40.596  -72.280  17.332 0.093023
25156  -40.033  -71.414  18.433 0.093023
25157  -39.927  -70.619  18.221 0.093023
25158  -39.994  -69.988  17.872 0.069767
25214  -41.211  -73.259  32.673 0.116279
25215  -39.909  -73.407  33.567 0.093023
25216  -40.666  -74.196  32.910 0.116279
25217  -39.839  -75.001  32.921 0.116279
25218  -38.986  -75.492  32.714 0.116279
25219  -38.052  -76.121  32.671 0.116279
25220  -39.107  -75.508  31.700 0.139535
25221  -38.941  -75.503  30.637 0.162791
25222  -38.479  -75.586  29.389 0.209302
25223  -38.273  -76.036  28.180 0.232558
25224  -39.249  -75.238  28.587 0.186047
25225  -39.903  -75.006  27.810 0.209302
25226  -40.323  -74.745  26.977 0.232558
25227  -43.933  -71.580  24.620 0.232558
25228  -42.635  -72.162  25.033 0.232558
25229  -42.261  -71.529  24.133 0.232558
25230  -40.872  -71.914  23.321 0.209302
25231  -40.099  -72.808  22.068 0.232558
25232  -40.253  -73.859  20.735 0.232558
25233  -40.128  -72.615  20.959 0.232558
25234  -40.179  -72.353  19.840 0.186047
25274  -27.013  -89.133  13.000 0.023256
25275  -28.202  -88.688  13.117 0.046512
27589  -47.478  -78.240  7.439 0.023256
27590  -46.721  -79.201  6.428 0.023256
27598  -43.282  -71.833  12.730 0.023256
27786  -29.831  -75.861  15.868 0.023256
27787  -29.062  -76.917  14.853 0.023256
27789  -29.462  -77.964  14.239 0.023256
27790  -29.912  -78.858  13.756 0.023256
27791  -30.301  -79.901  13.474 0.023256
27792  -34.322  -83.048  16.454 0.046512
27793  -33.343  -82.564  15.221 0.046512
27794  -33.833  -83.699  15.072 0.093023
27795  -33.409  -84.508  13.773 0.116279
27796  -32.603  -85.543  12.980 0.093023
27797  -31.873  -86.870  12.634 0.046512
27798  -33.100  -87.013  12.897 0.093023
27799  -33.398  -88.241  12.508 0.069767
27800  -33.821  -88.883  11.709 0.116279
27801  -40.113  -79.980  23.599 0.209302
27802  -39.587  -81.467  23.041 0.116279
27803  -40.395  -80.891  22.346 0.162791
27804  -40.340  -81.760  20.927 0.186047
27805  -40.224  -82.491  19.272 0.186047
27806  -38.352  -81.359  14.366 0.093023
27807  -38.628  -82.148  14.810 0.116279
27808  -37.673  -82.417  13.312 0.093023
27809  -37.040  -83.392  12.039 0.046512
27810  -36.233  -84.541  10.964 0.046512
27811  -35.485  -85.678  10.199 0.023256
27812  -35.272  -84.646  9.628 0.023256
27813  -34.210  -84.669  8.587 0.023256
29324  -43.720  -70.002  22.052 0.139535
29325  -42.406  -69.666  21.045 0.069767
29326  -44.018  -69.587  21.370 0.069767
29327  -44.097  -69.107  20.768 0.046512
29370  -39.504  -70.631  33.889 0.023256
29371  -40.342  -71.352  32.952 0.046512
29372  -41.349  -70.054  31.744 0.046512
29373  -41.613  -71.104  32.125 0.046512
29374  -41.502  -72.225  32.360 0.069767
29375  -42.369  -72.988  31.903 0.139535
29376  -42.841  -73.699  31.085 0.139535
29377  -43.145  -74.190  29.625 0.162791
29378  -42.978  -74.236  28.641 0.162791
29379  -44.040  -73.672  28.472 0.162791
29380  -44.801  -72.983  27.262 0.186047
29381  -45.188  -72.268  26.111 0.186047
29382  -45.876  -70.856  26.858 0.093023
29383  -45.969  -71.393  25.761 0.116279
29384  -45.287  -71.667  25.088 0.139535
29385  -45.031  -71.137  23.986 0.116279
29386  -44.459  -70.524  22.967 0.162791
31217  -44.513  -79.765  8.025 0.023256
31218  -45.871  -79.071  8.298 0.023256
31220  -46.254  -78.079  9.396 0.023256
31221  -47.053  -78.215  8.489 0.023256
31222  -47.999  -77.186  8.520 0.023256
31379  -35.064  -82.509  18.029 0.023256
31380  -35.234  -83.714  17.821 0.023256
31381  -35.514  -84.710  17.421 0.069767
31382  -36.159  -85.591  16.821 0.069767
31383  -41.944  -78.556  20.563 0.279070
31384  -41.957  -79.573  19.952 0.232558
31385  -42.193  -78.988  19.199 0.255814
31386  -41.642  -79.561  17.727 0.255814
31387  -40.486  -80.007  16.260 0.162791
31388  -40.860  -78.234  16.107 0.139535
31389  -40.185  -79.211  15.657 0.116279
31390  -39.343  -80.314  15.078 0.093023
31391  -38.059  -80.372  13.867 0.093023
31392  -37.032  -80.266  12.437 0.069767
31393  -36.057  -80.243  10.849 0.023256
31398  -38.790  -76.941  10.367 0.023256
31399  -38.477  -77.494  9.090 0.023256
31401  -39.227  -78.711  7.467 0.023256
31402  -40.359  -79.358  7.202 0.023256
33584  -44.126  -75.232  15.283 0.069767
33585  -44.906  -75.119  14.401 0.046512
33586  -44.364  -74.218  15.379 0.069767
33587  -44.131  -73.329  14.978 0.069767
33588  -43.448  -72.653  14.265 0.046512
33589  -41.072  -72.249  16.053 0.093023
33590  -41.882  -72.215  14.771 0.093023
33591  -42.569  -71.960  13.709 0.069767
33592  -42.012  -71.314  13.240 0.046512
33595  -41.454  -69.530  19.900 0.093023
33596  -40.806  -69.368  18.744 0.093023
33597  -40.250  -69.292  17.478 0.069767
33598  -41.370  -68.238  17.624 0.046512
33599  -40.478  -68.650  17.033 0.046512
33600  -39.916  -69.257  16.221 0.069767
33601  -39.996  -69.177  14.899 0.023256
33602  -40.403  -68.902  13.692 0.023256
33712  -37.354  -73.118  37.276 0.023256
33713  -38.592  -73.603  34.727 0.093023
33714  -37.548  -73.837  36.026 0.046512
33715  -36.811  -74.149  37.513 0.023256
33716  -36.105  -75.172  37.664 0.023256
33717  -35.315  -76.324  37.841 0.023256
33719  -34.957  -77.887  36.213 0.046512
33720  -35.238  -78.389  34.704 0.093023
33721  -35.364  -78.732  33.304 0.093023
33722  -37.121  -76.907  32.541 0.139535
33723  -36.239  -77.997  32.288 0.139535
33724  -35.409  -79.156  31.802 0.069767
33725  -35.657  -79.878  30.460 0.046512
33726  -36.331  -80.579  29.154 0.046512
33727  -36.831  -81.359  28.033 0.069767
33728  -37.140  -82.051  26.843 0.069767
33729  -37.554  -80.816  27.333 0.069767
33730  -38.319  -80.081  26.352 0.116279
33731  -38.935  -79.469  25.525 0.209302
33732  -38.432  -76.964  26.800 0.255814
33733  -38.929  -78.046  25.680 0.232558
33734  -39.665  -79.043  24.798 0.186047
33735  -40.222  -78.825  24.174 0.302326
33736  -40.681  -78.587  23.510 0.255814
33737  -41.086  -78.358  22.556 0.186047
33738  -42.474  -74.293  27.769 0.186047
33739  -41.655  -74.329  26.954 0.209302
33740  -40.537  -74.290  26.103 0.232558
33741  -41.591  -72.924  25.252 0.232558
33742  -40.544  -73.724  25.174 0.232558
33743  -39.828  -74.875  24.852 0.255814
33744  -40.035  -76.036  23.689 0.232558
33745  -40.723  -77.123  22.696 0.209302
33746  -41.428  -77.924  21.655 0.279070
33747  -41.749  -77.458  20.712 0.325581
33748  -41.942  -76.881  19.654 0.302326
33749  -42.036  -76.351  18.703 0.232558
33750  -40.937  -74.646  19.625 0.209302
33751  -41.702  -75.398  18.690 0.209302
33752  -42.170  -75.988  17.724 0.186047
33753  -42.554  -75.652  16.833 0.139535
33754  -43.261  -75.443  16.008 0.116279
33838  -28.940  -93.289  12.255 0.023256
33839  -29.884  -92.417  11.540 0.023256
33840  -30.593  -91.696  10.724 0.023256
38541  -42.862  -81.895  6.109 0.023256
38542  -43.652  -82.365  5.494 0.023256
38559  -45.774  -75.040  13.497 0.046512
38560  -46.663  -74.860  12.847 0.023256
38945  -32.516  -79.179  15.518 0.023256
38946  -31.625  -80.013  14.305 0.023256
38947  -30.713  -81.062  13.170 0.023256
38948  -32.302  -82.302  14.070 0.023256
38949  -31.161  -82.115  13.039 0.023256
38950  -29.857  -82.095  12.451 0.023256
38954  -28.141  -86.683  12.641 0.023256
38955  -28.796  -87.827  12.963 0.046512
38956  -29.472  -88.625  13.015 0.046512
38957  -31.267  -87.980  12.652 0.093023
38958  -30.722  -88.784  12.776 0.046512
38959  -30.191  -89.504  12.828 0.046512
38960  -30.751  -90.262  12.115 0.023256
38961  -31.103  -90.851  11.096 0.023256
38962  -31.072  -91.020  9.916 0.023256
38963  -37.391  -82.685  25.508 0.069767
38964  -37.447  -83.401  24.106 0.023256
38965  -37.266  -84.190  22.560 0.046512
38966  -38.817  -82.926  22.505 0.139535
38967  -37.998  -84.051  21.879 0.069767
38968  -37.248  -84.659  21.171 0.046512
38969  -37.373  -85.080  19.466 0.046512
38970  -37.125  -85.646  17.652 0.069767
38971  -36.746  -86.192  15.998 0.069767
38972  -41.626  -80.752  19.241 0.232558
38973  -40.750  -81.939  18.523 0.209302
38974  -39.747  -83.084  17.538 0.162791
38975  -38.800  -82.841  15.250 0.139535
38976  -38.898  -83.470  15.829 0.139535
38977  -38.863  -84.172  16.564 0.069767
38978  -38.083  -85.215  15.722 0.069767
38979  -37.270  -86.174  14.938 0.093023
38980  -36.273  -86.880  14.322 0.069767
38981  -35.545  -87.780  12.766 0.116279
38982  -34.784  -88.287  11.547 0.116279
38983  -34.055  -88.575  10.666 0.139535
38984  -34.675  -86.561  9.695 0.069767
38985  -34.014  -87.636  9.596 0.069767
38986  -33.277  -88.822  10.012 0.069767
38987  -32.432  -89.277  9.618 0.046512
38988  -31.373  -89.948  9.253 0.023256
38989  -30.376  -90.446  8.810 0.023256
41084  -41.620  -67.602  26.895 0.023256
41085  -41.714  -67.366  26.340 0.023256
41098  -42.033  -68.114  26.955 0.023256
41534  -43.785  -75.889  13.549 0.046512
41535  -44.223  -75.912  13.119 0.046512
41536  -44.377  -75.748  13.701 0.046512
41568  -36.048  -81.968  28.233 0.023256
41572  -36.021  -82.449  27.188 0.023256
41573  -36.163  -82.682  26.499 0.023256
41574  -36.398  -82.521  26.882 0.023256
41575  -43.560  -75.800  14.528 0.069767
41576  -42.950  -76.042  14.296 0.069767
41577  -43.332  -75.941  13.894 0.046512
41578  -43.087  -76.015  13.265 0.069767
41597  -29.808  -92.110  9.843 0.023256
42134  -41.277  -70.140  21.369 0.139535
42135  -40.829  -70.123  20.721 0.093023
42136  -41.501  -69.929  21.079 0.093023
42168  -42.038  -74.438  30.449 0.139535
42169  -41.488  -74.592  31.069 0.139535
42170  -41.460  -74.623  30.556 0.162791
42171  -40.916  -74.781  30.548 0.162791
42172  -41.409  -74.605  29.905 0.162791
42173  -41.256  -74.632  29.400 0.116279
42174  -41.874  -74.493  29.271 0.162791
42175  -42.366  -70.222  22.143 0.186047
42176  -41.908  -70.470  22.372 0.186047
42177  -41.588  -70.312  21.861 0.162791
42178  -40.873  -70.497  21.505 0.162791
42198  -24.990  -87.071  12.813 0.023256
42199  -25.581  -86.731  12.705 0.023256
42200  -25.861  -87.301  12.735 0.023256
42201  -26.219  -86.394  12.615 0.023256
43598  -31.830  -77.769  15.710 0.023256
43599  -32.395  -77.970  16.309 0.023256
43600  -35.571  -85.857  15.681 0.093023
43601  -35.140  -85.742  15.242 0.093023
43602  -35.324  -86.305  14.926 0.093023
43603  -35.003  -86.800  14.136 0.116279
43604  -35.548  -86.716  14.557 0.093023
43605  -41.448  -79.232  21.807 0.162791
43606  -41.438  -79.751  21.611 0.232558
43607  -41.640  -79.541  21.119 0.186047
43609  -35.958  -81.880  10.736 0.046512
44534  -45.592  -69.027  23.642 0.046512
44535  -45.337  -68.889  22.987 0.023256
44536  -45.060  -68.586  23.506 0.046512
44568  -43.920  -70.877  29.403 0.116279
44569  -43.547  -71.025  30.122 0.116279
44570  -44.110  -71.335  29.715 0.116279
44571  -44.155  -71.817  29.984 0.116279
44572  -44.686  -71.649  29.186 0.116279
44573  -45.046  -71.866  28.728 0.116279
44574  -45.065  -71.329  28.536 0.116279
44575  -45.345  -69.018  24.693 0.023256
44576  -45.843  -69.540  24.861 0.069767
44577  -45.779  -69.279  24.260 0.069767
44578  -46.029  -69.602  23.793 0.069767
45983  -34.474  -79.421  33.579 0.023256
45984  -33.965  -79.630  34.099 0.023256
45985  -34.061  -79.805  33.290 0.023256
46001  -35.988  -83.887  21.528 0.023256
46002  -36.272  -84.225  21.270 0.023256
46003  -36.281  -84.388  20.515 0.023256
46004  -36.559  -84.546  20.981 0.023256
46005  -42.253  -77.082  18.219 0.209302
46006  -42.216  -77.613  18.094 0.232558
46007  -42.070  -77.348  17.613 0.232558
46008  -39.140  -77.398  13.367 0.093023
46009  -39.156  -77.868  13.886 0.093023
46010  -38.649  -77.759  13.242 0.093023
46011  -38.211  -78.196  13.026 0.093023
46012  -38.208  -77.693  12.532 0.069767
46013  -37.819  -77.637  11.831 0.069767
46014  -38.324  -77.228  12.081 0.046512
46016  -41.244  -77.037  9.561 0.023256
47684  -41.585  -73.318  17.236 0.093023
47685  -41.974  -73.262  16.704 0.093023
47686  -41.359  -72.965  17.055 0.093023
47687  -39.861  -70.456  16.670 0.069767
47688  -40.014  -70.869  16.059 0.069767
47689  -39.920  -70.488  15.954 0.069767
47690  -40.139  -70.481  15.287 0.069767
47691  -39.880  -70.069  15.854 0.069767
47692  -43.116  -68.610  19.461 0.023256
47693  -42.546  -68.802  19.204 0.046512
47694  -42.715  -68.486  18.961 0.023256
47783  -39.640  -71.976  33.563 0.069767
47784  -39.032  -72.039  34.117 0.046512
47785  -39.524  -72.510  33.697 0.069767
47786  -38.239  -75.649  33.827 0.093023
47787  -38.084  -75.423  34.453 0.093023
47788  -37.681  -75.823  34.419 0.093023
47789  -37.097  -75.990  35.049 0.093023
47790  -37.252  -76.232  34.400 0.093023
47791  -36.842  -76.692  34.352 0.093023
47792  -37.407  -76.397  33.752 0.093023
47793  -37.587  -76.400  29.708 0.186047
47794  -37.224  -76.828  30.150 0.139535
47795  -37.203  -77.059  29.460 0.186047
47796  -36.957  -77.826  29.229 0.186047
47797  -37.242  -77.423  28.729 0.162791
47798  -37.425  -77.908  28.075 0.186047
47799  -37.624  -77.050  28.342 0.232558
47800  -39.603  -75.426  26.167 0.232558
47801  -39.484  -76.014  25.992 0.232558
47802  -39.584  -75.937  25.550 0.255814
47803  -39.708  -76.484  25.006 0.255814
47804  -39.663  -75.764  25.133 0.255814
47805  -44.185  -72.615  25.926 0.209302
47806  -43.580  -72.960  26.109 0.209302
47807  -43.545  -72.543  25.676 0.232558
47808  -39.987  -73.603  22.464 0.232558
47809  -40.089  -73.709  23.058 0.255814
47810  -40.022  -74.288  22.315 0.232558
47811  -40.104  -74.973  22.214 0.255814
47812  -40.203  -74.814  21.675 0.255814
47813  -40.496  -75.294  21.124 0.232558
47814  -40.269  -74.674  21.174 0.232558
47815  -40.916  -73.124  18.058 0.139535
47816  -41.178  -73.582  18.148 0.162791
47817  -41.385  -73.463  17.668 0.139535
47818  -41.906  -73.814  17.288 0.116279
47882  -28.558  -89.759  13.189 0.046512
47883  -28.473  -90.507  13.238 0.023256
47884  -28.974  -90.207  13.152 0.023256
47885  -29.357  -90.666  12.988 0.023256
47886  -29.461  -89.979  13.038 0.046512
51742  -45.909  -79.710  7.387 0.023256
51743  -45.585  -80.281  6.897 0.023256
51744  -46.137  -79.749  6.945 0.023256
52075  -29.164  -80.458  12.766 0.023256
52076  -28.468  -80.481  12.696 0.023256
52077  -28.716  -81.039  12.524 0.023256
52078  -28.260  -81.639  12.347 0.023256
52079  -28.969  -81.586  12.401 0.023256
52082  -33.571  -81.597  15.998 0.023256
52083  -31.723  -84.943  12.741 0.046512
52084  -31.479  -84.347  12.735 0.023256
52085  -31.036  -84.937  12.523 0.023256
52086  -30.400  -84.927  12.363 0.023256
52087  -30.702  -85.571  12.420 0.023256
52088  -30.341  -86.170  12.440 0.023256
52089  -31.008  -86.220  12.439 0.023256
52090  -33.028  -89.209  11.621 0.093023
52091  -32.617  -89.260  11.879 0.069767
52092  -32.746  -89.425  11.404 0.046512
52093  -32.476  -89.658  11.215 0.046512
52094  -32.851  -89.453  10.868 0.069767
52095  -39.048  -80.715  24.838 0.116279
52096  -38.820  -81.464  24.618 0.162791
52097  -39.160  -81.198  24.145 0.139535
52098  -39.537  -83.368  19.271 0.162791
52099  -39.205  -83.651  19.755 0.139535
52100  -39.177  -84.010  18.839 0.139535
52101  -38.788  -84.577  18.374 0.093023
52102  -38.999  -84.302  17.915 0.093023
52103  -40.110  -80.888  16.237 0.139535
52104  -40.250  -81.235  16.611 0.186047
52105  -39.556  -81.412  15.846 0.139535
52106  -36.936  -84.900  12.004 0.069767
52107  -37.463  -84.747  12.849 0.046512
52108  -37.037  -85.309  12.349 0.069767
52109  -37.121  -85.650  12.733 0.069767
52110  -36.540  -85.868  11.943 0.069767
52111  -36.076  -86.455  11.582 0.093023
52112  -36.050  -86.036  11.197 0.069767
52113  -32.808  -85.935  8.115 0.023256
52114  -33.024  -86.333  8.346 0.023256
52115  -32.365  -86.566  8.216 0.023256
54134  -43.683  -68.238  25.456 0.023256
54135  -43.703  -67.963  24.889 0.023256
54136  -43.168  -67.828  25.274 0.023256
54137  -41.869  -66.785  25.303 0.023256
54138  -42.312  -66.912  24.921 0.023256
54168  -42.253  -69.017  28.351 0.023256
54169  -42.074  -69.182  29.015 0.023256
54170  -42.703  -69.537  28.548 0.046512
54171  -43.173  -69.982  28.774 0.046512
54172  -43.458  -69.801  28.037 0.046512
54173  -44.080  -69.942  27.666 0.069767
54174  -43.525  -69.516  27.429 0.046512
54175  -43.056  -68.493  26.262 0.023256
54176  -43.618  -68.918  26.366 0.023256
54177  -43.658  -68.592  25.911 0.023256
54178  -44.277  -68.674  25.571 0.023256
55484  -42.933  -76.233  11.332 0.023256
55485  -43.593  -76.514  11.081 0.023256
55486  -43.767  -76.301  11.569 0.023256
55487  -45.260  -75.894  12.528 0.046512
55488  -45.131  -76.199  11.988 0.023256
55489  -45.763  -75.978  12.180 0.023256
55490  -46.302  -75.999  11.900 0.023256
55491  -46.337  -75.634  12.345 0.046512
55600  -36.396  -83.178  25.121 0.023256
55604  -36.658  -83.576  24.048 0.023256
55605  -42.380  -76.281  16.264 0.162791
55606  -42.008  -76.658  16.181 0.162791
55607  -42.076  -76.450  15.658 0.139535
55608  -41.534  -76.419  13.926 0.093023
55609  -41.282  -76.655  14.415 0.116279
55610  -40.880  -76.582  13.778 0.093023
55611  -40.277  -76.809  13.618 0.093023
55612  -40.457  -76.484  13.109 0.069767
55613  -40.098  -76.445  12.472 0.069767
55614  -40.779  -76.308  12.644 0.093023
55615  -42.506  -76.020  12.072 0.069767
55616  -41.703  -76.054  11.799 0.069767
55617  -42.307  -76.139  11.523 0.023256
55618  -42.157  -76.328  10.935 0.046512
57284  -40.091  -71.724  19.270 0.116279
57285  -40.116  -71.802  18.526 0.093023
57286  -39.991  -71.311  19.132 0.093023
57287  -40.376  -70.134  19.407 0.093023
57288  -40.040  -70.522  18.911 0.093023
57289  -40.080  -70.180  18.729 0.093023
57290  -39.928  -70.307  18.063 0.093023
57291  -40.152  -69.916  18.537 0.093023
57383  -41.615  -73.632  32.409 0.116279
57384  -41.007  -73.761  32.835 0.116279
57385  -41.287  -74.101  32.486 0.116279
57386  -40.491  -74.980  31.977 0.116279
57387  -40.416  -74.860  32.499 0.116279
57388  -39.974  -75.115  32.374 0.116279
57389  -39.425  -75.275  32.770 0.116279
57390  -39.529  -75.312  32.253 0.116279
57391  -39.073  -75.517  32.195 0.139535
57392  -39.584  -75.300  31.745 0.139535
57393  -39.894  -75.025  30.296 0.186047
57394  -39.479  -75.255  30.729 0.139535
57395  -39.334  -75.243  30.151 0.162791
57396  -38.740  -75.511  30.060 0.139535
57397  -39.071  -75.249  29.560 0.186047
57398  -38.859  -75.369  28.982 0.186047
57399  -39.462  -75.108  29.139 0.209302
57400  -40.828  -74.744  28.397 0.186047
57401  -40.183  -74.893  28.331 0.209302
57402  -40.478  -74.804  27.906 0.209302
57403  -40.135  -74.922  27.409 0.186047
57404  -40.772  -74.719  27.470 0.209302
57405  -43.677  -71.275  24.138 0.209302
57406  -43.071  -71.525  24.384 0.232558
57407  -42.801  -71.240  23.908 0.209302
57408  -41.020  -71.227  22.737 0.162791
57409  -41.224  -71.425  23.305 0.232558
57410  -40.665  -71.724  22.792 0.186047
57411  -40.340  -72.294  22.729 0.255814
57412  -40.270  -72.204  22.191 0.209302
57413  -40.084  -72.706  21.547 0.232558
57414  -40.195  -72.086  21.636 0.186047
57415  -40.166  -71.284  20.481 0.162791
57416  -40.135  -71.872  20.456 0.162791
57417  -40.070  -71.796  19.887 0.162791
57418  -40.231  -72.263  19.222 0.162791
57482  -26.662  -88.112  12.892 0.023256
57483  -26.508  -88.713  12.905 0.023256
57484  -27.142  -88.465  12.952 0.046512
57485  -27.618  -88.886  13.066 0.046512
57486  -27.785  -88.287  13.024 0.046512
61342  -47.778  -77.622  7.387 0.023256
61343  -47.429  -78.124  6.878 0.023256
61668  -30.598  -76.665  15.736 0.023256
61670  -30.016  -76.513  15.492 0.023256
61672  -29.659  -77.067  14.917 0.023256
61673  -29.229  -77.488  14.532 0.023256
61674  -29.894  -77.530  14.654 0.023256
61675  -31.032  -78.460  14.523 0.023256
61676  -30.362  -78.381  14.186 0.023256
61677  -30.563  -78.878  14.050 0.023256
61678  -30.081  -79.349  13.581 0.023256
61679  -30.776  -79.381  13.957 0.023256
61680  -34.504  -83.633  16.372 0.069767
61681  -34.055  -83.366  15.743 0.069767
61682  -34.269  -83.957  15.669 0.093023
61683  -34.126  -85.427  14.182 0.116279
61684  -33.868  -84.709  14.340 0.116279
61685  -33.671  -85.169  13.705 0.116279
61686  -33.104  -84.992  13.313 0.116279
61687  -33.275  -85.684  13.270 0.116279
61688  -32.818  -86.259  12.961 0.069767
61689  -33.452  -86.436  13.174 0.093023
61690  -34.315  -87.803  12.926 0.093023
61691  -33.811  -87.712  12.831 0.093023
61692  -33.923  -88.264  12.510 0.116279
61693  -33.612  -88.644  12.111 0.093023
61694  -34.133  -88.583  12.118 0.116279
61695  -40.438  -79.812  23.257 0.232558
61696  -40.252  -80.465  22.951 0.186047
61697  -40.591  -80.277  22.606 0.209302
61698  -41.079  -81.002  20.818 0.186047
61699  -40.753  -81.161  21.197 0.186047
61700  -40.706  -81.616  20.429 0.232558
61701  -40.282  -82.171  20.104 0.232558
61702  -40.661  -81.918  19.669 0.186047
61703  -37.830  -81.409  13.640 0.093023
61704  -38.002  -81.901  13.883 0.093023
61705  -37.496  -81.967  13.068 0.069767
61706  -36.342  -82.953  11.036 0.046512
61707  -36.879  -82.934  11.818 0.046512
61708  -36.487  -83.459  11.239 0.046512
61709  -36.622  -83.955  11.466 0.046512
61710  -36.097  -84.036  10.726 0.046512
61711  -35.744  -84.616  10.298 0.046512
61712  -35.599  -84.111  10.012 0.023256
61714  -34.601  -84.092  8.914 0.023256
61715  -34.052  -84.143  8.469 0.023256
61716  -33.636  -84.748  8.197 0.023256
64484  -44.548  -69.991  22.207 0.093023
64485  -43.911  -69.815  21.693 0.093023
64486  -44.717  -69.722  21.833 0.069767
64487  -44.777  -68.798  21.733 0.046512
64488  -44.594  -69.115  21.308 0.046512
64489  -44.401  -68.780  21.110 0.023256
64490  -44.035  -68.734  20.577 0.023256
64491  -44.187  -68.382  20.982 0.023256
64492  -43.634  -67.432  23.731 0.023256
64493  -44.019  -67.707  23.261 0.023256
64580  -40.014  -70.479  33.336 0.023256
64581  -39.847  -70.986  33.429 0.046512
64582  -40.426  -70.838  32.909 0.046512
64583  -41.430  -69.498  30.819 0.023256
64585  -41.675  -69.959  31.158 0.046512
64586  -42.714  -71.315  31.368 0.093023
64587  -42.107  -70.958  31.647 0.093023
64588  -42.206  -71.498  31.847 0.093023
64589  -41.587  -71.675  32.249 0.069767
64590  -42.121  -72.100  32.007 0.093023
64591  -41.984  -72.609  32.120 0.116279
64592  -42.568  -72.439  31.758 0.116279
64593  -43.785  -73.008  30.320 0.139535
64594  -43.179  -73.188  30.996 0.116279
64595  -43.386  -73.540  30.407 0.139535
64596  -42.951  -73.960  30.407 0.139535
64597  -43.620  -73.805  29.655 0.139535
64598  -43.618  -73.918  29.068 0.162791
64599  -44.073  -73.533  29.042 0.162791
64600  -45.393  -72.343  27.709 0.116279
64601  -44.963  -72.875  27.782 0.186047
64602  -45.285  -72.525  27.175 0.139535
64603  -45.115  -72.651  26.641 0.209302
64604  -45.524  -72.239  26.571 0.186047
64605  -45.282  -70.191  27.032 0.093023
64606  -45.582  -70.650  27.290 0.093023
64607  -45.688  -70.360  26.648 0.093023
64608  -46.192  -70.639  24.968 0.093023
64609  -46.140  -70.888  25.627 0.093023
64610  -46.055  -71.146  25.132 0.116279
64611  -45.747  -71.555  25.341 0.093023
64612  -45.784  -71.332  24.781 0.116279
64613  -45.215  -71.403  24.530 0.139535
64614  -45.664  -71.079  24.232 0.139535
64615  -45.558  -70.172  22.956 0.116279
64616  -45.230  -70.533  23.194 0.162791
64617  -44.955  -70.300  22.696 0.116279
64618  -44.117  -70.236  22.543 0.162791
68539  -44.735  -79.194  8.553 0.023256
68540  -45.209  -79.471  8.193 0.023256
68541  -45.429  -78.894  8.720 0.023256
68545  -47.056  -77.238  9.954 0.023256
68546  -46.457  -77.644  9.924 0.023256
68547  -46.865  -77.693  9.473 0.023256
68548  -46.695  -78.214  8.927 0.023256
68549  -47.216  -77.722  9.043 0.023256
68550  -47.599  -77.705  8.537 0.023256
68551  -47.705  -77.272  9.075 0.023256
68883  -35.735  -83.134  20.267 0.023256
68885  -35.558  -82.712  19.585 0.023256
68886  -35.314  -82.313  18.858 0.023256
68887  -35.405  -82.876  18.741 0.023256
68888  -35.153  -83.104  17.939 0.023256
68889  -35.488  -83.456  18.609 0.023256
68890  -36.144  -84.740  18.751 0.023256
68891  -35.733  -84.487  18.204 0.046512
68892  -35.987  -84.965  17.919 0.069767
68893  -35.852  -85.161  17.162 0.069767
68894  -36.324  -85.354  17.616 0.069767
68895  -42.068  -78.250  20.130 0.302326
68896  -42.099  -78.772  19.874 0.302326
68897  -42.248  -78.467  19.478 0.279070
68898  -41.817  -78.734  17.675 0.255814
68899  -41.991  -79.006  18.078 0.255814
68900  -41.447  -79.299  17.346 0.255814
68901  -41.040  -79.817  16.982 0.232558
68902  -40.892  -79.486  16.606 0.232558
68903  -41.085  -77.528  15.874 0.162791
68904  -41.191  -77.824  16.298 0.162791
68905  -40.708  -77.910  15.709 0.139535
68906  -39.372  -78.816  14.787 0.093023
68907  -39.988  -78.795  15.313 0.116279
68908  -39.598  -79.252  15.151 0.093023
68909  -39.794  -79.729  15.402 0.093023
68910  -39.187  -79.813  14.849 0.093023
68911  -38.695  -80.369  14.502 0.093023
68912  -38.546  -79.815  14.299 0.093023
68913  -37.410  -79.183  12.519 0.093023
68914  -37.504  -79.739  12.936 0.093023
68915  -36.964  -79.728  12.092 0.046512
68916  -36.524  -80.275  11.596 0.023256
68917  -36.461  -79.712  11.296 0.023256
68920  -37.256  -77.818  10.514 0.023256
68921  -36.718  -78.230  10.295 0.023256
68922  -36.997  -77.954  9.858 0.023256
68923  -36.753  -78.132  9.168 0.023256
68925  -39.592  -76.464  11.181 0.046512
68926  -38.934  -76.719  11.041 0.046512
68927  -39.423  -76.669  10.539 0.046512
68928  -39.793  -77.380  8.992 0.023256
68929  -39.174  -77.238  9.314 0.023256
68930  -39.028  -77.594  8.767 0.023256
68931  -38.333  -77.845  8.493 0.023256
68932  -38.892  -77.984  8.207 0.023256
68934  -39.456  -78.252  7.990 0.023256
73934  -43.790  -74.761  15.844 0.093023
73935  -44.319  -74.728  15.359 0.093023
73936  -43.907  -74.258  15.858 0.093023
73937  -42.868  -73.136  15.681 0.093023
73938  -43.624  -73.405  15.496 0.093023
73939  -43.391  -73.069  15.162 0.093023
73940  -43.836  -72.974  14.609 0.069767
73941  -43.055  -72.749  14.788 0.069767
73942  -40.351  -71.942  17.198 0.069767
73943  -40.796  -72.280  16.715 0.093023
73944  -40.540  -71.953  16.523 0.069767
73945  -40.899  -71.584  15.005 0.069767
73946  -41.164  -71.942  15.165 0.093023
73947  -41.516  -71.877  14.557 0.093023
73948  -42.240  -72.117  14.225 0.093023
73949  -41.872  -71.757  13.993 0.093023
73950  -42.282  -71.642  13.447 0.093023
73951  -41.634  -71.406  13.805 0.069767
73952  -40.614  -70.315  14.021 0.046512
73953  -41.142  -70.646  13.517 0.046512
73954  -40.882  -70.214  13.410 0.023256
73957  -42.524  -69.524  20.706 0.093023
73958  -41.852  -69.578  20.496 0.093023
73959  -42.081  -69.457  20.140 0.093023
73960  -41.460  -69.001  18.686 0.093023
73961  -41.291  -69.236  18.982 0.093023
73962  -40.944  -69.115  18.437 0.093023
73963  -40.514  -69.334  18.099 0.093023
73964  -40.644  -69.035  17.845 0.093023
73968  -40.397  -68.238  16.248 0.046512
73969  -40.605  -68.321  16.790 0.046512
73970  -40.232  -68.583  16.441 0.046512
73971  -40.075  -68.915  16.690 0.069767
73972  -40.007  -68.895  16.015 0.046512
73973  -39.920  -69.246  15.542 0.069767
73974  -40.005  -68.826  15.374 0.046512
73975  -40.235  -68.108  14.010 0.023256
73976  -40.191  -68.558  14.155 0.023256
74231  -38.104  -72.330  35.580 0.023256
74233  -37.853  -72.470  36.353 0.023256
74235  -37.601  -72.979  36.460 0.023256
74236  -39.680  -73.906  33.765 0.093023
74237  -39.254  -73.492  34.147 0.093023
74238  -39.020  -74.026  34.335 0.093023
74239  -37.572  -74.748  35.584 0.069767
74240  -37.788  -74.233  35.490 0.069767
74241  -37.311  -74.369  36.151 0.046512
74242  -37.149  -73.987  36.753 0.023256
74243  -36.874  -74.499  36.835 0.023256
74244  -36.464  -74.646  37.525 0.023256
74245  -36.559  -75.016  36.926 0.023256
74246  -35.940  -76.435  36.387 0.069767
74247  -35.795  -76.119  37.101 0.046512
74248  -35.430  -76.662  37.099 0.046512
74250  -35.090  -77.174  37.080 0.023256
74251  -34.758  -77.654  37.020 0.023256
74252  -35.261  -77.428  36.332 0.046512
74253  -36.151  -77.614  34.162 0.093023
74254  -35.645  -77.941  34.761 0.093023
74255  -35.738  -78.086  34.117 0.093023
74256  -35.306  -78.557  34.033 0.093023
74257  -35.794  -78.211  33.468 0.116279
74258  -38.108  -76.104  32.142 0.162791
74259  -37.604  -76.484  32.602 0.116279
74260  -37.582  -76.538  32.089 0.139535
74261  -36.553  -77.777  31.088 0.116279
74262  -36.642  -77.564  31.814 0.139535
74263  -36.189  -78.217  31.571 0.093023
74264  -35.805  -78.582  32.055 0.116279
74265  -35.831  -78.838  31.287 0.069767
74266  -35.498  -79.505  31.087 0.069767
74267  -35.922  -79.202  30.592 0.069767
74268  -36.845  -79.451  28.819 0.116279
74269  -36.442  -79.852  29.288 0.093023
74270  -36.793  -80.247  28.683 0.116279
74271  -36.623  -80.954  28.575 0.046512
74272  -37.051  -80.774  28.158 0.069767
74273  -37.187  -81.119  27.656 0.069767
74274  -37.365  -80.403  27.754 0.069767
74275  -37.992  -78.814  26.868 0.186047
74276  -38.046  -79.644  26.837 0.116279
74277  -38.313  -79.286  26.398 0.186047
74278  -38.593  -79.751  25.920 0.139535
74279  -38.572  -78.999  26.013 0.209302
74280  -38.650  -75.863  27.818 0.232558
74281  -38.337  -76.477  27.512 0.255814
74282  -38.705  -76.312  27.142 0.255814
74283  -39.303  -77.287  25.456 0.255814
74284  -39.002  -77.366  25.815 0.232558
74285  -39.287  -77.918  25.320 0.232558
74286  -39.272  -78.540  25.231 0.209302
74287  -39.608  -78.434  24.900 0.255814
74288  -39.958  -78.923  24.487 0.232558
74289  -39.870  -78.331  24.577 0.255814
74290  -40.242  -77.562  24.046 0.232558
74291  -40.370  -78.156  23.979 0.255814
74292  -40.587  -78.081  23.578 0.209302
74293  -40.851  -78.492  22.997 0.162791
74294  -40.779  -77.948  23.118 0.209302
74295  -43.381  -74.037  28.032 0.186047
74296  -42.764  -74.282  28.167 0.139535
74297  -43.078  -74.050  27.622 0.209302
74298  -42.351  -73.670  26.414 0.209302
74299  -42.263  -74.041  26.862 0.209302
74300  -41.746  -74.024  26.479 0.209302
74301  -41.112  -74.301  26.542 0.232558
74302  -41.135  -73.979  26.083 0.232558
74303  -41.971  -72.235  24.765 0.232558
74304  -42.132  -72.520  25.151 0.232558
74305  -41.441  -72.624  24.835 0.232558
74306  -40.110  -73.947  24.098 0.279070
74307  -40.489  -73.565  24.707 0.255814
74308  -40.146  -74.128  24.567 0.255814
74309  -40.096  -74.245  25.062 0.209302
74310  -39.918  -74.758  24.411 0.232558
74311  -39.839  -75.438  24.259 0.232558
74312  -39.919  -75.307  23.813 0.255814
74313  -40.508  -76.319  22.136 0.255814
74314  -40.460  -76.462  22.691 0.255814
74315  -40.822  -76.964  22.170 0.279070
74316  -41.083  -77.545  22.188 0.302326
74317  -41.228  -77.350  21.675 0.232558
74318  -41.571  -77.709  21.173 0.279070
74319  -41.392  -77.141  21.178 0.232558
74320  -41.336  -76.088  20.119 0.255814
74321  -41.601  -76.615  20.146 0.279070
74322  -41.728  -76.370  19.622 0.255814
74323  -41.979  -76.608  19.171 0.232558
74324  -41.802  -76.098  19.155 0.232558
74325  -40.370  -73.677  20.231 0.232558
74326  -40.567  -74.285  20.165 0.232558
74327  -40.698  -74.075  19.678 0.232558
74328  -41.669  -74.620  18.263 0.186047
74329  -41.535  -74.794  18.681 0.209302
74330  -41.857  -75.164  18.272 0.186047
74331  -41.970  -75.703  18.236 0.186047
74332  -42.128  -75.513  17.775 0.162791
74333  -42.335  -75.803  17.249 0.162791
74334  -42.281  -75.350  17.282 0.162791
74335  -42.890  -74.493  16.583 0.116279
74336  -42.954  -75.071  16.501 0.116279
74337  -43.365  -74.898  16.189 0.116279
74338  -43.632  -75.286  15.659 0.093023
74537  -29.999  -91.440  12.257 0.023256
74538  -29.772  -92.132  12.110 0.023256
74539  -30.191  -91.755  11.742 0.023256
74540  -30.280  -92.032  11.127 0.023256
74541  -30.514  -91.427  11.365 0.023256
86108  -42.487  -81.467  6.352 0.023256
86109  -43.281  -81.453  6.570 0.023256
86110  -44.749  -81.450  5.968 0.023256
86111  -44.024  -81.939  5.912 0.023256
86112  -44.362  -82.008  5.530 0.023256
86113  -43.976  -82.375  5.044 0.023256
86115  -46.725  -79.033  5.891 0.023256
86116  -46.361  -79.680  5.950 0.023256
86117  -46.320  -79.580  5.399 0.023256
86152  -45.170  -74.640  14.448 0.069767
86153  -45.408  -75.057  13.926 0.046512
86154  -45.585  -74.588  13.975 0.023256
86156  -46.370  -74.490  13.192 0.023256
86158  -46.918  -74.754  12.432 0.023256
87121  -32.885  -78.888  16.203 0.023256
87122  -33.110  -79.357  16.214 0.023256
87123  -32.417  -80.627  14.821 0.023256
87124  -32.267  -80.084  14.865 0.023256
87125  -31.802  -80.568  14.268 0.023256
87126  -31.161  -80.500  13.791 0.023256
87127  -31.325  -81.107  13.683 0.023256
87128  -33.082  -82.944  14.590 0.069767
87129  -32.849  -82.392  14.672 0.046512
87130  -32.554  -82.790  14.069 0.046512
87131  -31.047  -83.127  12.706 0.046512
87132  -31.436  -82.635  13.069 0.023256
87133  -30.793  -82.572  12.681 0.046512
87134  -30.500  -82.052  12.641 0.023256
87135  -30.123  -82.556  12.424 0.023256
87136  -29.452  -82.576  12.287 0.023256
87137  -29.705  -83.066  12.262 0.046512
87138  -29.175  -84.817  12.312 0.023256
87139  -28.920  -84.207  12.209 0.023256
87140  -28.543  -84.766  12.273 0.023256
87145  -29.683  -87.295  12.740 0.069767
87146  -29.084  -87.267  12.785 0.069767
87147  -29.448  -87.792  12.925 0.046512
87148  -29.129  -88.214  13.013 0.046512
87149  -29.753  -88.237  12.929 0.046512
87150  -32.137  -87.506  12.672 0.093023
87151  -31.560  -87.460  12.611 0.069767
87152  -31.847  -88.083  12.653 0.069767
87153  -31.657  -89.226  12.427 0.046512
87154  -31.320  -88.842  12.620 0.046512
87155  -31.048  -89.180  12.646 0.046512
87156  -30.435  -89.151  12.824 0.046512
87157  -30.756  -89.528  12.612 0.046512
87158  -30.495  -89.846  12.615 0.023256
87159  -31.056  -89.902  12.274 0.046512
87160  -31.814  -90.237  10.838 0.046512
87161  -31.399  -90.433  11.246 0.023256
87162  -31.492  -90.644  10.680 0.023256
87163  -31.143  -91.000  10.503 0.023256
87164  -31.420  -90.659  10.107 0.023256
87165  -37.609  -81.841  26.438 0.069767
87166  -37.315  -82.372  26.211 0.046512
87167  -37.717  -82.206  25.802 0.069767
87168  -38.177  -82.901  24.043 0.069767
87169  -37.810  -82.999  24.439 0.069767
87170  -37.800  -83.376  23.698 0.069767
87171  -37.389  -83.726  23.335 0.046512
87172  -37.665  -83.763  22.994 0.046512
87173  -39.648  -81.864  22.391 0.162791
87174  -39.234  -82.204  22.816 0.116279
87175  -39.169  -82.618  22.099 0.186047
87176  -38.508  -84.122  20.642 0.093023
87177  -38.430  -83.838  21.467 0.093023
87178  -38.077  -84.306  21.097 0.116279
87179  -37.690  -84.468  21.458 0.116279
87180  -37.712  -84.646  20.744 0.069767
87181  -37.340  -84.853  20.343 0.046512
87182  -37.788  -84.909  19.924 0.069767
87183  -37.972  -85.465  17.509 0.093023
87184  -37.639  -85.469  18.077 0.069767
87185  -37.446  -85.770  17.143 0.069767
87186  -36.963  -85.920  16.797 0.069767
87187  -37.224  -85.981  16.324 0.069767
87188  -42.022  -79.842  19.270 0.232558
87189  -41.858  -80.150  19.621 0.209302
87190  -41.798  -80.454  18.846 0.209302
87191  -40.337  -81.849  17.254 0.232558
87192  -40.873  -81.631  18.089 0.209302
87193  -40.309  -82.183  17.668 0.209302
87194  -40.237  -82.510  18.028 0.186047
87195  -39.813  -82.746  17.209 0.162791
87196  -38.284  -82.664  14.307 0.116279
87197  -38.755  -82.510  15.036 0.139535
87198  -38.417  -83.040  14.533 0.093023
87199  -38.193  -84.285  14.471 0.069767
87200  -38.507  -83.710  14.975 0.116279
87201  -38.554  -84.009  15.323 0.093023
87202  -38.921  -83.822  16.177 0.162791
87203  -38.504  -84.349  15.712 0.069767
87204  -38.434  -84.676  16.159 0.069767
87205  -38.134  -84.899  15.272 0.069767
87206  -37.082  -86.266  13.633 0.093023
87207  -37.419  -85.985  14.457 0.116279
87208  -36.980  -86.467  14.089 0.116279
87209  -36.799  -86.577  14.601 0.093023
87210  -36.436  -86.927  13.798 0.093023
87211  -35.897  -87.272  13.530 0.093023
87212  -36.032  -87.320  13.025 0.093023
87213  -35.283  -87.480  11.043 0.116279
87214  -35.284  -87.868  11.537 0.093023
87215  -34.832  -87.953  10.991 0.116279
87216  -34.397  -88.430  11.076 0.116279
87217  -34.419  -88.054  10.507 0.116279
87218  -34.991  -85.699  9.561 0.046512
87219  -35.071  -86.127  9.895 0.046512
87220  -34.586  -86.106  9.315 0.046512
87221  -33.439  -87.285  8.888 0.046512
87222  -33.898  -87.148  9.224 0.069767
87223  -33.580  -87.764  9.302 0.069767
87224  -33.661  -88.277  9.771 0.093023
87225  -33.220  -88.413  9.500 0.093023
87226  -32.866  -88.993  9.754 0.069767
87227  -32.738  -88.613  9.353 0.069767
87229  -31.634  -89.256  9.054 0.046512
87231  -30.886  -90.200  8.995 0.023256
87232  -30.485  -89.823  8.572 0.023256
92384  -42.509  -68.054  26.160 0.023256
92385  -42.630  -67.697  25.622 0.023256
92386  -42.145  -67.561  25.974 0.023256
92387  -41.802  -67.083  25.812 0.023256
92406  -41.861  -68.460  28.155 0.023256
92407  -42.426  -68.856  27.694 0.023256
92408  -42.988  -69.068  27.264 0.023256
92409  -42.492  -68.591  27.128 0.023256
92410  -42.523  -68.335  26.600 0.023256
93194  -43.353  -76.060  12.391 0.046512
93195  -43.918  -76.128  12.079 0.046512
93196  -44.027  -76.014  12.591 0.046512
93197  -44.704  -75.877  12.792 0.046512
93198  -45.351  -75.669  12.960 0.046512
93256  -35.249  -81.553  29.211 0.023256
93265  -36.309  -82.934  25.809 0.023256
93266  -36.678  -83.017  25.496 0.046512
93267  -42.856  -75.998  15.338 0.093023
93268  -42.292  -76.257  15.161 0.093023
93269  -42.583  -76.150  14.730 0.093023
93270  -42.255  -76.217  14.069 0.069767
93271  -41.875  -76.237  13.436 0.069767
93272  -41.498  -76.189  12.801 0.069767
93273  -42.277  -76.068  12.993 0.069767
93274  -42.789  -76.027  12.665 0.069767
94274  -40.220  -70.763  20.446 0.116279
94275  -40.123  -70.805  19.743 0.139535
94276  -40.409  -70.409  20.271 0.093023
94277  -40.598  -70.122  20.058 0.093023
94278  -40.771  -69.876  19.834 0.093023
94334  -41.943  -74.241  31.588 0.116279
94335  -41.405  -74.373  32.080 0.116279
94336  -41.475  -74.535  31.569 0.116279
94337  -40.978  -74.797  31.533 0.116279
94338  -40.498  -74.980  31.484 0.139535
94339  -40.010  -75.131  31.388 0.162791
94340  -40.469  -74.954  31.003 0.186047
94341  -40.414  -74.885  30.445 0.162791
94342  -40.294  -74.908  29.794 0.162791
94343  -40.039  -74.930  29.283 0.186047
94344  -40.638  -74.778  29.386 0.186047
94345  -41.069  -74.685  28.900 0.209302
94346  -41.492  -74.604  28.396 0.232558
94347  -43.039  -70.685  23.119 0.186047
94348  -42.487  -70.981  23.410 0.209302
94349  -42.207  -70.725  22.876 0.186047
94350  -41.438  -70.808  22.568 0.209302
94351  -40.841  -71.108  22.134 0.162791
94352  -40.390  -71.501  21.633 0.162791
94353  -40.634  -70.965  21.575 0.162791
94354  -40.380  -70.847  21.021 0.162791
94393  -25.626  -87.976  12.848 0.023256
94394  -26.264  -87.711  12.818 0.023256
94395  -26.951  -87.424  12.799 0.023256
96708  -41.674  -82.237  5.325 0.023256
96906  -31.169  -76.802  16.107 0.023256
96907  -30.946  -77.175  15.427 0.023256
96908  -30.587  -77.522  14.871 0.023256
96909  -31.217  -77.620  15.223 0.023256
96910  -31.472  -78.080  15.063 0.023256
96911  -31.688  -78.557  14.982 0.023256
96912  -34.984  -84.783  16.163 0.116279
96913  -34.542  -84.576  15.558 0.116279
96914  -34.823  -85.191  15.427 0.116279
96915  -34.614  -85.681  14.736 0.116279
96916  -34.297  -86.134  13.967 0.116279
96917  -33.976  -86.672  13.381 0.093023
96918  -34.491  -86.740  13.701 0.116279
96919  -34.673  -87.306  13.436 0.116279
96920  -34.865  -87.761  13.089 0.093023
96921  -40.950  -79.585  22.658 0.209302
96922  -40.874  -80.145  22.320 0.186047
96923  -41.133  -79.973  21.980 0.209302
96924  -41.289  -80.346  21.278 0.232558
96925  -41.354  -80.707  20.471 0.209302
96926  -36.799  -81.398  12.098 0.046512
96927  -36.993  -81.938  12.207 0.046512
96928  -36.472  -81.899  11.478 0.046512
96929  -36.154  -82.414  10.865 0.046512
96930  -35.817  -82.966  10.309 0.023256
96931  -35.493  -83.533  9.840 0.023256
96932  -35.331  -82.990  9.641 0.023256
98594  -45.652  -69.695  22.716 0.093023
98595  -45.199  -69.540  22.090 0.093023
98596  -45.446  -69.246  22.456 0.046512
98597  -45.108  -68.834  22.361 0.046512
98598  -44.695  -68.430  22.277 0.023256
98654  -42.556  -70.218  30.154 0.069767
98655  -42.254  -70.366  30.850 0.069767
98656  -42.910  -70.686  30.485 0.069767
98657  -43.135  -71.181  30.818 0.116279
98658  -43.211  -71.694  31.112 0.116279
98659  -43.151  -72.205  31.337 0.116279
98660  -43.649  -71.994  30.706 0.116279
98661  -44.054  -72.353  30.172 0.116279
98662  -44.402  -72.805  29.573 0.116279
98663  -44.477  -73.047  29.009 0.116279
98664  -44.873  -72.444  28.885 0.116279
98665  -45.301  -72.109  28.241 0.116279
98666  -45.630  -71.775  27.610 0.116279
98667  -45.334  -69.550  25.832 0.046512
98668  -45.779  -70.069  26.018 0.093023
98669  -45.784  -69.795  25.393 0.093023
98670  -46.135  -70.060  24.870 0.069767
98671  -46.275  -70.411  24.393 0.093023
98672  -45.999  -70.671  24.016 0.093023
98673  -46.157  -70.170  23.875 0.093023
98674  -45.994  -69.933  23.320 0.093023
101031  -46.744  -76.852  10.744 0.023256
101032  -47.187  -76.859  10.394 0.023256
101033  -47.574  -76.830  10.029 0.023256
101034  -47.859  -76.882  9.593 0.023256
101035  -47.983  -76.402  10.057 0.023256
101201  -34.345  -79.015  35.217 0.023256
101202  -33.815  -79.100  35.784 0.023256
101203  -33.869  -79.385  34.948 0.046512
101235  -35.867  -83.549  20.919 0.023256
101236  -35.846  -83.659  20.152 0.023256
101237  -35.759  -83.796  19.276 0.023256
101238  -36.010  -84.116  19.934 0.023256
101239  -36.241  -84.543  19.655 0.023256
101240  -36.569  -84.910  19.328 0.046512
101241  -42.288  -77.635  19.187 0.255814
101242  -42.331  -78.167  19.040 0.279070
101243  -42.338  -77.882  18.572 0.255814
101244  -42.076  -78.165  17.915 0.232558
101245  -41.595  -78.426  17.199 0.232558
101246  -40.136  -77.584  14.662 0.116279
101247  -40.255  -77.933  15.128 0.116279
101248  -39.707  -77.912  14.514 0.093023
101249  -39.244  -78.348  14.347 0.093023
101250  -38.833  -78.775  14.198 0.093023
101251  -38.447  -79.260  13.968 0.093023
101252  -38.325  -78.740  13.550 0.093023
101253  -37.821  -78.664  12.826 0.093023
101254  -37.363  -78.621  12.119 0.046512
101255  -36.927  -78.579  11.387 0.046512
101256  -37.383  -78.104  11.694 0.046512
101257  -37.547  -77.737  11.176 0.046512
101258  -37.801  -77.455  10.682 0.046512
101259  -40.646  -76.480  10.407 0.046512
101260  -39.958  -76.681  10.140 0.023256
101261  -40.597  -76.791  9.823 0.023256
101262  -40.554  -77.172  9.284 0.023256
101263  -40.451  -77.599  8.753 0.023256
101264  -40.279  -78.087  8.239 0.023256
101265  -41.081  -77.929  8.601 0.023256
104264  -42.724  -73.899  16.572 0.116279
104265  -43.295  -73.878  16.168 0.093023
104266  -42.620  -73.551  16.404 0.116279
104267  -42.397  -73.216  16.186 0.093023
104268  -42.103  -72.878  15.940 0.093023
104269  -40.034  -71.251  16.840 0.069767
104270  -40.356  -71.610  16.338 0.069767
104271  -40.190  -71.255  16.189 0.069767
104272  -40.426  -71.238  15.507 0.069767
104273  -40.728  -71.200  14.841 0.069767
104274  -41.033  -71.128  14.255 0.069767
104275  -40.545  -70.821  14.740 0.069767
104276  -40.376  -70.420  14.623 0.069767
104277  -40.224  -69.978  14.527 0.069767
104278  -42.938  -69.203  19.999 0.046512
104279  -42.285  -69.265  19.786 0.069767
104280  -42.439  -69.037  19.465 0.046512
104281  -41.996  -68.895  18.960 0.046512
104282  -41.582  -68.735  18.448 0.069767
104284  -41.207  -67.805  16.921 0.023256
104285  -40.936  -67.658  16.395 0.023256
104286  -40.564  -67.862  16.090 0.023256
104287  -40.220  -68.084  15.738 0.023256
104288  -40.081  -68.382  15.243 0.023256
104289  -40.181  -67.919  15.110 0.023256
104290  -40.258  -67.758  14.482 0.023256
104441  -38.860  -71.169  34.624 0.023256
104443  -38.665  -71.651  34.693 0.023256
104444  -38.471  -72.175  34.805 0.046512
104445  -38.295  -72.717  34.974 0.069767
104446  -38.975  -74.877  33.939 0.093023
104447  -38.744  -74.482  34.462 0.093023
104448  -38.439  -74.962  34.485 0.093023
104449  -37.903  -75.111  35.058 0.093023
104450  -37.284  -75.238  35.640 0.069767
104451  -36.710  -75.380  36.340 0.046512
104452  -36.873  -75.721  35.738 0.093023
104453  -36.511  -76.220  35.686 0.069767
104454  -36.078  -76.680  35.711 0.069767
104455  -35.752  -77.157  35.656 0.093023
104456  -36.289  -76.981  34.986 0.093023
104457  -36.511  -77.146  34.241 0.093023
104458  -36.671  -77.222  33.595 0.116279
104459  -37.950  -76.160  31.080 0.162791
104460  -37.498  -76.611  31.557 0.139535
104461  -37.380  -76.689  30.879 0.162791
104462  -36.879  -77.326  30.593 0.093023
104463  -36.484  -78.044  30.314 0.093023
104464  -36.276  -78.818  30.138 0.069767
104465  -36.631  -78.315  29.694 0.093023
104466  -36.853  -78.640  29.022 0.139535
104467  -37.186  -79.052  28.315 0.139535
104468  -37.459  -79.594  27.767 0.139535
104469  -37.382  -78.708  27.874 0.162791
104470  -37.653  -78.373  27.464 0.232558
104471  -37.936  -78.007  26.972 0.232558
104472  -39.343  -75.641  27.027 0.186047
104473  -39.080  -76.229  26.744 0.255814
104474  -39.313  -76.116  26.355 0.232558
104475  -39.361  -76.644  25.687 0.255814
104476  -39.498  -77.200  25.141 0.255814
104477  -39.784  -77.735  24.700 0.255814
104478  -39.730  -77.131  24.850 0.255814
104479  -39.928  -76.994  24.503 0.232558
104480  -40.094  -76.891  24.100 0.232558
104481  -44.004  -73.365  26.932 0.186047
104482  -43.377  -73.719  27.086 0.162791
104483  -43.492  -73.349  26.590 0.209302
104484  -42.933  -73.311  26.281 0.209302
104485  -42.322  -73.248  26.004 0.232558
104486  -40.651  -72.634  23.877 0.255814
104487  -40.806  -72.842  24.358 0.232558
104488  -40.333  -73.209  23.779 0.255814
104489  -40.109  -73.797  23.605 0.279070
104490  -39.976  -74.473  23.453 0.279070
104491  -39.992  -75.204  23.328 0.255814
104492  -40.024  -75.080  22.787 0.255814
104493  -40.258  -75.659  22.157 0.279070
104494  -40.623  -76.134  21.611 0.279070
104495  -41.039  -76.569  21.113 0.255814
104496  -40.741  -75.922  21.096 0.209302
104497  -40.917  -75.746  20.610 0.232558
104498  -41.079  -75.526  20.120 0.232558
104499  -40.631  -73.351  19.125 0.209302
104500  -40.865  -73.890  19.158 0.209302
104501  -41.018  -73.741  18.626 0.186047
104502  -41.418  -74.103  18.200 0.139535
104503  -41.851  -74.444  17.794 0.139535
104504  -42.218  -74.813  17.337 0.139535
104505  -42.117  -74.250  17.361 0.139535
104506  -42.391  -74.104  16.944 0.116279
104620  -27.436  -90.342  13.228 0.046512
104623  -28.365  -91.309  13.292 0.023256
104624  -28.789  -91.795  13.168 0.023256
104625  -29.100  -92.207  12.881 0.023256
104626  -29.243  -91.420  12.921 0.023256
104627  -29.656  -91.087  12.685 0.023256
104628  -30.029  -90.805  12.438 0.023256
111568  -44.548  -80.618  7.162 0.023256
111569  -44.152  -81.226  6.668 0.023256
111570  -44.916  -80.800  6.792 0.023256
111571  -45.243  -80.861  6.456 0.023256
111572  -45.383  -80.881  5.990 0.023256
111595  -45.196  -73.654  14.239 0.046512
111596  -45.635  -74.111  13.933 0.023256
112169  -28.252  -79.957  12.895 0.023256
112170  -27.754  -80.520  12.729 0.023256
112179  -33.016  -80.779  15.470 0.023256
112180  -32.512  -81.265  14.765 0.023256
112181  -32.541  -83.767  13.482 0.093023
112182  -32.268  -83.241  13.516 0.069767
112183  -31.898  -83.758  13.047 0.046512
112184  -31.255  -83.750  12.694 0.023256
112185  -30.584  -83.690  12.459 0.023256
112186  -29.943  -83.658  12.311 0.023256
112187  -30.167  -84.278  12.337 0.023256
112188  -29.784  -84.889  12.327 0.023256
112189  -29.472  -85.471  12.393 0.023256
112190  -29.125  -86.076  12.498 0.023256
112191  -29.735  -86.111  12.463 0.023256
112192  -30.004  -86.737  12.580 0.046512
112193  -30.291  -87.319  12.669 0.069767
112194  -32.663  -88.609  12.419 0.069767
112195  -32.156  -88.547  12.537 0.093023
112196  -32.441  -88.964  12.314 0.069767
112197  -32.175  -89.258  12.160 0.046512
112198  -31.915  -89.548  12.063 0.023256
112199  -31.589  -89.864  11.934 0.023256
112200  -32.064  -89.782  11.583 0.023256
112201  -32.147  -89.945  11.007 0.023256
112202  -32.186  -89.998  10.454 0.046512
112203  -38.388  -81.299  25.695 0.116279
112204  -38.117  -82.006  25.458 0.116279
112205  -38.496  -81.744  25.060 0.139535
112206  -38.552  -82.201  24.378 0.139535
112207  -38.501  -82.670  23.596 0.139535
112208  -39.576  -82.688  20.979 0.209302
112209  -39.138  -83.008  21.420 0.186047
112210  -39.164  -83.330  20.688 0.139535
112211  -38.898  -83.918  20.167 0.116279
112212  -38.554  -84.466  19.774 0.093023
112213  -38.187  -84.895  19.401 0.069767
112214  -38.510  -84.789  18.876 0.069767
112215  -38.406  -85.063  17.926 0.069767
112216  -38.149  -85.338  17.030 0.069767
112217  -41.414  -80.403  17.726 0.232558
112218  -41.560  -80.750  18.080 0.186047
112219  -40.917  -81.001  17.350 0.232558
112220  -40.332  -81.555  16.943 0.209302
112221  -39.743  -82.080  16.500 0.162791
112222  -37.667  -83.736  13.120 0.069767
112223  -38.097  -83.631  13.932 0.069767
112224  -37.800  -84.182  13.389 0.069767
112225  -37.869  -84.536  13.660 0.046512
112226  -37.864  -84.873  13.991 0.046512
112227  -37.821  -85.180  14.403 0.046512
112228  -37.520  -85.443  13.553 0.046512
112229  -37.147  -85.968  13.162 0.093023
112230  -36.621  -86.528  12.798 0.116279
112231  -36.134  -87.111  12.503 0.116279
112232  -36.153  -86.807  12.021 0.093023
112233  -35.708  -87.023  11.285 0.093023
112234  -35.234  -87.047  10.633 0.093023
112235  -33.972  -85.705  8.560 0.023256
112236  -34.115  -86.149  8.845 0.046512
112237  -33.579  -86.201  8.558 0.046512
112238  -33.219  -86.820  8.629 0.046512
112239  -32.875  -87.506  8.757 0.046512
112240  -32.538  -88.191  8.955 0.023256
115724  -44.727  -68.529  24.618 0.023256
115725  -44.699  -68.298  24.001 0.046512
115726  -44.202  -68.106  24.472 0.023256
115727  -43.703  -67.681  24.322 0.023256
115728  -43.199  -67.247  24.153 0.023256
115729  -42.710  -67.354  25.079 0.023256
115730  -42.801  -67.071  24.554 0.023256
115731  -42.756  -66.822  23.965 0.023256
115773  -41.898  -69.265  29.655 0.023256
115774  -42.242  -69.762  29.921 0.069767
115775  -42.872  -70.108  29.514 0.069767
115776  -43.590  -70.434  29.117 0.069767
115777  -44.288  -70.726  28.641 0.093023
115778  -44.921  -70.844  28.292 0.116279
115779  -44.569  -70.405  27.969 0.093023
115780  -44.696  -70.075  27.348 0.046512
115781  -44.743  -69.777  26.790 0.069767
115782  -43.578  -69.240  26.853 0.046512
115783  -44.186  -69.348  26.534 0.046512
115784  -44.771  -69.452  26.221 0.046512
115785  -44.821  -69.108  25.694 0.023256
115786  -44.816  -68.824  25.141 0.023256
117617  -44.273  -76.893  10.880 0.023256
117618  -44.990  -76.843  11.095 0.023256
117619  -44.469  -76.291  11.793 0.023256
117620  -45.032  -76.547  11.489 0.023256
117621  -45.669  -76.668  11.310 0.023256
117622  -46.304  -76.390  11.482 0.023256
117752  -34.628  -79.907  31.989 0.023256
117781  -36.233  -83.880  22.789 0.023256
117782  -36.509  -84.135  22.490 0.023256
117783  -42.218  -76.619  17.315 0.186047
117784  -41.963  -77.100  17.143 0.209302
117785  -41.945  -76.881  16.674 0.186047
117786  -41.534  -77.109  16.040 0.186047
117787  -41.054  -77.232  15.419 0.139535
117788  -41.683  -76.585  15.052 0.139535
117789  -41.142  -76.916  14.927 0.116279
117790  -40.608  -77.264  14.795 0.116279
117791  -40.174  -77.193  14.144 0.093023
117792  -39.689  -77.089  13.469 0.093023
117793  -39.255  -76.996  12.831 0.093023
117794  -38.883  -76.931  12.227 0.046512
117795  -39.461  -76.651  12.327 0.069767
117796  -39.822  -76.421  11.816 0.069767
117797  -40.213  -76.287  11.358 0.046512
117798  -41.196  -76.163  12.192 0.069767
117799  -40.899  -76.156  11.574 0.046512
117800  -40.738  -76.270  11.003 0.046512
117801  -41.386  -76.375  10.655 0.046512
117802  -42.088  -76.562  10.412 0.023256
120134  -40.628  -72.632  18.065 0.116279
120135  -40.854  -72.627  17.463 0.093023
120136  -40.420  -72.253  17.946 0.116279
120137  -40.209  -71.899  17.810 0.116279
120138  -40.074  -71.512  17.756 0.069767
120139  -40.020  -70.906  19.054 0.116279
120140  -39.983  -71.019  18.362 0.093023
120141  -39.970  -71.125  17.635 0.093023
120142  -39.905  -70.757  17.482 0.093023
120143  -39.852  -70.407  17.379 0.093023
120144  -39.897  -70.033  17.211 0.069767
120272  -40.729  -72.836  32.894 0.093023
120273  -40.084  -72.936  33.331 0.093023
120274  -40.576  -73.356  33.052 0.116279
120275  -40.351  -73.825  33.228 0.093023
120276  -40.030  -74.246  33.378 0.116279
120277  -40.842  -74.513  32.521 0.116279
120278  -40.255  -74.621  32.945 0.116279
120279  -39.622  -74.780  33.401 0.116279
120280  -39.216  -75.160  33.324 0.116279
120281  -38.819  -75.451  33.273 0.116279
120282  -38.403  -75.737  33.251 0.116279
120283  -37.938  -76.084  33.156 0.116279
120284  -38.507  -75.792  32.709 0.116279
120285  -38.581  -75.794  32.207 0.139535
120286  -38.608  -75.770  31.669 0.162791
120287  -39.521  -75.298  31.274 0.139535
120288  -39.052  -75.504  31.181 0.186047
120289  -38.549  -75.755  31.137 0.162791
120290  -38.354  -75.814  30.566 0.162791
120291  -38.099  -75.886  29.928 0.186047
120292  -37.948  -76.027  29.198 0.209302
120293  -37.927  -76.316  28.583 0.209302
120294  -38.329  -75.768  28.782 0.186047
120295  -38.715  -75.575  28.399 0.186047
120296  -39.061  -75.418  28.060 0.209302
120297  -39.817  -74.993  28.749 0.186047
120298  -39.596  -75.104  28.219 0.209302
120299  -39.416  -75.330  27.649 0.209302
120300  -39.673  -75.184  27.270 0.209302
120301  -39.834  -75.096  26.808 0.232558
120302  -39.985  -74.919  26.390 0.232558
120303  -44.042  -71.872  25.079 0.209302
120304  -43.420  -72.174  25.264 0.232558
120305  -43.256  -71.836  24.854 0.209302
120306  -42.511  -71.861  24.607 0.255814
120307  -41.803  -71.948  24.333 0.232558
120308  -41.942  -71.277  23.655 0.232558
120309  -41.491  -71.656  23.809 0.232558
120310  -41.076  -72.117  23.870 0.209302
120311  -40.501  -72.463  23.301 0.209302
120312  -40.030  -72.908  22.642 0.232558
120313  -40.008  -73.476  21.919 0.232558
120314  -40.081  -74.023  21.248 0.232558
120315  -40.067  -73.322  21.365 0.232558
120316  -40.162  -73.229  20.843 0.232558
120317  -40.252  -73.075  20.289 0.209302
120318  -40.125  -71.989  21.034 0.186047
120319  -40.154  -72.479  20.381 0.209302
120320  -40.310  -72.917  19.710 0.209302
120321  -40.411  -72.805  19.145 0.186047
120322  -40.488  -72.707  18.549 0.139535
120412  -25.883  -88.970  12.877 0.023256
120413  -26.382  -89.406  12.914 0.023256
120414  -26.904  -89.865  13.050 0.023256
120415  -27.525  -89.585  13.134 0.023256
120416  -28.115  -89.301  13.163 0.046512
120417  -28.639  -89.108  13.158 0.046512
125815  -46.978  -78.784  7.456 0.023256
125816  -46.635  -79.286  6.945 0.023256
125817  -47.073  -78.746  6.904 0.023256
125818  -47.127  -78.544  6.384 0.023256
126282  -30.164  -77.944  14.419 0.023256
126283  -29.732  -78.398  13.959 0.023256
126284  -29.250  -78.885  13.548 0.023256
126285  -29.448  -79.346  13.312 0.023256
126286  -29.630  -79.898  13.161 0.023256
126287  -29.837  -80.465  13.011 0.023256
126288  -34.205  -82.467  16.557 0.046512
126289  -33.683  -82.207  15.914 0.046512
126290  -33.815  -82.805  15.810 0.046512
126291  -33.583  -83.145  15.135 0.069767
126292  -33.353  -83.510  14.467 0.093023
126293  -34.077  -84.269  15.039 0.116279
126294  -33.621  -84.081  14.400 0.116279
126295  -33.119  -83.899  13.892 0.116279
126296  -32.827  -84.355  13.405 0.116279
126297  -32.429  -84.926  12.994 0.116279
126298  -31.972  -85.594  12.729 0.069767
126299  -31.618  -86.247  12.559 0.046512
126300  -32.183  -86.201  12.746 0.069767
126301  -32.425  -86.861  12.764 0.069767
126302  -32.718  -87.575  12.717 0.069767
126303  -33.666  -87.133  13.055 0.093023
126304  -33.291  -87.671  12.755 0.093023
126305  -32.915  -88.229  12.566 0.093023
126306  -33.111  -88.641  12.241 0.093023
126307  -33.325  -88.972  11.839 0.093023
126308  -33.506  -89.079  11.362 0.116279
126309  -39.773  -80.223  23.991 0.162791
126310  -39.513  -80.970  23.710 0.116279
126311  -39.843  -80.747  23.206 0.162791
126312  -40.009  -81.146  22.670 0.186047
126313  -40.097  -81.537  22.036 0.186047
126314  -40.688  -80.719  21.955 0.186047
126315  -40.388  -81.324  21.661 0.186047
126316  -40.005  -81.980  21.362 0.186047
126317  -39.952  -82.398  20.559 0.209302
126318  -39.920  -82.739  19.724 0.162791
126319  -39.799  -83.107  18.851 0.139535
126320  -38.957  -81.275  14.951 0.093023
126321  -38.972  -81.619  15.184 0.116279
126322  -38.482  -81.788  14.563 0.093023
126323  -38.152  -82.298  14.134 0.093023
126324  -37.790  -82.789  13.519 0.093023
126325  -37.193  -82.445  12.472 0.046512
126326  -37.362  -82.894  12.676 0.046512
126327  -37.537  -83.266  12.903 0.046512
126328  -37.176  -83.840  12.279 0.046512
126329  -36.772  -84.449  11.708 0.046512
126330  -36.382  -85.047  11.234 0.046512
126331  -36.002  -85.618  10.834 0.069767
126332  -35.880  -85.139  10.572 0.023256
126333  -35.392  -85.178  9.921 0.023256
126334  -34.912  -85.173  9.267 0.023256
126335  -35.138  -84.098  9.437 0.023256
126336  -34.747  -84.639  9.078 0.023256
126337  -34.386  -85.194  8.747 0.023256
126338  -33.818  -85.240  8.360 0.023256
126339  -33.240  -85.379  8.062 0.023256
130064  -42.805  -70.011  21.875 0.139535
130065  -42.265  -69.835  21.357 0.116279
130066  -43.048  -69.839  21.549 0.093023
130067  -43.227  -69.680  21.212 0.069767
130068  -43.333  -69.479  20.875 0.046512
130069  -44.740  -69.424  21.547 0.046512
130070  -44.069  -69.340  21.067 0.069767
130071  -43.458  -69.279  20.547 0.046512
130072  -43.552  -69.033  20.248 0.046512
130073  -43.594  -68.726  19.988 0.023256
130075  -44.530  -68.156  23.393 0.023256
130076  -44.364  -68.062  22.775 0.023256
130187  -39.330  -71.099  33.997 0.023256
130188  -39.729  -71.465  33.472 0.046512
130189  -40.272  -71.889  33.029 0.069767
130191  -40.871  -69.744  32.096 0.023256
130192  -40.954  -70.224  32.281 0.046512
130193  -41.911  -70.452  31.422 0.069767
130194  -41.507  -70.582  31.954 0.046512
130195  -40.989  -70.725  32.422 0.046512
130196  -40.978  -71.208  32.523 0.046512
130197  -41.006  -71.776  32.566 0.069767
130198  -40.857  -72.297  32.742 0.069767
130199  -41.391  -72.724  32.488 0.093023
130200  -41.835  -73.128  32.278 0.116279
130201  -42.253  -73.503  32.017 0.116279
130202  -42.888  -72.831  31.481 0.116279
130203  -42.688  -73.347  31.592 0.139535
130204  -42.370  -73.830  31.614 0.116279
130205  -42.412  -74.118  31.048 0.139535
130206  -42.503  -74.252  30.402 0.139535
130207  -42.600  -74.371  29.695 0.162791
130208  -42.508  -74.385  29.206 0.162791
130209  -43.092  -74.201  29.123 0.162791
130210  -43.568  -73.997  28.535 0.186047
130211  -43.907  -73.727  27.936 0.209302
130212  -44.487  -73.216  28.414 0.139535
130213  -44.415  -73.341  27.861 0.209302
130214  -44.222  -73.390  27.375 0.186047
130215  -44.582  -73.016  26.782 0.232558
130216  -44.680  -72.650  26.255 0.139535
130217  -44.728  -72.268  25.748 0.209302
130218  -45.423  -70.995  27.909 0.093023
130219  -45.694  -71.196  27.479 0.093023
130220  -45.858  -71.460  26.960 0.116279
130221  -45.987  -70.574  26.201 0.116279
130222  -46.005  -71.133  26.309 0.116279
130223  -45.845  -71.711  26.402 0.139535
130224  -45.630  -71.850  25.950 0.162791
130225  -45.278  -71.929  25.580 0.139535
130226  -44.725  -71.946  25.339 0.186047
130227  -44.655  -71.663  24.882 0.162791
130228  -44.516  -71.370  24.319 0.186047
130229  -44.230  -71.068  23.815 0.209302
130230  -45.533  -70.812  23.677 0.116279
130231  -44.762  -70.808  23.464 0.186047
130232  -43.932  -70.749  23.299 0.162791
130233  -43.596  -70.458  22.856 0.186047
130234  -43.236  -70.216  22.379 0.162791
135198  -43.401  -80.542  7.316 0.023256
135201  -44.159  -80.339  7.514 0.023256
135202  -44.902  -80.059  7.680 0.023256
135203  -45.589  -79.664  7.785 0.023256
135204  -46.206  -79.181  7.869 0.023256
135207  -45.160  -78.156  9.637 0.023256
135208  -46.002  -77.544  10.306 0.023256
135209  -45.803  -77.936  9.803 0.023256
135210  -45.568  -78.395  9.288 0.023256
135211  -46.104  -78.548  8.845 0.023256
135212  -46.476  -78.668  8.404 0.023256
135213  -46.780  -78.738  7.963 0.023256
135214  -47.321  -78.240  7.986 0.023256
135215  -47.759  -77.710  7.951 0.023256
135217  -48.108  -76.800  9.048 0.023256
135640  -34.979  -81.920  18.144 0.023256
135641  -34.624  -82.174  17.329 0.023256
135642  -34.737  -82.756  17.216 0.046512
135643  -34.805  -83.372  17.131 0.046512
135644  -34.941  -83.913  17.031 0.069767
135645  -35.597  -83.972  18.464 0.023256
135646  -35.336  -84.201  17.639 0.046512
135647  -35.116  -84.434  16.884 0.069767
135648  -35.405  -84.967  16.686 0.069767
135649  -35.693  -85.475  16.417 0.069767
135650  -35.983  -85.935  16.059 0.069767
135651  -41.819  -78.817  20.972 0.255814
135652  -41.846  -79.307  20.667 0.302326
135653  -41.971  -79.045  20.252 0.302326
135654  -42.072  -79.277  19.561 0.279070
135655  -42.105  -79.540  18.891 0.255814
135656  -42.249  -78.715  18.796 0.255814
135657  -42.039  -79.279  18.469 0.255814
135658  -41.785  -79.830  18.131 0.255814
135659  -41.246  -80.106  17.355 0.255814
135660  -40.619  -80.375  16.596 0.186047
135661  -40.041  -80.572  15.938 0.139535
135662  -41.671  -77.642  16.930 0.209302
135663  -41.353  -78.151  16.696 0.209302
135664  -41.028  -78.632  16.456 0.209302
135665  -40.370  -78.307  15.528 0.139535
135666  -40.537  -78.728  15.883 0.162791
135667  -40.731  -79.163  16.237 0.186047
135668  -40.382  -79.598  15.906 0.139535
135669  -39.943  -80.188  15.642 0.093023
135670  -39.469  -80.755  15.312 0.093023
135671  -38.829  -80.869  14.745 0.093023
135672  -38.228  -80.895  14.113 0.093023
135673  -37.670  -80.852  13.371 0.093023
135674  -38.003  -79.786  13.611 0.093023
135675  -37.565  -80.308  13.171 0.093023
135676  -37.156  -80.836  12.653 0.069767
135677  -36.650  -80.820  11.929 0.023256
135684  -36.556  -78.621  10.686 0.023256
135690  -38.606  -76.956  11.569 0.046512
135691  -38.367  -77.028  10.903 0.046512
135692  -38.166  -77.259  10.201 0.023256
135693  -39.291  -76.909  9.889 0.046512
135694  -38.622  -77.186  9.717 0.023256
135695  -37.947  -77.478  9.543 0.023256
135696  -37.814  -77.766  8.881 0.023256
135702  -40.067  -78.586  7.766 0.023256
135703  -39.790  -79.052  7.321 0.023256
141884  -44.095  -75.504  14.732 0.069767
141885  -44.520  -75.506  14.294 0.046512
141886  -44.500  -75.171  14.822 0.069767
141887  -44.751  -74.732  14.938 0.069767
141888  -44.838  -74.206  14.924 0.046512
141889  -43.796  -73.797  15.739 0.093023
141890  -44.304  -73.735  15.301 0.069767
141891  -44.782  -73.696  14.740 0.069767
141892  -44.585  -73.247  14.443 0.069767
141893  -44.285  -72.898  14.056 0.046512
141894  -43.819  -72.603  13.758 0.046512
141895  -41.097  -72.629  16.876 0.093023
141896  -41.372  -72.594  16.267 0.093023
141897  -41.787  -72.553  15.684 0.093023
141898  -40.813  -71.938  15.835 0.093023
141899  -41.466  -72.260  15.388 0.093023
141900  -42.236  -72.518  15.072 0.093023
141901  -42.650  -72.444  14.491 0.069767
141902  -42.956  -72.349  13.989 0.046512
141903  -43.379  -72.267  13.472 0.023256
141904  -42.992  -71.907  13.188 0.023256
141905  -42.665  -71.580  12.942 0.023256
141907  -41.397  -71.041  13.646 0.046512
141908  -41.729  -70.939  13.097 0.023256
141913  -41.688  -69.741  20.787 0.093023
141914  -41.220  -69.696  20.208 0.093023
141915  -40.896  -69.664  19.610 0.093023
141916  -41.691  -69.354  19.565 0.093023
141917  -41.090  -69.451  19.305 0.093023
141918  -40.598  -69.636  18.965 0.093023
141919  -40.365  -69.623  18.350 0.093023
141920  -40.129  -69.648  17.667 0.069767
141921  -39.941  -69.640  17.052 0.069767
141922  -42.264  -68.343  18.392 0.023256
141923  -41.733  -68.442  18.148 0.046512
141924  -41.214  -68.550  17.885 0.046512
141925  -41.046  -68.104  17.117 0.023256
141926  -40.896  -68.412  17.342 0.046512
141927  -40.775  -68.739  17.589 0.069767
141928  -40.367  -68.968  17.262 0.069767
141929  -40.000  -69.242  16.892 0.069767
141930  -39.861  -69.630  16.408 0.069767
141931  -39.866  -69.641  15.717 0.069767
141932  -39.981  -69.639  15.006 0.069767
141933  -40.167  -69.525  14.439 0.023256
141934  -40.037  -68.705  14.773 0.023256
141935  -40.174  -69.032  14.296 0.023256
141936  -40.410  -69.403  13.838 0.023256
141937  -40.707  -69.283  13.226 0.023256
142253  -39.401  -73.024  33.883 0.093023
142254  -38.764  -73.113  34.506 0.069767
142255  -38.194  -73.198  35.132 0.069767
142256  -38.391  -74.089  34.905 0.093023
142257  -38.001  -73.677  35.310 0.069767
142258  -37.742  -73.335  35.855 0.046512
142259  -37.385  -73.485  36.638 0.023256
142260  -37.069  -73.626  37.423 0.023256
142261  -36.874  -73.702  38.325 0.023256
142262  -36.535  -74.202  38.381 0.023256
142263  -36.163  -74.743  38.432 0.023256
142264  -35.790  -75.282  38.524 0.023256
142265  -36.213  -75.538  37.052 0.046512
142266  -35.719  -75.733  37.790 0.023256
142267  -35.359  -75.848  38.560 0.023256
142272  -34.433  -78.075  36.904 0.023256
142273  -34.628  -78.304  36.098 0.046512
142274  -35.463  -77.645  35.549 0.046512
142275  -35.136  -78.128  35.440 0.046512
142276  -34.763  -78.595  35.315 0.069767
142277  -34.816  -78.815  34.598 0.069767
142278  -34.886  -79.016  33.846 0.093023
142279  -34.933  -79.216  33.080 0.046512
142280  -37.545  -76.460  33.133 0.116279
142281  -37.108  -76.840  33.079 0.116279
142282  -36.656  -77.289  33.034 0.139535
142283  -37.099  -77.014  31.986 0.139535
142284  -36.691  -77.396  32.480 0.139535
142285  -36.219  -77.814  32.966 0.139535
142286  -35.838  -78.361  32.809 0.116279
142287  -35.370  -78.937  32.587 0.069767
142288  -34.989  -79.437  32.277 0.046512
142289  -35.063  -79.753  31.539 0.069767
142290  -35.222  -80.092  30.898 0.069767
142291  -35.478  -80.435  30.269 0.023256
142292  -36.115  -79.526  29.953 0.069767
142293  -35.939  -80.220  29.787 0.069767
142294  -35.747  -80.810  29.630 0.023256
142295  -36.082  -81.165  29.028 0.023256
142296  -36.338  -81.546  28.443 0.023256
142297  -36.526  -81.873  27.813 0.023256
142298  -36.696  -82.216  27.229 0.023256
142299  -36.973  -81.719  27.435 0.046512
142300  -37.371  -81.501  27.058 0.069767
142301  -37.811  -81.187  26.694 0.069767
142302  -37.732  -80.080  27.278 0.093023
142303  -37.967  -80.451  26.819 0.093023
142304  -38.207  -80.887  26.294 0.093023
142305  -38.541  -80.544  25.829 0.116279
142306  -38.871  -80.250  25.411 0.162791
142307  -39.222  -79.968  25.019 0.186047
142308  -37.981  -76.696  27.920 0.255814
142309  -38.092  -77.215  27.206 0.255814
142310  -38.272  -77.728  26.569 0.232558
142311  -38.810  -76.819  26.437 0.255814
142312  -38.609  -77.484  26.183 0.232558
142313  -38.545  -78.264  26.048 0.255814
142314  -38.930  -78.738  25.600 0.232558
142315  -39.319  -79.196  25.146 0.209302
142316  -39.628  -79.714  24.639 0.186047
142317  -39.965  -79.503  24.265 0.186047
142318  -40.228  -79.384  23.933 0.232558
142319  -40.513  -79.292  23.595 0.232558
142320  -40.145  -78.242  24.311 0.279070
142321  -40.467  -78.700  23.857 0.232558
142322  -40.736  -79.158  23.265 0.209302
142323  -40.899  -79.014  22.861 0.162791
142324  -41.135  -78.868  22.408 0.209302
142325  -41.394  -78.716  21.985 0.209302
142326  -42.343  -74.389  28.721 0.139535
142327  -42.143  -74.418  28.304 0.139535
142328  -41.851  -74.489  27.889 0.209302
142329  -42.709  -74.076  27.246 0.209302
142330  -42.174  -74.373  27.366 0.209302
142331  -41.494  -74.545  27.453 0.232558
142332  -40.988  -74.535  27.018 0.209302
142333  -40.505  -74.571  26.521 0.232558
142334  -40.043  -74.727  25.932 0.232558
142335  -42.820  -72.508  25.433 0.232558
142336  -42.239  -72.861  25.575 0.232558
142337  -41.686  -73.279  25.689 0.209302
142338  -40.920  -73.094  24.809 0.232558
142339  -41.048  -73.322  25.264 0.232558
142340  -41.111  -73.649  25.649 0.232558
142341  -40.572  -74.040  25.614 0.232558
142342  -40.115  -74.519  25.490 0.232558
142343  -39.799  -75.099  25.302 0.255814
142344  -39.760  -75.585  24.712 0.255814
142345  -39.925  -76.184  24.127 0.232558
142346  -40.227  -76.770  23.633 0.209302
142347  -40.162  -75.922  23.231 0.232558
142348  -40.338  -76.608  23.190 0.232558
142349  -40.629  -77.323  23.201 0.209302
142350  -40.979  -77.765  22.689 0.209302
142351  -41.274  -78.142  22.123 0.232558
142352  -41.584  -78.524  21.583 0.232558
142353  -41.715  -78.279  21.124 0.255814
142354  -41.830  -78.017  20.714 0.279070
142355  -41.995  -77.715  20.235 0.279070
142356  -41.505  -76.889  20.671 0.255814
142357  -41.869  -77.168  20.197 0.279070
142358  -42.116  -77.400  19.714 0.255814
142359  -42.160  -77.116  19.207 0.209302
142360  -42.177  -76.843  18.724 0.209302
142361  -42.230  -76.571  18.289 0.209302
142362  -40.416  -74.509  20.678 0.232558
142363  -40.815  -74.916  20.138 0.232558
142364  -41.281  -75.308  19.560 0.209302
142365  -41.118  -74.430  19.148 0.209302
142366  -41.365  -75.035  19.133 0.209302
142367  -41.595  -75.603  19.135 0.232558
142368  -41.881  -75.870  18.680 0.255814
142369  -42.049  -76.182  18.206 0.232558
142370  -42.220  -76.396  17.769 0.186047
142371  -42.371  -76.199  17.230 0.186047
142372  -42.455  -76.048  16.776 0.162791
142373  -42.668  -75.901  16.356 0.186047
142374  -42.615  -75.229  16.873 0.139535
142375  -42.879  -75.531  16.419 0.139535
142376  -42.966  -75.786  15.900 0.093023
142377  -43.311  -75.692  15.484 0.093023
142378  -43.730  -75.605  15.089 0.046512
142621  -29.308  -92.558  12.466 0.023256
142622  -29.431  -92.851  11.930 0.023256
142623  -29.412  -93.089  11.255 0.023256
142624  -29.785  -92.613  10.837 0.023256
142625  -30.104  -92.144  10.448 0.023256
142626  -30.393  -91.734  10.103 0.023256
156581  -42.462  -82.285  5.598 0.023256
156582  -43.678  -81.740  6.254 0.023256
156583  -43.296  -82.233  5.851 0.023256
156584  -42.905  -82.559  5.344 0.023256
156585  -43.252  -82.707  5.029 0.023256
156588  -46.286  -79.767  6.461 0.023256
156589  -45.948  -80.304  6.017 0.023256
156590  -45.531  -80.814  5.518 0.023256
156633  -44.929  -75.510  13.904 0.046512
156634  -45.378  -75.400  13.419 0.046512
156635  -45.880  -75.365  13.056 0.046512
156636  -45.980  -74.568  13.577 0.023256
156637  -46.213  -74.944  13.161 0.046512
156638  -46.348  -75.298  12.746 0.023256
156639  -46.747  -75.217  12.452 0.023256
157793  -32.660  -78.433  16.243 0.023256
157794  -32.314  -78.695  15.549 0.023256
157795  -31.897  -79.039  14.916 0.023256
157796  -32.736  -79.650  15.499 0.023256
157797  -32.085  -79.548  14.873 0.023256
157798  -31.442  -79.453  14.375 0.023256
157799  -30.974  -79.924  13.881 0.023256
157800  -30.501  -80.462  13.368 0.023256
157801  -30.049  -81.062  12.864 0.023256
157802  -33.176  -82.000  15.302 0.046512
157803  -32.663  -81.842  14.714 0.023256
157804  -32.110  -81.746  14.103 0.023256
157805  -32.025  -82.727  13.514 0.023256
157806  -31.745  -82.214  13.514 0.023256
157807  -31.533  -81.661  13.604 0.023256
157808  -30.919  -81.603  13.116 0.023256
157809  -30.279  -81.582  12.761 0.023256
157810  -29.626  -81.591  12.545 0.023256
157811  -29.215  -82.146  12.311 0.023256
157812  -28.780  -82.623  12.217 0.023256
157814  -29.307  -83.640  12.211 0.023256
157820  -26.999  -86.235  12.546 0.023256
157821  -27.391  -86.785  12.664 0.023256
157822  -27.778  -87.278  12.783 0.046512
157823  -28.782  -86.659  12.648 0.023256
157824  -28.462  -87.244  12.798 0.046512
157825  -28.093  -87.834  12.957 0.046512
157826  -28.478  -88.236  13.050 0.046512
157827  -28.860  -88.629  13.121 0.046512
157828  -29.248  -89.071  13.093 0.046512
157829  -31.263  -86.842  12.532 0.046512
157830  -30.938  -87.388  12.567 0.093023
157831  -30.616  -87.911  12.722 0.069767
157832  -31.588  -88.469  12.599 0.069767
157833  -30.999  -88.384  12.695 0.046512
157834  -30.357  -88.332  12.827 0.046512
157835  -30.106  -88.713  12.908 0.046512
157836  -29.852  -89.086  12.966 0.046512
157837  -29.646  -89.510  12.999 0.046512
157838  -30.005  -89.920  12.835 0.046512
157839  -30.256  -90.310  12.468 0.023256
157840  -30.512  -90.677  11.967 0.023256
157841  -31.245  -90.217  11.773 0.023256
157842  -30.943  -90.603  11.620 0.023256
157843  -30.722  -90.983  11.493 0.023256
157844  -30.828  -91.244  10.914 0.023256
157845  -30.824  -91.411  10.266 0.023256
157846  -30.588  -91.301  9.715 0.023256
157847  -36.843  -82.479  26.569 0.046512
157848  -36.982  -82.725  25.839 0.046512
157849  -37.057  -83.046  25.181 0.046512
157850  -37.766  -82.627  25.121 0.069767
157851  -37.429  -83.074  24.892 0.069767
157852  -37.075  -83.362  24.530 0.046512
157853  -37.041  -83.659  23.723 0.023256
157854  -36.932  -83.993  22.930 0.046512
157855  -36.851  -84.352  22.190 0.046512
157856  -39.205  -81.708  23.457 0.116279
157857  -38.848  -82.449  23.197 0.162791
157858  -38.467  -83.137  22.879 0.116279
157859  -38.753  -83.335  21.849 0.116279
157860  -38.388  -83.545  22.195 0.093023
157861  -38.011  -83.670  22.624 0.093023
157862  -37.635  -84.152  22.217 0.093023
157863  -37.251  -84.443  21.840 0.069767
157864  -36.873  -84.554  21.454 0.046512
157865  -36.884  -84.769  20.706 0.046512
157866  -36.953  -84.946  19.849 0.046512
157867  -36.930  -85.158  18.954 0.046512
157868  -37.779  -85.193  18.995 0.069767
157869  -37.294  -85.373  18.572 0.093023
157870  -36.775  -85.476  18.064 0.069767
157871  -36.633  -85.681  17.230 0.069767
157872  -36.458  -85.925  16.420 0.069767
157873  -36.278  -86.274  15.678 0.069767
157874  -41.792  -79.832  20.394 0.232558
157875  -41.627  -80.428  20.047 0.186047
157876  -41.348  -81.048  19.675 0.162791
157877  -41.401  -81.064  18.462 0.209302
157878  -41.249  -81.368  18.863 0.209302
157879  -40.979  -81.645  19.280 0.186047
157880  -40.531  -82.225  18.862 0.209302
157881  -40.043  -82.813  18.413 0.162791
157882  -39.592  -83.438  17.982 0.139535
157883  -39.083  -81.964  15.442 0.139535
157884  -39.169  -82.309  15.736 0.162791
157885  -39.238  -82.637  16.052 0.139535
157886  -38.468  -83.388  14.711 0.069767
157887  -38.858  -83.156  15.515 0.139535
157888  -39.325  -82.945  16.374 0.139535
157889  -39.310  -83.284  16.689 0.162791
157890  -39.298  -83.637  17.055 0.186047
157891  -39.176  -83.998  17.468 0.139535
157892  -38.757  -84.530  16.997 0.093023
157893  -38.317  -85.067  16.566 0.069767
157894  -37.892  -85.531  16.179 0.069767
157895  -37.790  -85.461  14.854 0.069767
157896  -37.693  -85.715  15.314 0.093023
157897  -37.482  -85.892  15.827 0.069767
157898  -37.005  -86.302  15.471 0.093023
157899  -36.546  -86.539  15.203 0.093023
157900  -36.072  -86.615  14.901 0.093023
157901  -35.728  -87.046  14.067 0.093023
157902  -35.391  -87.566  13.296 0.093023
157903  -35.063  -88.166  12.680 0.093023
157904  -35.671  -87.631  12.240 0.093023
157905  -35.185  -88.063  12.119 0.116279
157906  -34.666  -88.392  12.103 0.116279
157907  -34.305  -88.666  11.635 0.116279
157908  -33.984  -88.831  11.218 0.116279
157909  -33.621  -88.977  10.877 0.116279
157910  -35.592  -86.145  10.475 0.046512
157911  -35.139  -86.541  10.226 0.069767
157912  -34.795  -87.086  10.070 0.069767
157913  -34.212  -86.598  9.245 0.046512
157914  -34.336  -87.100  9.616 0.093023
157915  -34.429  -87.619  10.009 0.093023
157916  -34.063  -88.168  10.096 0.139535
157917  -33.689  -88.729  10.317 0.069767
157918  -33.250  -89.185  10.610 0.093023
157919  -32.904  -89.310  10.320 0.069767
157920  -32.562  -89.608  10.130 0.069767
157921  -32.126  -89.881  9.913 0.046512
157922  -32.213  -88.900  9.228 0.069767
157923  -31.909  -89.629  9.435 0.046512
157924  -31.652  -90.201  9.725 0.023256
157925  -31.234  -90.503  9.513 0.023256
157926  -30.746  -90.787  9.345 0.023256
157927  -30.228  -91.079  9.179 0.023256
157928  -29.834  -90.672  8.723 0.023256

