#!ascii label, from subject fsaverage, vox2ras=TkReg
1531
56  40.986  39.800  -4.868 0.348837
388  39.082  52.517  -6.055 0.418605
389  39.337  48.923  2.386 0.255814
390  42.152  37.182  2.438 0.046512
517  41.601  42.430  -12.662 0.023256
886  36.322  52.364  1.140 0.093023
887  38.496  51.882  5.895 0.046512
889  38.374  39.931  5.150 0.046512
1133  40.709  46.303  -5.200 0.604651
1134  41.347  47.943  -9.696 0.139535
1135  44.016  43.211  -9.252 0.372093
1468  39.320  49.615  9.700 0.023256
1616  47.582  37.409  -2.626 0.139535
1617  45.958  35.978  -7.301 0.279070
1864  34.012  56.273  -8.334 0.069767
1865  34.715  51.331  -4.532 0.093023
1866  39.632  50.447  -1.915 0.441860
1867  38.619  44.203  -1.234 0.372093
1868  40.112  45.957  5.681 0.093023
1869  39.954  42.357  2.354 0.116279
1870  42.287  39.330  -0.692 0.093023
2191  35.180  51.590  -9.673 0.023256
2194  46.740  38.360  -12.350 0.116279
2806  35.345  51.370  4.558 0.023256
2809  38.001  36.257  7.025 0.023256
3053  40.676  43.288  -5.046 0.418605
3054  42.346  44.758  -7.271 0.488372
3055  42.215  41.585  -7.302 0.418605
3654  50.189  35.314  -4.189 0.046512
4096  31.771  52.478  -5.479 0.023256
4097  32.672  50.103  -3.041 0.023256
4098  38.891  51.851  1.925 0.255814
4099  38.356  52.036  -0.692 0.232558
4100  39.492  50.205  0.235 0.372093
4101  39.173  47.581  -1.174 0.511628
4102  38.509  46.771  0.598 0.302326
4103  38.676  45.889  9.329 0.023256
4104  39.681  47.843  7.787 0.069767
4105  39.139  44.510  7.269 0.046512
4106  39.822  38.419  3.581 0.046512
4107  39.865  40.953  3.999 0.046512
4108  40.835  39.571  2.391 0.046512
4109  40.505  40.688  0.588 0.069767
4110  42.788  38.407  1.198 0.069767
4838  36.558  55.057  -7.313 0.139535
4839  35.220  54.680  -9.599 0.069767
4840  37.985  53.223  -8.482 0.162791
4841  41.573  45.383  -11.828 0.069767
4842  38.672  46.744  -10.449 0.023256
4843  38.641  43.658  -11.027 0.023256
4846  48.456  34.373  -8.149 0.093023
4847  46.298  37.323  -10.268 0.232558
4848  47.924  34.931  -10.794 0.069767
6201  31.470  49.721  1.132 0.023256
6202  33.526  50.525  0.028 0.046512
6203  34.117  51.475  2.576 0.069767
6204  37.506  52.660  3.627 0.069767
6205  39.619  50.843  4.146 0.116279
6207  37.817  41.567  6.852 0.023256
6208  37.303  38.795  6.686 0.023256
6209  38.839  37.404  5.042 0.023256
6647  40.385  49.505  -5.278 0.558140
6648  40.427  50.416  -7.700 0.372093
6649  42.158  47.820  -7.458 0.418605
6650  43.363  45.927  -10.006 0.209302
6651  43.970  43.695  -11.963 0.162791
7265  37.903  50.181  11.205 0.023256
7610  43.727  37.909  -3.673 0.232558
7611  43.358  37.719  -6.357 0.348837
7612  46.920  36.407  -5.047 0.209302
7613  49.412  34.745  -6.274 0.116279
8213  31.709  55.135  -7.285 0.023256
8214  34.232  54.525  -6.505 0.069767
8215  36.844  52.842  -5.323 0.325581
8216  35.444  50.743  -1.375 0.093023
8217  37.379  51.083  -2.970 0.255814
8218  39.057  50.964  -3.916 0.534884
8219  39.609  48.305  -3.376 0.581395
8220  39.458  45.215  -3.082 0.511628
8221  39.203  41.949  -3.276 0.348837
8222  39.269  51.266  8.031 0.023256
8223  40.100  49.390  6.149 0.046512
8224  40.257  47.119  4.168 0.116279
8225  39.215  42.711  5.464 0.069767
8226  40.846  44.015  4.160 0.116279
8227  39.332  45.213  2.592 0.209302
8228  38.645  43.168  0.687 0.186047
8229  39.274  41.044  -1.297 0.186047
8230  41.142  39.139  -2.670 0.209302
8231  44.777  38.400  -1.639 0.093023
9136  38.364  49.977  -9.145 0.139535
9142  44.164  39.368  -9.030 0.302326
9143  45.677  41.125  -11.128 0.279070
9144  44.713  41.067  -13.104 0.069767
9145  47.295  35.055  -12.620 0.023256
10733  40.490  41.524  -5.182 0.418605
10734  41.313  42.467  -6.235 0.441860
10735  41.440  40.571  -6.166 0.395349
11776  31.168  50.372  -3.595 0.023256
11778  39.327  50.619  2.192 0.232558
11779  39.298  51.169  1.056 0.372093
11780  39.294  49.727  1.304 0.302326
11781  39.056  48.518  0.410 0.348837
11782  38.859  47.969  1.466 0.279070
11784  38.946  45.286  8.412 0.046512
11786  40.889  37.715  2.996 0.046512
11787  40.355  39.003  3.002 0.046512
11788  41.390  38.372  2.374 0.046512
11789  41.722  38.964  1.753 0.046512
11790  42.465  37.748  1.781 0.046512
11791  43.544  37.233  1.234 0.023256
11792  43.348  36.719  1.961 0.023256
12518  37.909  54.042  -6.703 0.302326
12519  37.468  54.366  -7.922 0.139535
12520  38.855  53.249  -7.326 0.302326
12521  41.531  43.906  -12.434 0.046512
12522  40.105  44.493  -11.622 0.023256
12523  40.094  43.079  -11.869 0.023256
12524  38.834  42.103  -10.782 0.023256
12526  49.199  33.551  -8.516 0.023256
12527  48.103  34.615  -9.490 0.093023
14175  31.573  50.031  2.382 0.023256
14176  32.609  50.574  1.949 0.023256
14177  33.047  50.787  3.046 0.023256
14178  36.925  51.847  5.283 0.023256
14179  36.338  52.115  4.216 0.023256
14180  37.909  52.170  4.722 0.046512
14181  38.744  52.011  4.012 0.093023
14182  39.287  51.505  5.129 0.069767
14184  36.926  39.524  7.645 0.023256
14185  36.812  38.214  7.720 0.023256
14187  38.462  36.864  6.014 0.023256
14188  39.618  36.349  5.507 0.023256
14189  40.005  36.770  4.523 0.023256
14918  40.605  47.895  -5.343 0.627907
14919  41.345  48.551  -6.370 0.488372
14920  41.552  47.068  -6.357 0.627907
14921  43.269  44.133  -8.323 0.465116
14922  43.158  45.504  -8.659 0.325581
14923  43.797  44.627  -9.719 0.348837
14924  43.754  44.832  -11.115 0.162791
14925  44.348  43.638  -10.667 0.302326
16718  45.575  37.545  -3.173 0.162791
16719  45.180  37.144  -4.408 0.209302
16720  47.270  36.858  -3.893 0.162791
16722  49.857  34.884  -5.362 0.046512
16723  50.412  33.845  -5.854 0.023256
16724  50.109  33.774  -6.752 0.023256
18048  33.275  51.981  -5.178 0.023256
18049  32.966  53.562  -6.060 0.046512
18050  34.394  52.973  -5.721 0.046512
18051  35.587  53.718  -6.057 0.139535
18052  35.747  52.167  -5.024 0.209302
18053  34.847  51.526  0.759 0.046512
18054  34.514  50.640  -0.593 0.046512
18055  35.882  51.642  -0.094 0.093023
18056  39.189  51.689  -1.484 0.348837
18057  37.913  51.579  -1.928 0.232558
18058  38.664  51.333  -2.376 0.395349
18059  38.185  51.222  -3.438 0.348837
18060  39.394  50.618  -2.878 0.488372
18061  39.740  49.788  -3.485 0.534884
18062  39.634  49.349  -2.566 0.511628
18063  38.824  45.911  -1.145 0.441860
18064  39.120  46.284  -2.077 0.511628
18065  38.986  44.719  -2.123 0.465116
18066  39.331  43.659  -3.130 0.418605
18067  38.793  43.046  -2.234 0.372093
18068  38.721  51.070  9.665 0.023256
18069  38.342  51.615  8.769 0.023256
18070  39.534  50.598  8.950 0.023256
18071  39.888  46.862  6.730 0.069767
18072  40.011  48.741  6.961 0.069767
18073  40.238  47.581  5.913 0.069767
18074  40.353  48.252  5.079 0.093023
18075  40.495  46.527  4.921 0.093023
18076  37.975  40.733  6.008 0.046512
18077  38.464  42.193  6.063 0.046512
18078  38.723  41.288  5.399 0.046512
18079  40.240  41.646  3.235 0.046512
18080  40.337  42.331  4.116 0.093023
18081  40.420  43.209  3.184 0.116279
18082  40.290  44.684  3.251 0.162791
18083  39.740  43.718  2.456 0.139535
18084  38.849  44.193  1.702 0.186047
18085  39.299  42.807  1.539 0.139535
18086  41.247  39.986  -0.126 0.093023
18087  39.817  40.864  -0.336 0.116279
18088  40.516  39.989  -1.105 0.162791
18089  40.070  40.036  -2.075 0.162791
18090  41.585  39.193  -1.678 0.162791
18091  42.862  38.668  -2.175 0.139535
18092  43.486  38.852  -1.184 0.116279
18094  46.352  37.017  -0.356 0.023256
20273  32.687  56.556  -8.727 0.023256
20276  35.234  53.226  -9.779 0.046512
20277  34.147  53.819  -10.430 0.023256
20278  34.036  52.077  -10.518 0.023256
20280  33.891  50.241  -10.375 0.023256
20281  41.014  49.179  -8.642 0.186047
20282  39.605  50.438  -8.654 0.209302
20283  39.883  48.886  -9.401 0.186047
20285  37.007  47.340  -9.853 0.023256
20296  44.605  36.848  -6.887 0.302326
20297  43.562  38.379  -7.764 0.348837
20298  44.649  37.443  -8.355 0.302326
20299  46.762  38.061  -11.367 0.162791
20300  46.030  39.361  -10.792 0.279070
20301  46.373  39.909  -11.886 0.186047
20302  45.470  41.336  -12.326 0.186047
20303  45.957  39.938  -12.765 0.116279
20308  45.361  35.909  -13.554 0.023256
23487  36.938  36.890  7.843 0.023256
23927  40.743  44.786  -5.012 0.488372
23928  41.567  45.524  -6.206 0.534884
23929  41.495  44.109  -6.104 0.465116
23930  42.285  43.346  -7.219 0.418605
23931  43.162  42.433  -8.186 0.395349
25007  49.347  36.810  -2.220 0.046512
25008  49.116  36.597  -3.387 0.116279
25009  50.465  35.630  -3.061 0.023256
25804  30.548  52.717  -5.906 0.023256
25805  30.772  51.501  -4.762 0.023256
25806  32.204  51.118  -4.406 0.023256
25807  33.612  50.567  -3.859 0.023256
25808  37.934  52.573  1.533 0.162791
25809  37.289  52.253  0.209 0.139535
25810  38.714  52.132  0.601 0.232558
25811  39.367  51.520  -0.115 0.372093
25812  39.647  50.439  -0.833 0.418605
25813  39.586  49.102  -1.509 0.465116
25814  39.354  48.900  -0.513 0.441860
25815  38.829  47.284  -0.313 0.441860
25816  38.432  45.483  -0.259 0.395349
25817  38.980  47.739  9.468 0.023256
25818  39.449  48.785  8.714 0.023256
25819  39.180  46.965  8.550 0.023256
25820  39.440  46.119  7.612 0.069767
25821  39.706  45.314  6.565 0.069767
25822  38.990  39.144  4.277 0.046512
25823  39.137  40.481  4.637 0.046512
25824  39.654  39.696  3.717 0.046512
25825  40.194  40.217  3.158 0.046512
25826  40.326  40.860  2.380 0.046512
25827  39.977  41.479  1.448 0.093023
25828  40.896  40.217  1.593 0.046512
25829  41.771  39.606  0.857 0.046512
25830  42.860  39.045  0.318 0.093023
25831  43.910  38.607  -0.203 0.069767
27140  35.263  55.842  -7.926 0.116279
27141  34.839  55.793  -9.139 0.069767
27142  36.088  55.184  -8.546 0.093023
27143  36.513  54.067  -9.011 0.093023
27144  36.706  52.623  -9.200 0.069767
27145  41.486  46.696  -10.789 0.069767
27146  40.050  47.418  -10.214 0.069767
27147  40.109  45.991  -11.058 0.023256
27148  38.698  45.184  -10.911 0.023256
27154  47.178  35.129  -7.759 0.209302
27155  45.831  36.488  -8.816 0.255814
27156  46.930  35.470  -9.161 0.162791
27157  47.186  36.214  -10.536 0.139535
27158  47.306  36.653  -11.664 0.116279
29829  31.353  49.363  -0.239 0.023256
29830  32.255  49.727  -0.814 0.023256
29831  32.523  50.182  0.604 0.023256
29832  33.763  51.186  1.440 0.046512
29833  35.235  52.035  1.909 0.069767
29834  34.793  51.520  3.611 0.046512
29835  35.778  52.336  3.132 0.046512
29836  36.832  52.730  2.459 0.093023
29837  38.375  52.421  2.840 0.162791
29838  39.183  51.391  3.049 0.162791
29839  39.618  49.877  3.218 0.186047
29842  37.250  40.884  7.656 0.023256
29843  37.366  40.173  6.730 0.023256
29844  37.770  39.368  5.825 0.023256
29845  37.505  37.514  6.776 0.023256
29846  37.937  38.097  5.774 0.023256
29847  38.398  38.636  4.964 0.046512
29848  39.315  37.863  4.223 0.046512
29849  40.407  37.198  3.707 0.046512
29850  41.795  36.662  3.292 0.046512
30869  40.024  51.000  -5.589 0.511628
30870  39.879  51.599  -6.838 0.395349
30871  40.714  50.102  -6.491 0.465116
30872  41.468  49.095  -7.575 0.348837
30873  42.161  48.110  -8.784 0.279070
30874  42.413  46.341  -7.438 0.465116
30875  42.841  46.900  -8.739 0.232558
30876  42.490  47.061  -9.927 0.186047
30877  42.728  45.917  -11.219 0.139535
30878  42.849  44.665  -12.121 0.139535
30879  42.998  43.237  -12.691 0.093023
32335  38.728  50.184  10.517 0.023256
32338  38.957  48.463  10.477 0.023256
32339  38.607  46.640  10.310 0.023256
33272  42.115  38.606  -4.280 0.302326
33273  42.202  38.837  -5.695 0.325581
33274  43.425  37.726  -5.063 0.302326
33275  44.935  36.851  -5.648 0.279070
33276  46.359  36.072  -6.068 0.279070
33277  48.798  36.042  -4.524 0.162791
33278  48.289  35.588  -5.586 0.186047
33279  47.683  35.348  -6.567 0.209302
33280  48.898  34.565  -7.130 0.116279
33281  49.708  33.607  -7.540 0.023256
34939  32.865  55.992  -7.714 0.023256
34940  31.756  53.893  -6.356 0.023256
34941  32.942  54.957  -6.795 0.046512
34942  34.155  55.673  -7.329 0.046512
34943  35.436  55.052  -6.969 0.116279
34944  36.694  54.223  -6.357 0.279070
34945  37.980  53.066  -5.578 0.395349
34946  33.228  49.912  -1.503 0.046512
34947  34.108  50.081  -2.256 0.069767
34948  35.038  50.362  -3.017 0.093023
34949  36.894  51.574  -1.067 0.139535
34950  36.425  50.892  -2.222 0.139535
34951  35.969  50.959  -3.728 0.186047
34952  36.977  51.596  -4.247 0.302326
34953  38.029  51.918  -4.562 0.441860
34954  39.098  51.720  -5.050 0.441860
34955  39.843  50.350  -4.517 0.581395
34956  39.950  48.854  -4.401 0.581395
34957  39.967  47.238  -4.340 0.627907
34958  39.464  47.864  -2.283 0.581395
34959  39.587  46.743  -3.170 0.581395
34960  40.061  45.647  -4.129 0.558140
34961  40.093  44.254  -4.050 0.372093
34962  39.853  42.604  -4.176 0.418605
34963  39.985  40.806  -4.117 0.372093
34966  38.944  51.697  7.056 0.023256
34967  39.747  49.769  7.966 0.023256
34968  39.894  50.458  7.166 0.046512
34969  39.662  50.941  6.207 0.046512
34970  40.037  50.106  5.238 0.116279
34971  39.999  49.054  4.202 0.162791
34972  39.634  47.986  3.364 0.186047
34973  38.501  43.038  7.028 0.023256
34974  39.137  43.733  6.272 0.046512
34975  39.872  44.354  5.608 0.069767
34976  39.541  41.761  4.825 0.069767
34977  40.093  43.241  4.908 0.093023
34978  40.590  44.978  4.887 0.139535
34979  40.621  45.606  4.091 0.139535
34980  39.876  46.182  3.418 0.162791
34981  39.105  46.986  2.593 0.232558
34982  38.613  45.989  1.682 0.232558
34983  38.360  44.862  0.676 0.302326
34984  38.346  43.636  -0.353 0.255814
34985  39.345  41.829  0.557 0.116279
34986  38.827  42.091  -0.398 0.139535
34987  38.612  42.544  -1.342 0.255814
34988  39.076  41.357  -2.269 0.255814
34989  39.838  40.291  -3.073 0.279070
34990  40.892  39.339  -3.706 0.255814
34991  42.400  38.418  -3.132 0.209302
34992  44.243  38.184  -2.685 0.186047
34993  46.103  37.942  -2.038 0.139535
34994  45.147  38.131  -0.616 0.069767
34995  46.449  37.746  -0.998 0.069767
34996  47.794  37.357  -1.638 0.069767
34997  49.279  36.261  -1.396 0.023256
37648  39.316  51.916  -8.024 0.232558
37649  38.255  51.756  -8.848 0.162791
37650  36.698  50.870  -9.196 0.069767
37651  38.494  48.242  -9.661 0.069767
37652  36.759  48.968  -9.290 0.046512
37653  35.085  49.665  -9.566 0.023256
37666  42.449  39.474  -6.963 0.395349
37667  43.106  40.476  -8.136 0.372093
37668  44.121  41.493  -9.114 0.395349
37669  45.272  38.475  -9.700 0.255814
37670  45.067  40.384  -10.092 0.348837
37671  44.779  42.106  -10.251 0.302326
37672  44.886  42.520  -11.585 0.209302
37673  44.332  42.486  -12.646 0.116279
37674  43.142  41.827  -13.150 0.046512
37676  47.803  35.137  -11.769 0.046512
37677  47.095  36.705  -12.561 0.069767
37679  46.363  36.427  -13.150 0.023256
37680  46.230  38.227  -13.131 0.023256
37681  45.008  39.484  -13.452 0.023256
37682  43.458  40.356  -13.436 0.023256
37683  41.748  40.923  -12.840 0.046512
41453  40.615  40.601  -5.040 0.395349
41454  40.963  41.039  -5.683 0.395349
41455  41.163  40.118  -5.531 0.395349
42498  39.426  49.859  2.288 0.232558
42499  39.329  50.200  1.724 0.255814
42500  39.255  49.379  1.822 0.279070
42501  39.106  48.873  1.358 0.279070
42502  39.077  48.493  1.933 0.255814
42506  41.516  37.434  2.699 0.046512
42507  41.148  38.049  2.663 0.046512
42508  41.736  37.756  2.369 0.046512
42509  41.896  38.046  2.061 0.046512
42510  42.340  37.464  2.066 0.046512
42511  42.875  37.184  1.814 0.023256
42512  42.752  36.953  2.203 0.023256
43238  38.609  53.249  -6.323 0.372093
43239  38.443  53.678  -6.985 0.302326
43240  39.039  52.923  -6.689 0.418605
43241  41.567  43.161  -12.536 0.046512
43242  40.797  43.492  -12.208 0.023256
43243  40.804  42.749  -12.294 0.023256
43244  40.139  42.330  -11.871 0.023256
43245  40.864  42.026  -12.334 0.023256
43247  49.046  33.648  -9.094 0.023256
44896  32.255  50.419  2.794 0.023256
44897  32.547  50.423  3.256 0.023256
44898  37.755  51.952  5.592 0.023256
44899  37.409  52.057  5.024 0.023256
44900  38.248  52.022  5.296 0.046512
44901  38.668  51.938  4.962 0.046512
44902  38.935  51.782  5.567 0.069767
44904  36.534  38.578  8.215 0.023256
45638  40.678  47.098  -5.315 0.627907
45639  41.104  47.438  -5.861 0.651163
45640  41.151  46.689  -5.816 0.604651
45641  43.671  43.725  -8.776 0.395349
45642  43.618  44.443  -8.997 0.372093
45643  43.913  43.952  -9.478 0.325581
45644  44.071  44.166  -10.196 0.279070
45645  44.236  43.453  -9.933 0.279070
47438  46.569  37.444  -2.864 0.162791
47439  46.425  37.206  -3.517 0.162791
47440  47.433  37.124  -3.282 0.162791
47442  50.562  33.921  -5.381 0.023256
47444  50.407  33.310  -5.994 0.023256
48768  33.993  51.655  -4.887 0.023256
48769  33.830  52.519  -5.481 0.069767
48770  34.507  52.098  -5.180 0.116279
48771  35.088  52.555  -5.405 0.139535
48772  35.222  51.739  -4.810 0.139535
48773  35.567  52.003  0.957 0.046512
48774  35.328  51.658  0.407 0.046512
48775  36.079  52.161  0.564 0.093023
48776  39.414  51.082  -1.656 0.418605
48777  38.925  51.477  -1.922 0.348837
48778  39.284  51.096  -2.144 0.441860
48779  39.062  51.008  -2.628 0.441860
48780  39.502  50.488  -2.417 0.488372
48781  39.669  49.997  -2.678 0.511628
48782  39.684  49.829  -2.235 0.511628
48783  38.716  45.040  -1.181 0.441860
48784  38.880  45.308  -1.606 0.488372
48785  38.781  44.431  -1.699 0.441860
48786  38.895  43.880  -2.187 0.418605
48787  38.684  43.603  -1.745 0.418605
48788  39.190  50.438  9.763 0.023256
48789  39.149  50.843  9.326 0.023256
48790  39.435  50.097  9.324 0.023256
48791  39.951  46.420  6.143 0.093023
48792  40.099  47.218  6.295 0.069767
48793  40.212  46.720  5.785 0.093023
48794  40.415  47.015  5.417 0.093023
48795  40.357  46.225  5.303 0.093023
48796  38.160  40.323  5.619 0.046512
48797  38.307  41.039  5.717 0.046512
48798  38.524  40.622  5.356 0.046512
48799  40.145  42.028  2.794 0.116279
48800  40.318  42.421  3.216 0.093023
48801  40.125  42.791  2.783 0.116279
48802  40.123  43.500  2.801 0.139535
48803  39.815  43.059  2.398 0.139535
48804  39.429  43.261  2.065 0.139535
48805  39.617  42.627  1.963 0.139535
48806  41.717  39.642  -0.414 0.116279
48807  40.842  40.019  -0.610 0.093023
48808  41.302  39.649  -0.936 0.139535
48809  41.023  39.571  -1.424 0.139535
48810  41.927  39.290  -1.205 0.116279
48811  42.526  39.023  -1.482 0.116279
48812  42.869  39.069  -0.956 0.116279
50993  33.375  56.431  -8.562 0.023256
50995  33.831  56.304  -8.997 0.023256
50996  35.213  52.506  -9.730 0.046512
50997  34.656  52.716  -10.185 0.046512
50998  34.578  51.856  -10.095 0.023256
50999  33.964  51.169  -10.472 0.023256
51000  34.491  50.938  -10.009 0.023256
51001  41.208  48.615  -9.203 0.209302
51002  40.516  49.097  -9.094 0.162791
51003  40.667  48.377  -9.549 0.162791
51016  45.311  36.446  -7.126 0.279070
51017  44.609  37.027  -7.585 0.325581
51018  45.170  36.602  -7.848 0.302326
51019  46.840  38.268  -11.942 0.162791
51020  46.621  38.998  -11.670 0.186047
51021  46.578  39.117  -12.169 0.162791
51022  46.214  39.952  -12.343 0.139535
51023  46.382  39.146  -12.601 0.093023
55238  40.745  44.052  -4.993 0.395349
55239  41.105  44.434  -5.570 0.511628
55240  41.088  43.771  -5.538 0.395349
55241  41.728  42.045  -6.782 0.441860
55242  41.762  42.947  -6.725 0.465116
55243  42.172  42.514  -7.242 0.418605
55244  42.714  42.912  -7.693 0.418605
55245  42.669  42.042  -7.725 0.372093
57038  50.034  36.236  -2.080 0.023256
57039  50.024  36.316  -2.657 0.023256
57040  50.532  35.634  -2.499 0.023256
58367  30.223  51.090  -4.453 0.023256
58368  31.902  50.277  -3.344 0.023256
58369  31.657  50.747  -3.987 0.023256
58370  32.398  50.567  -3.751 0.023256
58371  32.880  50.849  -4.150 0.023256
58372  33.132  50.340  -3.443 0.023256
58373  38.474  52.321  1.713 0.186047
58374  38.273  52.376  1.065 0.186047
58375  38.747  52.041  1.253 0.255814
58376  39.469  50.767  0.671 0.348837
58377  39.366  51.387  0.457 0.372093
58378  39.523  50.945  0.086 0.441860
58379  39.572  51.058  -0.468 0.395349
58380  39.615  50.375  -0.291 0.418605
58381  39.549  49.682  -0.654 0.418605
58382  39.444  49.550  -0.149 0.395349
58383  38.784  47.694  0.476 0.325581
58384  38.945  47.910  0.035 0.418605
58385  38.668  47.058  0.107 0.348837
58386  38.610  46.391  -0.255 0.395349
58387  38.420  46.128  0.210 0.302326
58388  38.806  46.792  9.372 0.023256
58389  39.045  47.332  8.966 0.023256
58390  38.899  46.428  8.914 0.023256
58391  39.057  44.906  7.839 0.023256
58392  39.192  45.725  8.010 0.046512
58393  39.312  45.318  7.485 0.069767
58394  39.567  45.695  7.069 0.069767
58395  39.380  44.924  6.932 0.069767
58396  39.364  38.755  3.912 0.046512
58397  39.333  39.417  3.995 0.046512
58398  39.651  39.013  3.651 0.046512
58399  40.637  39.282  2.717 0.046512
58400  40.208  39.626  3.094 0.046512
58401  40.472  39.867  2.747 0.046512
58402  40.350  40.515  2.778 0.046512
58403  40.587  40.172  2.376 0.046512
58404  40.543  40.523  1.976 0.046512
58405  40.924  39.909  2.036 0.046512
58406  42.240  38.656  1.460 0.046512
58407  41.785  39.289  1.364 0.046512
58408  42.355  38.991  1.085 0.069767
58409  42.295  39.299  0.585 0.046512
58410  42.906  38.730  0.813 0.069767
58411  43.402  38.495  0.528 0.023256
58412  43.301  38.173  0.934 0.046512
60593  35.873  55.535  -7.620 0.116279
60594  35.732  55.619  -8.251 0.116279
60595  36.373  55.205  -7.968 0.139535
60596  37.746  53.862  -8.217 0.162791
60597  37.033  54.290  -8.521 0.139535
60598  37.240  53.687  -8.714 0.139535
60599  36.623  53.377  -9.109 0.069767
60600  37.396  52.982  -8.910 0.116279
60601  41.546  46.066  -11.362 0.069767
60602  40.874  46.394  -11.033 0.069767
60603  40.844  45.699  -11.454 0.046512
60604  39.334  44.068  -11.336 0.023256
60605  39.392  44.805  -11.228 0.023256
60606  38.620  44.430  -11.056 0.023256
60616  47.847  34.765  -7.932 0.162791
60617  47.055  35.242  -8.426 0.232558
60618  47.623  34.840  -8.577 0.116279
60619  48.035  34.772  -10.172 0.093023
60620  47.566  35.304  -9.992 0.116279
60621  47.589  35.548  -10.650 0.116279
60622  47.251  36.447  -11.117 0.116279
60623  47.565  35.763  -11.262 0.069767
65565  31.461  49.493  0.453 0.023256
65566  31.964  49.730  0.189 0.023256
65567  32.008  49.962  0.872 0.023256
65568  33.219  51.002  2.269 0.023256
65569  33.182  50.883  1.663 0.023256
65570  33.891  51.331  2.003 0.046512
65571  34.477  51.601  1.696 0.046512
65572  34.687  51.765  2.269 0.046512
65573  34.562  51.000  4.280 0.023256
65574  34.297  51.040  3.823 0.023256
65575  35.063  51.449  4.065 0.023256
65576  36.880  52.408  3.926 0.046512
65577  36.074  52.261  3.687 0.046512
65578  36.637  52.629  3.400 0.069767
65579  36.296  52.589  2.825 0.069767
65580  37.162  52.736  3.051 0.093023
65581  37.711  52.788  2.636 0.069767
65582  37.945  52.592  3.244 0.116279
65583  39.235  51.497  4.118 0.069767
65584  39.034  51.733  3.551 0.116279
65585  39.389  51.150  3.590 0.186047
65586  39.436  50.719  3.124 0.209302
65587  39.637  50.366  3.656 0.186047
65590  37.036  40.561  8.108 0.023256
65591  37.094  39.153  7.173 0.023256
65592  37.154  39.854  7.158 0.023256
65593  37.317  39.467  6.696 0.023256
65594  37.576  39.769  6.276 0.023256
65595  37.530  39.082  6.217 0.023256
65596  37.472  36.567  7.414 0.023256
65597  37.235  37.210  7.317 0.023256
65598  37.731  36.883  6.889 0.023256
65599  38.646  37.179  5.529 0.023256
65600  38.143  37.483  5.864 0.023256
65601  38.326  37.748  5.379 0.023256
65602  38.141  38.375  5.304 0.023256
65603  38.569  38.013  4.953 0.046512
65604  38.794  38.262  4.562 0.046512
65605  39.056  37.635  4.590 0.046512
65606  40.692  36.537  4.367 0.023256
65607  40.219  36.992  4.103 0.046512
65608  40.882  36.759  3.910 0.023256
65609  41.094  36.926  3.500 0.046512
65695  30.936  49.483  1.510 0.023256
65697  30.930  49.317  0.871 0.023256
67793  40.287  50.239  -5.430 0.558140
67794  40.377  50.594  -6.033 0.465116
67795  40.650  49.816  -5.888 0.465116
67796  41.770  48.184  -6.931 0.465116
67797  41.483  48.858  -6.955 0.441860
67798  41.867  48.514  -7.484 0.348837
67799  41.831  48.612  -8.161 0.348837
67800  42.267  48.033  -8.122 0.348837
67801  41.972  45.152  -6.729 0.488372
67802  42.018  45.943  -6.813 0.511628
67803  42.405  45.531  -7.386 0.488372
67804  43.327  45.765  -9.334 0.279070
67805  43.027  46.247  -8.680 0.325581
67806  43.080  46.452  -9.372 0.232558
67807  42.763  47.079  -9.360 0.186047
67808  42.967  46.540  -9.976 0.209302
67809  42.620  46.504  -10.556 0.162791
67810  43.140  45.966  -10.639 0.162791
67811  43.876  44.271  -11.539 0.162791
67812  43.351  44.790  -11.693 0.139535
67813  43.440  44.209  -12.041 0.116279
67814  42.916  43.992  -12.402 0.116279
67815  43.538  43.572  -12.395 0.069767
70971  38.246  50.694  10.393 0.023256
70972  38.287  50.206  10.856 0.023256
70979  38.893  48.768  10.974 0.023256
70981  38.808  47.561  10.392 0.023256
73193  42.836  38.141  -3.979 0.302326
73194  42.751  38.188  -4.670 0.302326
73195  43.531  37.823  -4.362 0.255814
73196  46.036  36.739  -4.737 0.209302
73197  45.040  36.974  -5.042 0.255814
73198  45.895  36.604  -5.337 0.232558
73199  45.646  36.465  -5.867 0.255814
73200  46.625  36.215  -5.550 0.232558
73201  49.734  36.019  -3.790 0.069767
73202  48.945  36.317  -4.006 0.162791
73203  49.543  35.690  -4.394 0.116279
73204  49.659  34.804  -5.780 0.093023
73205  49.150  35.309  -5.459 0.093023
73206  48.888  35.196  -5.944 0.162791
73207  47.942  35.492  -6.046 0.209302
73208  48.595  35.081  -6.380 0.139535
73209  48.325  34.986  -6.831 0.162791
73210  49.172  34.663  -6.695 0.093023
73212  49.889  33.669  -7.122 0.046512
77181  32.205  56.112  -7.965 0.023256
77182  32.270  55.624  -7.491 0.023256
77183  31.118  52.659  -5.687 0.023256
77184  31.156  53.351  -6.112 0.023256
77185  31.746  53.242  -5.928 0.023256
77186  33.587  54.117  -6.313 0.046512
77187  32.936  54.335  -6.425 0.046512
77188  33.563  54.790  -6.648 0.046512
77189  33.545  55.372  -7.040 0.046512
77190  34.186  55.147  -6.868 0.069767
77191  34.770  55.414  -7.114 0.093023
77192  34.839  54.822  -6.703 0.093023
77193  36.237  53.284  -5.699 0.255814
77194  36.155  54.007  -6.193 0.232558
77195  36.801  53.544  -5.830 0.302326
77196  37.359  53.718  -5.955 0.372093
77197  37.438  53.023  -5.432 0.325581
77198  32.892  50.071  -0.402 0.023256
77199  32.728  49.803  -1.136 0.023256
77200  33.380  50.182  -0.723 0.046512
77201  34.995  50.701  -0.980 0.046512
77202  34.338  50.274  -1.419 0.046512
77203  34.779  50.307  -1.806 0.093023
77204  34.569  50.224  -2.644 0.069767
77205  35.242  50.475  -2.178 0.093023
77206  37.783  52.145  -0.248 0.186047
77207  37.044  51.946  -0.464 0.139535
77208  37.647  51.907  -0.907 0.186047
77209  37.675  51.281  -2.408 0.279070
77210  37.188  51.243  -2.071 0.209302
77211  36.909  50.983  -2.634 0.232558
77212  36.190  50.804  -2.959 0.162791
77213  36.661  50.951  -3.324 0.232558
77214  36.467  51.304  -4.022 0.232558
77215  37.130  51.192  -3.613 0.279070
77216  38.591  51.125  -3.660 0.441860
77217  37.977  51.465  -4.033 0.418605
77218  38.562  51.458  -4.212 0.441860
77219  38.601  51.882  -4.745 0.441860
77220  39.061  51.323  -4.455 0.511628
77221  39.496  51.056  -4.801 0.511628
77222  39.430  50.688  -4.221 0.511628
77223  39.674  49.048  -3.408 0.581395
77224  39.811  49.294  -3.915 0.558140
77225  39.728  48.529  -3.864 0.558140
77226  39.947  48.048  -4.403 0.581395
77227  39.673  47.779  -3.879 0.604651
77228  39.405  48.364  -1.316 0.465116
77229  39.486  48.443  -1.908 0.534884
77230  39.319  47.686  -1.698 0.511628
77231  39.210  45.722  -2.606 0.558140
77232  39.343  46.494  -2.616 0.604651
77233  39.494  45.945  -3.124 0.581395
77234  39.766  46.192  -3.670 0.558140
77235  39.759  45.434  -3.605 0.558140
77236  40.113  44.966  -4.081 0.488372
77237  39.743  44.727  -3.565 0.511628
77238  39.188  42.805  -3.222 0.348837
77239  39.529  43.119  -3.677 0.418605
77240  39.472  42.281  -3.743 0.418605
77241  39.781  41.704  -4.217 0.418605
77242  39.569  41.408  -3.724 0.372093
77246  38.863  51.467  8.399 0.023256
77248  38.709  51.718  7.868 0.023256
77250  39.171  51.524  7.578 0.023256
77251  39.545  48.327  8.229 0.023256
77252  39.617  49.268  8.351 0.023256
77253  39.721  48.798  7.855 0.023256
77254  40.100  49.102  6.569 0.046512
77255  40.020  49.652  7.077 0.046512
77256  39.999  49.961  6.674 0.046512
77257  39.747  50.733  6.704 0.069767
77258  39.995  50.252  6.261 0.069767
77259  39.898  50.510  5.759 0.093023
77260  40.087  49.698  5.731 0.116279
77261  40.351  47.683  4.589 0.093023
77262  40.208  48.613  4.684 0.116279
77263  40.109  48.017  4.198 0.139535
77264  39.863  48.512  3.758 0.186047
77265  39.906  47.524  3.793 0.186047
77269  38.827  42.449  5.709 0.046512
77270  38.792  42.953  6.142 0.046512
77271  39.141  43.260  5.799 0.046512
77272  39.487  44.043  5.922 0.046512
77273  39.544  43.530  5.518 0.046512
77274  39.496  40.724  4.317 0.046512
77275  39.358  41.124  4.726 0.046512
77276  39.741  41.359  4.410 0.046512
77277  40.604  43.130  4.161 0.093023
77278  40.203  42.740  4.554 0.093023
77279  40.529  43.624  4.558 0.093023
77280  40.429  44.152  4.918 0.093023
77281  40.726  44.483  4.531 0.116279
77282  40.734  45.292  4.498 0.116279
77283  40.847  44.840  4.103 0.162791
77284  39.806  44.932  2.956 0.186047
77285  40.129  45.409  3.357 0.186047
77286  39.628  45.682  3.011 0.209302
77287  39.407  46.520  3.077 0.232558
77288  39.178  46.063  2.630 0.209302
77289  38.804  46.524  2.199 0.209302
77290  38.898  45.589  2.193 0.232558
77291  38.736  43.692  1.190 0.209302
77292  38.549  44.500  1.192 0.209302
77293  38.487  43.947  0.695 0.232558
77294  38.356  44.246  0.179 0.302326
77295  38.468  43.412  0.181 0.255814
77296  40.222  41.080  1.001 0.069767
77297  39.608  41.656  1.001 0.093023
77298  39.889  41.229  0.540 0.093023
77299  39.497  40.917  -0.835 0.139535
77300  39.297  41.423  -0.407 0.093023
77301  39.027  41.562  -0.871 0.116279
77302  38.680  42.319  -0.846 0.139535
77303  38.872  41.746  -1.336 0.186047
77304  38.824  41.942  -1.824 0.232558
77305  39.146  41.168  -1.775 0.209302
77306  40.515  39.569  -2.420 0.186047
77307  39.866  40.149  -2.581 0.232558
77308  40.413  39.658  -2.899 0.255814
77309  40.307  39.752  -3.413 0.302326
77310  40.996  39.190  -3.189 0.255814
77311  41.567  38.834  -3.453 0.255814
77312  41.762  38.766  -2.902 0.209302
77313  43.834  38.555  -1.945 0.093023
77314  43.535  38.423  -2.410 0.139535
77315  44.550  38.315  -2.200 0.116279
77316  45.197  38.073  -2.387 0.139535
77317  45.443  38.185  -1.828 0.139535
77318  44.522  38.036  0.000 0.046512
77319  44.556  38.360  -0.384 0.046512
77320  45.139  37.776  -0.228 0.046512
77321  47.028  36.853  -0.566 0.023256
77322  46.416  37.425  -0.652 0.069767
77323  47.091  37.250  -0.911 0.069767
77324  47.114  37.547  -1.291 0.093023
77325  47.799  37.061  -1.228 0.023256
77326  48.552  36.881  -1.526 0.023256
83866  35.085  55.306  -9.396 0.093023
83867  34.502  55.618  -9.646 0.046512
83868  34.633  55.023  -9.923 0.046512
83870  33.579  53.951  -10.641 0.023256
83881  40.186  51.038  -7.232 0.372093
83882  39.642  51.805  -7.408 0.325581
83883  39.860  51.153  -7.843 0.279070
83884  39.053  50.302  -8.921 0.162791
83885  38.936  51.139  -8.708 0.162791
83886  38.346  50.863  -8.957 0.186047
83887  37.566  51.348  -9.097 0.116279
83888  37.548  50.457  -9.129 0.069767
83889  39.389  47.093  -10.394 0.023256
83890  39.323  47.840  -9.952 0.069767
83891  38.587  47.451  -10.070 0.023256
83893  36.851  48.084  -9.550 0.023256
83894  35.985  48.468  -9.470 0.023256
83895  35.908  49.370  -9.323 0.046512
83896  35.182  48.811  -9.614 0.023256
83897  34.496  49.107  -9.909 0.023256
83926  42.780  38.262  -6.071 0.325581
83927  42.256  39.079  -6.388 0.372093
83928  42.810  38.495  -6.702 0.372093
83929  43.783  38.792  -8.416 0.325581
83930  43.269  39.373  -8.018 0.325581
83931  43.622  39.835  -8.583 0.372093
83932  43.626  40.988  -8.655 0.348837
83933  44.101  40.411  -9.137 0.348837
83934  46.035  36.905  -9.564 0.255814
83935  45.489  37.482  -9.356 0.232558
83936  45.831  37.925  -10.041 0.209302
83937  45.894  40.270  -10.957 0.348837
83938  45.592  39.878  -10.437 0.348837
83939  45.463  40.797  -10.569 0.325581
83940  44.994  41.278  -10.127 0.325581
83941  45.241  41.628  -10.705 0.302326
83942  44.936  42.358  -10.884 0.302326
83943  45.319  41.886  -11.339 0.279070
83944  45.151  41.257  -12.765 0.116279
83945  44.932  41.983  -12.519 0.162791
83946  44.517  41.824  -12.913 0.093023
83947  43.790  42.235  -12.980 0.046512
83948  43.945  41.504  -13.197 0.046512
83952  47.716  34.399  -12.293 0.023256
83954  47.601  35.118  -12.222 0.046512
83955  47.485  35.884  -12.176 0.069767
83956  47.228  35.827  -12.578 0.069767
83960  45.352  36.831  -13.561 0.023256
83961  45.890  36.203  -13.375 0.023256
83962  45.830  37.141  -13.400 0.023256
83963  46.293  37.361  -13.173 0.023256
83964  45.757  38.040  -13.391 0.023256
83965  45.682  38.868  -13.293 0.046512
83970  42.583  40.658  -13.231 0.046512
83972  41.141  40.420  -12.242 0.023256
93047  40.559  42.453  -5.145 0.441860
93048  40.972  42.883  -5.652 0.418605
93049  40.916  41.979  -5.723 0.418605
93050  41.313  41.540  -6.290 0.441860
93051  41.790  41.091  -6.755 0.418605
94926  31.477  50.009  -2.931 0.023256
94927  32.254  49.944  -2.605 0.023256
94928  39.159  51.279  2.076 0.209302
94929  39.087  51.524  1.465 0.302326
94930  39.266  50.933  1.639 0.325581
94931  39.362  50.501  1.214 0.325581
94932  39.368  50.008  0.793 0.302326
94933  39.317  49.372  0.354 0.372093
94934  39.170  49.177  0.848 0.325581
94935  38.922  48.306  0.909 0.302326
94936  38.663  47.395  1.016 0.279070
94938  38.786  45.601  8.888 0.023256
94941  38.849  44.124  7.682 0.023256
94942  40.317  38.061  3.254 0.046512
94943  40.071  38.688  3.293 0.046512
94944  40.574  38.351  2.968 0.046512
94945  40.868  38.697  2.685 0.046512
94946  41.103  38.989  2.395 0.046512
94947  41.282  39.290  2.080 0.046512
94948  41.597  38.658  2.091 0.046512
94949  42.083  38.360  1.779 0.046512
94950  42.622  38.085  1.512 0.046512
94951  43.143  37.829  1.222 0.046512
94952  42.981  37.461  1.490 0.046512
96260  37.247  54.566  -7.012 0.279070
96261  37.100  54.769  -7.606 0.186047
96262  37.755  54.302  -7.314 0.209302
96263  38.152  53.876  -7.618 0.255814
96264  38.468  53.325  -7.945 0.209302
96265  41.568  44.650  -12.180 0.069767
96266  40.857  44.987  -11.834 0.023256
96267  40.832  44.215  -12.054 0.023256
96268  40.073  43.798  -11.794 0.023256
96269  39.379  43.361  -11.405 0.023256
96270  38.755  42.902  -10.926 0.023256
96271  39.450  42.635  -11.395 0.023256
96272  39.527  41.849  -11.270 0.023256
96274  48.957  33.946  -8.350 0.023256
96275  48.202  34.434  -8.779 0.069767
96276  48.689  34.050  -8.961 0.023256
96277  48.542  34.160  -9.678 0.046512
96278  48.413  34.308  -10.350 0.069767
99243  31.473  49.906  1.757 0.023256
99244  32.010  50.185  1.529 0.023256
99245  32.093  50.310  2.176 0.023256
99246  32.775  50.708  2.524 0.023256
99247  33.577  51.124  2.813 0.046512
99248  36.169  51.645  4.916 0.023256
99249  35.872  51.741  4.381 0.023256
99250  36.623  51.948  4.711 0.023256
99251  37.113  52.234  4.448 0.046512
99252  37.661  52.370  4.155 0.069767
99253  38.166  52.402  3.828 0.093023
99254  38.377  52.158  4.387 0.069767
99255  39.043  51.797  4.588 0.046512
99256  39.504  51.220  4.660 0.046512
99260  36.848  38.878  7.674 0.023256
99261  37.065  38.513  7.186 0.023256
99262  38.589  35.975  6.679 0.023256
99263  38.238  36.564  6.528 0.023256
99264  38.778  36.302  6.223 0.023256
99265  39.011  36.619  5.718 0.023256
99266  39.185  36.850  5.226 0.023256
99267  39.376  37.062  4.744 0.023256
100580  40.497  48.690  -5.302 0.604651
100581  40.868  49.015  -5.818 0.534884
100582  41.037  48.206  -5.820 0.674419
100583  41.476  47.803  -6.368 0.604651
100584  41.893  47.459  -6.900 0.511628
100585  42.815  44.445  -7.825 0.465116
100586  42.822  45.172  -7.974 0.418605
100587  43.238  44.819  -8.513 0.418605
100588  43.500  45.066  -9.205 0.325581
100589  43.643  45.264  -9.896 0.255814
100590  43.572  45.374  -10.594 0.232558
100591  43.888  44.770  -10.427 0.186047
100592  44.089  44.268  -10.898 0.186047
100593  44.267  43.713  -11.441 0.186047
103820  44.627  37.704  -3.443 0.209302
103821  44.429  37.548  -4.049 0.209302
103822  45.310  37.325  -3.799 0.162791
103823  46.205  36.970  -4.139 0.209302
103824  47.097  36.608  -4.480 0.186047
103825  50.507  34.697  -4.538 0.046512
103826  49.997  35.066  -4.806 0.069767
103827  50.340  34.506  -5.110 0.046512
103828  50.215  34.373  -5.590 0.046512
103829  50.084  34.315  -6.105 0.023256
103830  49.820  34.267  -6.543 0.023256
103831  50.237  33.804  -6.312 0.023256
103832  50.276  33.282  -6.442 0.023256
106214  32.534  52.291  -5.314 0.023256
106215  32.387  53.029  -5.784 0.023256
106216  33.096  52.794  -5.655 0.046512
106217  33.702  53.348  -5.938 0.046512
106218  34.290  53.814  -6.166 0.046512
106219  34.909  54.138  -6.337 0.069767
106220  35.013  53.433  -5.965 0.116279
106221  35.672  52.970  -5.597 0.162791
106222  36.258  52.551  -5.193 0.255814
106223  34.138  51.027  0.507 0.046512
106224  34.036  50.599  -0.253 0.046512
106225  34.670  51.105  0.146 0.046512
106226  35.177  51.161  -0.229 0.069767
106227  35.686  51.158  -0.699 0.116279
106228  38.792  51.851  -1.069 0.279070
106229  38.146  51.861  -1.334 0.232558
106230  38.568  51.780  -1.721 0.255814
106231  38.289  51.531  -2.162 0.279070
106232  38.044  51.265  -2.654 0.302326
106233  37.760  51.153  -3.211 0.279070
106234  38.430  51.232  -2.877 0.302326
106235  38.821  51.023  -3.122 0.418605
106236  39.188  50.680  -3.372 0.558140
106237  39.477  50.394  -3.685 0.558140
106238  39.555  50.179  -3.133 0.581395
106239  39.667  49.585  -2.984 0.534884
106240  39.596  48.871  -2.934 0.558140
106241  38.954  46.767  -1.142 0.488372
106242  39.125  46.904  -1.594 0.534884
106243  38.961  46.100  -1.580 0.488372
106244  39.050  45.526  -2.074 0.511628
106245  39.182  44.969  -2.584 0.511628
106246  39.426  44.466  -3.078 0.465116
106247  39.151  44.184  -2.618 0.488372
106248  39.007  43.345  -2.674 0.372093
106249  38.957  42.461  -2.741 0.325581
106250  38.049  51.405  9.552 0.023256
106252  38.589  51.371  9.230 0.023256
106253  39.056  51.179  8.883 0.023256
106254  39.392  50.948  8.472 0.023256
106255  39.817  47.329  7.283 0.069767
106256  39.864  48.297  7.360 0.069767
106257  39.979  47.771  6.846 0.069767
106258  40.097  48.214  6.431 0.069767
106259  40.175  48.492  6.026 0.046512
106260  40.189  48.794  5.614 0.093023
106261  40.318  47.873  5.495 0.046512
106262  40.428  47.357  4.982 0.069767
106263  40.414  46.801  4.522 0.093023
106264  37.866  41.151  6.400 0.023256
106265  38.131  41.886  6.449 0.046512
106266  38.187  41.452  6.040 0.046512
106267  38.519  41.738  5.709 0.069767
106268  38.940  41.963  5.430 0.069767
106269  40.131  41.256  3.641 0.046512
106270  40.097  41.610  4.069 0.046512
106271  40.258  41.989  3.668 0.093023
106272  40.473  42.773  3.658 0.093023
106273  40.620  43.602  3.676 0.139535
106274  40.635  44.392  3.678 0.162791
106275  40.418  43.981  3.218 0.162791
106276  39.998  44.214  2.872 0.162791
106277  39.498  44.447  2.571 0.186047
106278  39.023  44.739  2.211 0.186047
106279  39.222  43.957  2.160 0.162791
106280  39.081  43.459  1.665 0.139535
106281  38.972  42.992  1.142 0.162791
106282  40.826  40.342  0.224 0.093023
106283  40.149  40.779  0.122 0.093023
106284  40.439  40.390  -0.230 0.093023
106285  40.106  40.407  -0.728 0.186047
106286  39.826  40.457  -1.223 0.162791
106287  39.637  40.501  -1.686 0.162791
106288  40.254  39.964  -1.616 0.162791
106289  40.750  39.542  -1.925 0.162791
106290  41.304  39.154  -2.168 0.162791
106291  41.932  38.784  -2.393 0.209302
106292  42.197  38.928  -1.953 0.162791
106293  43.154  38.798  -1.732 0.093023
106294  44.066  38.664  -1.445 0.093023
106296  45.690  37.189  -0.136 0.023256
110224  35.229  53.950  -9.725 0.069767
110225  34.675  54.286  -10.038 0.046512
110226  34.649  53.484  -10.130 0.023256
110227  34.104  52.964  -10.511 0.023256
110228  33.477  52.292  -10.807 0.023256
110233  40.730  49.773  -8.162 0.232558
110234  40.062  50.453  -8.229 0.255814
110235  40.296  49.750  -8.651 0.186047
110236  39.786  49.636  -9.018 0.162791
110237  39.130  49.445  -9.244 0.162791
110239  37.873  47.056  -10.123 0.023256
110260  43.981  37.292  -6.649 0.325581
110261  43.369  37.985  -7.067 0.372093
110262  43.981  37.525  -7.355 0.348837
110263  44.107  37.826  -8.039 0.348837
110264  44.335  38.379  -8.762 0.302326
110265  46.526  37.722  -10.856 0.232558
110266  46.142  38.367  -10.591 0.255814
110267  46.448  38.781  -11.129 0.232558
110268  46.291  39.695  -11.329 0.279070
110269  46.032  40.535  -11.509 0.255814
110270  45.655  41.303  -11.735 0.232558
110271  45.966  40.654  -12.055 0.209302
110272  45.725  40.651  -12.551 0.116279
110273  45.365  40.507  -12.961 0.069767
116236  35.639  51.302  5.116 0.023256
116237  36.470  51.557  5.485 0.023256
116238  37.281  51.754  5.844 0.023256
116239  38.035  51.889  6.198 0.023256
116243  37.217  36.241  7.915 0.023256
116244  37.765  35.946  7.494 0.023256
117269  40.714  45.487  -5.052 0.534884
117270  41.148  45.910  -5.703 0.581395
117271  41.126  45.144  -5.610 0.534884
117272  41.524  44.789  -6.135 0.511628
117273  41.929  44.421  -6.643 0.465116
117274  41.421  43.353  -6.142 0.441860
117275  41.911  43.752  -6.657 0.465116
117276  42.331  44.062  -7.220 0.465116
117277  42.814  43.770  -7.705 0.418605
117278  43.243  43.358  -8.187 0.395349
117279  43.640  42.871  -8.716 0.372093
119789  48.501  37.193  -2.371 0.093023
119790  48.376  36.996  -3.024 0.116279
119791  49.243  36.749  -2.783 0.046512
119792  49.876  36.182  -3.212 0.069767
119793  50.366  35.500  -3.609 0.046512
121650  30.599  52.155  -5.369 0.023256
121651  31.227  51.972  -5.141 0.023256
121652  30.928  50.916  -4.199 0.023256
121653  31.423  51.308  -4.560 0.023256
121654  31.974  51.787  -4.954 0.023256
121655  32.728  51.548  -4.777 0.023256
121656  33.434  51.237  -4.559 0.023256
121657  34.169  50.933  -4.213 0.046512
121658  37.118  52.559  1.325 0.093023
121659  36.840  52.410  0.687 0.116279
121660  37.628  52.496  0.882 0.139535
121661  38.050  52.334  0.426 0.186047
121662  38.519  52.093  -0.026 0.255814
121663  39.090  51.717  0.838 0.325581
121664  39.075  51.828  0.212 0.302326
121665  39.006  51.903  -0.397 0.325581
121666  39.288  51.575  -0.757 0.372093
121667  39.555  51.128  -1.081 0.372093
121668  39.672  50.451  -1.379 0.418605
121669  39.682  49.793  -1.714 0.488372
121670  39.666  49.760  -1.171 0.441860
121671  39.492  49.019  -0.979 0.465116
121672  39.266  48.249  -0.833 0.488372
121673  39.215  48.733  -0.042 0.418605
121674  39.138  48.142  -0.377 0.465116
121675  39.020  47.445  -0.749 0.441860
121676  38.795  46.588  -0.712 0.488372
121677  38.645  45.699  -0.699 0.465116
121678  38.514  44.805  -0.740 0.395349
121679  39.185  48.696  9.592 0.023256
121680  39.428  49.222  9.223 0.023256
121681  39.221  48.283  9.083 0.023256
121682  39.324  47.868  8.606 0.023256
121683  39.465  47.392  8.168 0.069767
121684  39.042  46.118  8.506 0.023256
121685  39.308  46.551  8.115 0.046512
121686  39.587  46.947  7.717 0.069767
121687  39.660  46.486  7.171 0.093023
121688  39.764  46.067  6.618 0.093023
121689  39.914  45.697  6.118 0.093023
121690  38.663  39.553  4.701 0.046512
121691  38.753  40.225  4.883 0.046512
121692  39.024  39.820  4.392 0.046512
121693  39.375  40.081  4.149 0.046512
121694  39.632  40.327  3.848 0.046512
121695  39.956  39.342  3.370 0.046512
121696  39.923  39.968  3.461 0.046512
121697  39.976  40.592  3.560 0.046512
121698  40.215  40.891  3.203 0.046512
121699  40.229  41.245  2.816 0.046512
121700  40.125  41.610  2.356 0.093023
121701  39.932  41.957  1.877 0.093023
121702  40.182  41.192  1.921 0.069767
121703  40.437  40.838  1.491 0.069767
121704  40.772  40.508  1.097 0.069767
121705  41.335  39.607  1.696 0.046512
121706  41.289  39.918  1.233 0.046512
121707  41.116  40.211  0.715 0.069767
121708  41.570  39.848  0.379 0.069767
121709  42.104  39.546  0.102 0.093023
121710  42.606  39.259  -0.188 0.093023
121711  43.152  39.063  -0.463 0.093023
121712  43.357  38.857  0.026 0.069767
121713  43.954  38.275  0.273 0.046512
121714  44.405  37.662  0.349 0.023256
124766  34.634  56.070  -8.110 0.093023
124767  34.470  56.104  -8.786 0.046512
124768  35.109  55.908  -8.523 0.093023
124769  35.452  55.553  -8.832 0.093023
124770  35.693  54.993  -9.090 0.093023
124771  36.772  54.791  -8.237 0.139535
124772  36.357  54.678  -8.775 0.093023
124773  35.843  54.383  -9.312 0.069767
124774  35.868  53.698  -9.418 0.069767
124775  35.921  52.959  -9.452 0.069767
124776  35.947  52.183  -9.447 0.069767
124777  41.433  47.305  -10.214 0.093023
124778  40.739  47.698  -10.007 0.139535
124779  40.806  47.051  -10.502 0.093023
124780  40.135  46.721  -10.708 0.046512
124781  39.391  46.314  -10.727 0.023256
124782  40.081  45.249  -11.350 0.023256
124783  39.387  45.565  -10.997 0.023256
124784  38.672  45.956  -10.716 0.023256
124798  46.571  35.570  -7.529 0.209302
124799  45.823  36.164  -8.046 0.302326
124800  46.381  35.626  -8.228 0.232558
124801  46.430  35.968  -8.993 0.232558
124802  46.548  36.354  -9.759 0.209302
124803  47.528  35.061  -9.307 0.116279
124804  47.053  35.853  -9.890 0.186047
124805  46.747  36.760  -10.428 0.186047
124806  46.914  37.144  -10.985 0.139535
124807  47.040  37.357  -11.533 0.139535
124808  47.041  37.544  -12.031 0.116279
131433  31.145  49.311  -0.912 0.023256
131434  31.605  49.501  -1.210 0.023256
131435  31.845  49.555  -0.507 0.023256
131436  32.408  49.896  -0.104 0.023256
131437  33.027  50.382  0.319 0.023256
131438  32.567  50.424  1.270 0.023256
131439  33.105  50.688  0.993 0.023256
131440  33.633  50.901  0.764 0.046512
131441  34.310  51.390  1.108 0.046512
131442  35.054  51.833  1.333 0.046512
131443  35.779  52.268  1.531 0.069767
131445  33.953  51.147  3.335 0.046512
131446  34.492  51.539  3.111 0.046512
131447  35.568  51.862  3.900 0.046512
131448  35.278  51.939  3.380 0.046512
131449  34.956  51.928  2.861 0.069767
131450  35.477  52.206  2.502 0.069767
131451  36.020  52.441  2.173 0.069767
131452  36.579  52.572  1.767 0.116279
131453  37.426  52.667  1.981 0.116279
131454  38.133  52.520  2.184 0.162791
131455  38.654  52.156  2.368 0.209302
131456  38.566  52.214  3.429 0.116279
131457  38.842  51.943  2.973 0.139535
131458  39.050  51.634  2.545 0.162791
131459  39.267  51.020  2.625 0.209302
131460  39.458  50.294  2.728 0.232558
131461  39.509  49.401  2.819 0.232558
131465  37.518  41.594  7.761 0.023256
131466  37.521  41.231  7.258 0.023256
131467  37.044  40.239  7.582 0.023256
131468  37.296  40.542  7.179 0.023256
131469  37.559  40.850  6.792 0.023256
131470  37.692  40.457  6.338 0.023256
131471  37.869  40.054  5.910 0.046512
131472  38.065  39.642  5.495 0.046512
131473  36.832  37.539  7.778 0.023256
131474  37.116  37.847  7.238 0.023256
131475  37.362  38.144  6.708 0.023256
131476  37.957  37.174  6.361 0.023256
131477  37.699  37.823  6.250 0.023256
131478  37.596  38.426  6.202 0.023256
131479  37.823  38.713  5.759 0.046512
131480  38.040  38.992  5.397 0.046512
131481  38.341  39.259  5.047 0.046512
131482  38.684  38.881  4.612 0.046512
131483  39.101  38.492  4.216 0.046512
131484  39.569  38.126  3.863 0.046512
131485  39.613  37.282  4.321 0.046512
131486  39.820  37.504  3.933 0.046512
131487  40.074  37.792  3.587 0.046512
131488  40.635  37.426  3.333 0.046512
131489  41.298  37.146  3.096 0.046512
131490  41.974  36.914  2.854 0.046512
131491  42.591  36.694  2.630 0.023256
131492  42.478  36.479  3.106 0.023256
134255  39.599  51.764  -5.797 0.488372
134256  39.522  52.089  -6.450 0.465116
134257  40.015  51.349  -6.230 0.465116
134258  40.330  50.856  -6.653 0.418605
134259  40.636  50.296  -7.103 0.348837
134260  41.074  49.323  -6.390 0.488372
134261  41.086  49.560  -7.010 0.395349
134262  41.002  49.689  -7.620 0.348837
134263  41.319  49.177  -8.155 0.302326
134264  41.626  48.653  -8.744 0.232558
134265  41.852  48.139  -9.329 0.209302
134266  41.608  46.332  -6.314 0.511628
134267  42.009  46.732  -6.869 0.488372
134268  42.337  47.073  -7.461 0.395349
134269  42.783  45.926  -8.035 0.372093
134270  42.699  46.663  -8.070 0.348837
134271  42.556  47.341  -8.125 0.372093
134272  42.564  47.525  -8.779 0.255814
134273  42.428  47.660  -9.395 0.232558
134274  41.952  47.512  -9.836 0.186047
134275  42.033  46.930  -10.417 0.116279
134276  42.114  46.333  -11.037 0.093023
134277  42.214  45.702  -11.620 0.069767
134278  43.306  45.389  -11.289 0.162791
134279  42.802  45.272  -11.736 0.116279
134280  42.254  45.011  -12.075 0.093023
134281  42.255  44.331  -12.354 0.069767
134282  42.297  43.569  -12.576 0.069767
134283  42.333  42.828  -12.771 0.069767
138264  38.702  50.641  10.063 0.023256
138265  39.010  49.941  10.110 0.023256
138272  38.699  49.620  10.954 0.023256
138273  38.943  49.379  10.528 0.023256
138274  39.088  49.089  10.061 0.023256
138275  38.985  48.165  9.967 0.023256
138276  38.749  47.206  9.843 0.023256
140978  41.501  39.138  -4.609 0.302326
140979  41.601  39.323  -5.335 0.372093
140980  42.115  38.684  -4.972 0.325581
140981  42.753  38.194  -5.366 0.325581
140982  43.436  37.694  -5.743 0.325581
140983  44.263  37.404  -4.710 0.255814
140984  44.176  37.282  -5.393 0.279070
140985  44.071  37.185  -6.020 0.325581
140986  44.749  36.811  -6.244 0.302326
140987  45.417  36.392  -6.451 0.279070
140988  46.147  36.013  -6.676 0.279070
140989  48.231  36.752  -3.665 0.162791
140990  48.051  36.478  -4.240 0.162791
140991  47.912  36.235  -4.772 0.186047
140992  49.346  35.451  -4.961 0.093023
140993  48.568  35.788  -5.083 0.162791
140994  47.672  35.994  -5.288 0.186047
140995  47.339  35.820  -5.781 0.209302
140996  47.071  35.663  -6.258 0.232558
140997  46.779  35.610  -6.881 0.232558
140998  47.391  35.216  -7.141 0.209302
140999  48.044  34.848  -7.395 0.116279
141000  48.688  34.447  -7.590 0.069767
141001  49.625  34.205  -6.936 0.046512
141002  49.409  34.112  -7.368 0.046512
141003  49.179  33.991  -7.836 0.069767
141004  49.509  33.548  -8.014 0.023256
145836  32.796  56.310  -8.245 0.023256
145837  33.441  56.189  -7.999 0.046512
145840  31.780  54.494  -6.838 0.023256
145841  32.347  53.782  -6.169 0.046512
145842  32.345  54.463  -6.550 0.023256
145843  32.329  55.056  -7.022 0.023256
145844  32.912  55.523  -7.226 0.023256
145845  33.511  55.854  -7.497 0.023256
145846  34.085  56.013  -7.811 0.046512
145847  34.708  55.786  -7.607 0.116279
145848  35.341  55.497  -7.399 0.116279
145849  35.985  55.136  -7.174 0.116279
145850  35.501  54.405  -6.517 0.116279
145851  36.065  54.654  -6.708 0.139535
145852  36.626  54.672  -6.863 0.232558
145853  37.291  54.220  -6.501 0.348837
145854  37.951  53.563  -6.128 0.325581
145855  38.570  52.839  -5.798 0.418605
145856  32.020  49.655  -1.536 0.023256
145857  32.528  49.777  -1.887 0.046512
145858  33.016  49.835  -2.288 0.046512
145859  33.884  50.217  -1.065 0.046512
145860  33.712  49.962  -1.872 0.069767
145861  33.414  50.017  -2.672 0.046512
145862  33.863  50.187  -3.091 0.046512
145863  34.346  50.370  -3.482 0.069767
145864  34.903  50.731  -3.820 0.116279
145865  36.580  52.014  0.032 0.093023
145866  36.379  51.574  -0.630 0.093023
145867  36.142  51.149  -1.202 0.139535
145868  37.455  51.620  -1.517 0.162791
145869  36.651  51.192  -1.631 0.139535
145870  35.925  50.826  -1.823 0.116279
145871  35.715  50.604  -2.522 0.116279
145872  35.540  50.713  -3.378 0.116279
145873  35.409  51.070  -4.155 0.116279
145874  35.832  51.484  -4.425 0.209302
145875  36.327  51.845  -4.630 0.255814
145876  36.859  52.177  -4.822 0.325581
145877  37.562  51.375  -3.824 0.348837
145878  37.445  51.824  -4.451 0.348837
145879  37.482  52.388  -4.926 0.348837
145880  38.052  52.457  -5.055 0.395349
145881  38.622  52.383  -5.270 0.441860
145882  39.129  52.113  -5.532 0.418605
145883  39.566  51.409  -5.344 0.441860
145884  39.945  50.676  -5.059 0.488372
145885  40.112  49.934  -4.915 0.604651
145886  39.712  50.013  -4.035 0.581395
145887  39.965  49.614  -4.438 0.627907
145888  40.181  49.167  -4.864 0.627907
145889  40.228  48.380  -4.866 0.604651
145890  40.285  47.550  -4.896 0.604651
145891  40.318  46.746  -4.753 0.627907
145892  39.609  49.187  -2.081 0.511628
145893  39.557  48.628  -2.446 0.534884
145894  39.588  48.119  -2.848 0.558140
145895  39.326  47.088  -2.094 0.558140
145896  39.507  47.301  -2.678 0.558140
145897  39.589  47.546  -3.296 0.581395
145898  39.743  46.994  -3.763 0.604651
145899  40.010  46.440  -4.197 0.604651
145900  40.358  45.955  -4.643 0.558140
145901  40.407  45.216  -4.572 0.488372
145902  40.442  44.523  -4.533 0.395349
145903  40.407  43.792  -4.509 0.395349
145904  39.705  43.984  -3.561 0.395349
145905  39.993  43.466  -4.085 0.395349
145906  40.266  42.961  -4.613 0.418605
145907  40.166  42.065  -4.670 0.465116
145908  40.207  41.150  -4.632 0.395349
145909  40.444  40.281  -4.490 0.372093
145918  38.738  51.852  6.534 0.046512
145919  39.548  49.697  8.850 0.023256
145920  39.632  50.194  8.448 0.023256
145921  39.717  50.667  8.029 0.023256
145922  39.911  49.271  7.469 0.069767
145923  39.874  50.140  7.563 0.046512
145924  39.645  50.898  7.617 0.046512
145925  39.529  51.182  7.177 0.069767
145926  39.322  51.374  6.664 0.046512
145927  39.135  51.540  6.110 0.046512
145928  39.510  51.185  5.666 0.069767
145929  39.738  50.876  5.218 0.093023
145930  39.839  50.473  4.701 0.093023
145931  40.186  49.152  5.212 0.139535
145932  40.052  49.571  4.715 0.139535
145933  39.880  50.011  4.178 0.093023
145934  39.793  49.467  3.714 0.162791
145935  39.678  48.958  3.280 0.232558
145936  39.449  48.421  2.909 0.232558
145939  38.834  43.750  7.134 0.023256
145940  38.447  42.637  6.504 0.046512
145941  38.822  43.385  6.634 0.046512
145942  39.109  44.142  6.771 0.046512
145943  39.411  44.508  6.415 0.069767
145944  39.773  44.890  6.052 0.069767
145945  40.058  45.235  5.671 0.093023
145946  38.943  40.872  5.057 0.046512
145947  39.154  41.509  5.115 0.069767
145948  39.302  42.158  5.193 0.069767
145949  39.919  42.012  4.515 0.069767
145950  39.770  42.449  4.896 0.069767
145951  39.636  42.959  5.182 0.069767
145952  39.957  43.819  5.227 0.093023
145953  40.179  44.691  5.246 0.069767
145954  40.292  45.492  5.258 0.093023
145955  40.576  45.760  4.890 0.093023
145956  40.590  46.061  4.500 0.116279
145957  40.424  46.338  4.118 0.162791
145958  40.510  45.146  3.689 0.162791
145959  40.296  45.880  3.753 0.186047
145960  40.047  46.636  3.792 0.162791
145961  39.685  47.039  3.421 0.209302
145962  39.368  47.451  2.987 0.255814
145963  39.169  47.959  2.478 0.255814
145964  38.874  47.525  2.058 0.255814
145965  38.667  46.963  1.601 0.255814
145966  38.430  46.381  1.151 0.279070
145967  38.688  45.065  1.697 0.232558
145968  38.425  45.444  1.192 0.279070
145969  38.352  45.809  0.671 0.302326
145970  38.315  45.181  0.186 0.348837
145971  38.319  44.551  -0.303 0.395349
145972  38.453  43.952  -0.791 0.325581
145973  39.588  42.139  1.464 0.116279
145974  39.261  42.315  1.029 0.116279
145975  38.932  42.468  0.614 0.139535
145976  39.558  41.333  0.068 0.093023
145977  39.058  41.937  0.088 0.116279
145978  38.687  42.649  0.154 0.186047
145979  38.480  42.870  -0.302 0.209302
145980  38.495  43.121  -0.822 0.255814
145981  38.552  43.397  -1.287 0.348837
145982  38.678  42.769  -1.800 0.325581
145983  38.822  42.167  -2.304 0.325581
145984  39.075  41.574  -2.758 0.325581
145985  39.509  40.648  -2.180 0.232558
145986  39.389  40.809  -2.689 0.302326
145987  39.431  41.053  -3.206 0.302326
145988  39.846  40.498  -3.606 0.348837
145989  40.358  39.994  -3.930 0.325581
145990  40.886  39.503  -4.279 0.372093
145991  41.481  38.958  -4.006 0.302326
145992  42.220  38.494  -3.701 0.232558
145993  43.054  38.190  -3.412 0.209302
145994  42.599  38.532  -2.637 0.139535
145995  43.251  38.298  -2.902 0.209302
145996  43.948  38.028  -3.166 0.209302
145997  44.925  37.884  -2.951 0.162791
145998  45.850  37.773  -2.597 0.162791
145999  46.823  37.668  -2.307 0.116279
146000  43.801  38.817  -0.652 0.069767
146001  44.381  38.563  -0.878 0.046512
146002  45.035  38.401  -1.094 0.069767
146003  45.764  37.576  -0.433 0.046512
146004  45.757  37.949  -0.818 0.069767
146005  45.661  38.144  -1.292 0.069767
146006  46.340  37.926  -1.486 0.093023
146007  47.046  37.751  -1.744 0.093023
146008  47.728  37.456  -2.090 0.069767
146009  48.548  37.105  -1.930 0.023256
146010  49.336  36.641  -1.796 0.023256
146018  43.256  36.489  2.428 0.023256
153886  34.214  56.039  -9.356 0.046512
153887  33.886  55.887  -9.817 0.023256
153888  33.420  55.390  -10.215 0.023256
153889  34.143  54.560  -10.284 0.023256
153898  31.841  50.709  -10.931 0.023256
153904  39.367  52.404  -7.059 0.325581
153905  39.113  52.635  -7.686 0.255814
153906  38.743  52.678  -8.234 0.186047
153907  39.451  51.197  -8.325 0.232558
153908  38.844  51.952  -8.486 0.232558
153909  38.150  52.522  -8.704 0.162791
153910  37.507  52.232  -9.065 0.093023
153911  36.743  51.789  -9.258 0.069767
153912  35.885  51.242  -9.381 0.069767
153913  39.991  48.143  -9.794 0.093023
153914  39.217  48.620  -9.578 0.139535
153915  38.423  49.097  -9.359 0.069767
153916  37.703  47.769  -9.741 0.023256
153917  37.626  48.602  -9.420 0.046512
153918  37.575  49.517  -9.216 0.046512
153919  36.706  49.931  -9.204 0.046512
153920  35.878  50.289  -9.346 0.023256
153921  35.119  50.614  -9.628 0.023256
153922  34.439  49.959  -9.970 0.023256
153958  41.749  39.646  -5.979 0.372093
153959  41.947  40.074  -6.601 0.395349
153960  42.256  40.546  -7.138 0.395349
153961  42.985  38.880  -7.422 0.372093
153962  42.713  39.973  -7.563 0.418605
153963  42.668  41.064  -7.704 0.395349
153964  43.143  41.574  -8.206 0.372093
153965  43.632  41.983  -8.691 0.395349
153966  44.092  42.361  -9.163 0.348837
153967  45.240  36.991  -8.606 0.255814
153968  44.880  37.962  -9.093 0.279070
153969  44.695  38.929  -9.398 0.302326
153970  45.641  38.906  -10.286 0.279070
153971  45.142  39.446  -9.932 0.325581
153972  44.607  39.918  -9.597 0.302326
153973  44.586  40.899  -9.610 0.372093
153974  44.518  41.811  -9.649 0.348837
153975  44.393  42.649  -9.760 0.325581
153976  44.574  42.887  -10.435 0.302326
153977  44.594  43.030  -11.146 0.232558
153978  44.447  43.120  -11.826 0.162791
153979  45.196  41.979  -11.983 0.186047
153980  44.681  42.577  -12.192 0.162791
153981  44.145  43.075  -12.348 0.116279
153982  43.688  42.884  -12.711 0.069767
153983  43.050  42.529  -12.938 0.069767
153984  42.366  42.117  -12.957 0.046512
153987  48.259  34.458  -10.943 0.046512
153989  48.127  34.554  -11.496 0.046512
153990  47.865  35.124  -11.371 0.046512
153991  47.559  35.903  -11.772 0.046512
153992  47.266  36.769  -12.147 0.116279
153993  46.917  37.614  -12.444 0.116279
153997  45.941  35.267  -13.385 0.023256
153998  46.429  35.549  -13.211 0.023256
153999  46.849  35.730  -12.892 0.046512
154000  46.784  36.580  -12.847 0.046512
154001  46.673  37.507  -12.883 0.023256
154002  46.527  38.339  -12.785 0.116279
154003  46.094  39.084  -12.980 0.046512
154004  45.533  39.735  -13.136 0.069767
154005  44.871  40.271  -13.265 0.023256
154008  44.135  40.736  -13.347 0.046512
154009  43.270  41.103  -13.378 0.046512
154010  42.442  41.375  -13.141 0.046512
154011  41.651  41.699  -12.774 0.023256
154012  40.977  41.257  -12.320 0.023256
154013  40.388  40.749  -11.684 0.023256

