#!ascii label, from subject fsaverage, vox2ras=TkReg
2268
135  24.334  -78.622  28.430 0.023256
136  27.497  -83.909  13.965 0.116279
284  8.522  -85.363  35.303 0.023256
298  17.667  -86.915  25.850 0.604651
306  33.470  -75.471  18.336 0.046512
566  23.939  -80.193  18.497 0.627907
567  20.158  -91.094  18.464 0.255814
568  25.204  -93.467  12.455 0.023256
578  28.544  -85.494  9.663 0.023256
785  36.092  -79.196  22.956 0.023256
1252  26.266  -72.008  25.110 0.023256
1253  27.790  -73.643  20.075 0.209302
1254  26.093  -79.961  23.048 0.186047
1255  13.177  -86.616  24.200 0.348837
1256  17.335  -87.192  19.996 0.674419
1257  14.859  -90.756  19.046 0.046512
1277  32.842  -83.243  14.007 0.023256
1279  30.932  -87.799  13.684 0.023256
1280  27.316  -90.504  10.882 0.023256
1281  27.654  -89.919  15.962 0.046512
1687  23.656  -83.662  32.496 0.023256
1688  23.810  -85.772  26.850 0.325581
1689  19.007  -86.946  31.429 0.186047
1690  13.157  -86.955  30.597 0.325581
1704  30.817  -78.694  14.548 0.023256
2290  17.760  -99.343  11.083 0.046512
2336  31.583  -71.166  19.086 0.023256
2337  28.336  -75.741  15.878 0.395349
2338  24.816  -81.620  15.355 0.511628
2339  20.757  -84.057  22.302 0.674419
2340  20.840  -85.801  17.922 0.627907
2341  24.673  -88.033  17.869 0.372093
2342  23.785  -94.029  17.783 0.023256
2343  20.901  -96.869  13.569 0.046512
2344  24.206  -96.959  9.028 0.046512
2372  27.459  -93.197  6.870 0.046512
3172  25.146  -75.346  26.693 0.023256
3173  26.026  -75.979  24.144 0.046512
3174  25.336  -79.500  25.763 0.069767
3176  13.817  -88.361  20.885 0.232558
3197  29.867  -83.098  13.511 0.046512
3198  31.316  -85.300  13.621 0.023256
3199  29.216  -85.865  13.998 0.023256
3200  29.209  -88.812  14.644 0.046512
3201  27.282  -86.728  14.818 0.046512
3734  8.307  -86.255  31.828 0.046512
3776  13.332  -87.226  33.567 0.139535
3777  10.717  -86.407  33.258 0.093023
3778  10.513  -86.434  29.975 0.139535
3797  35.079  -76.962  20.623 0.023256
3798  35.462  -80.149  20.811 0.023256
3799  34.360  -78.148  18.375 0.023256
3801  32.398  -76.923  16.304 0.069767
5200  26.105  -77.249  19.113 0.395349
5201  27.829  -74.728  17.776 0.325581
5202  25.778  -77.719  16.901 0.558140
5203  26.310  -78.593  15.114 0.465116
5204  23.852  -80.710  16.511 0.604651
5205  20.195  -86.013  26.685 0.511628
5206  22.403  -84.799  24.582 0.488372
5207  19.285  -85.791  23.997 0.651163
5208  18.474  -89.016  18.465 0.558140
5209  19.109  -86.964  19.110 0.697674
5210  20.812  -88.672  18.110 0.581395
5211  22.659  -87.065  17.703 0.511628
5212  22.877  -90.248  18.825 0.325581
5213  24.870  -91.313  18.898 0.116279
5214  22.059  -92.737  19.080 0.046512
5215  16.678  -94.607  13.540 0.023256
5216  19.293  -96.184  15.871 0.023256
5217  17.807  -97.183  14.097 0.023256
5218  19.349  -98.486  12.517 0.046512
5279  28.182  -83.512  6.964 0.023256
5280  27.581  -84.906  4.946 0.023256
5281  26.737  -86.516  7.931 0.023256
5282  26.498  -92.206  11.640 0.046512
5283  27.315  -92.038  8.873 0.046512
5284  26.967  -94.063  10.010 0.046512
5285  26.810  -95.480  7.768 0.046512
5286  25.122  -95.395  10.678 0.046512
6862  27.470  -69.386  23.676 0.023256
6863  28.544  -70.516  21.176 0.023256
6864  27.118  -72.800  22.542 0.023256
6865  26.783  -76.610  21.613 0.186047
6866  24.869  -80.162  20.661 0.395349
6867  15.436  -86.096  25.375 0.581395
6868  17.241  -86.429  22.895 0.651163
6869  15.048  -86.704  21.517 0.558140
6870  15.929  -88.733  18.735 0.418605
6871  17.296  -91.050  17.989 0.139535
6872  18.719  -93.226  18.095 0.023256
6911  30.172  -87.303  11.737 0.023256
6912  27.794  -88.048  10.506 0.023256
6913  29.379  -89.462  12.574 0.023256
6914  27.702  -91.031  13.617 0.023256
6915  26.421  -92.219  14.516 0.046512
7777  24.007  -81.675  30.279 0.023256
7778  25.030  -82.911  27.677 0.093023
7779  24.165  -85.478  29.878 0.069767
7780  21.349  -86.729  29.346 0.279070
7781  17.776  -86.833  28.711 0.418605
7783  15.679  -87.377  30.894 0.302326
7784  15.548  -87.085  28.189 0.511628
7785  13.165  -85.901  27.761 0.325581
7786  11.140  -87.386  26.312 0.046512
7813  36.604  -81.997  22.654 0.023256
7817  31.768  -80.838  13.973 0.023256
7818  28.881  -80.987  13.813 0.093023
9430  19.836  -99.219  8.086 0.046512
9432  17.095  -100.188  8.555 0.023256
9568  32.573  -73.235  18.298 0.023256
9569  29.469  -71.767  19.007 0.162791
9570  30.248  -73.285  17.153 0.232558
9571  31.164  -75.056  16.343 0.116279
9572  29.476  -77.074  14.840 0.162791
9573  27.675  -79.691  14.369 0.279070
9574  26.272  -82.704  14.521 0.325581
9575  25.355  -83.266  24.809 0.209302
9576  23.945  -82.721  22.431 0.441860
9577  22.420  -82.312  20.305 0.674419
9578  18.395  -85.582  21.226 0.720930
9579  19.992  -84.402  19.631 0.697674
9580  21.885  -82.932  17.975 0.674419
9581  22.910  -84.037  16.508 0.604651
9582  24.297  -85.006  15.988 0.534884
9583  25.754  -85.875  15.323 0.232558
9584  26.155  -88.862  17.265 0.093023
9585  25.960  -92.245  17.133 0.069767
9586  24.298  -93.779  14.970 0.046512
9587  20.642  -94.895  17.494 0.023256
9588  22.150  -95.025  15.135 0.023256
9589  23.283  -95.000  12.257 0.046512
9590  22.311  -97.057  10.922 0.069767
9591  21.059  -98.434  9.811 0.046512
9592  22.535  -97.575  7.127 0.023256
9670  26.752  -89.512  8.492 0.023256
9671  26.917  -90.503  6.448 0.023256
9673  26.219  -94.462  4.881 0.023256
9674  24.652  -96.243  5.777 0.046512
10848  24.275  -77.774  30.062 0.023256
10850  24.582  -76.164  29.121 0.023256
10852  24.673  -77.071  27.484 0.023256
10853  24.960  -77.500  26.160 0.023256
10854  24.726  -79.078  27.142 0.046512
10856  12.674  -89.886  21.989 0.023256
10877  28.539  -83.408  13.700 0.069767
10878  29.272  -84.373  13.689 0.046512
10879  28.209  -84.923  13.922 0.046512
10880  28.194  -86.319  14.347 0.046512
10881  27.260  -85.379  14.279 0.069767
11414  8.303  -85.742  33.773 0.023256
11416  7.196  -85.269  34.019 0.023256
11456  10.952  -86.370  34.839 0.046512
11457  9.586  -85.947  34.405 0.023256
11458  9.443  -86.168  32.741 0.046512
11477  34.280  -76.176  19.377 0.023256
11478  34.640  -77.590  19.492 0.023256
11479  33.800  -76.850  18.322 0.023256
11480  33.440  -77.460  17.254 0.023256
11481  32.894  -76.240  17.262 0.069767
12880  24.995  -78.832  18.769 0.581395
12881  25.842  -77.439  18.005 0.488372
12882  24.762  -78.976  17.652 0.604651
12883  24.757  -79.253  16.623 0.581395
12884  23.732  -80.452  17.412 0.627907
12885  18.705  -86.501  26.247 0.604651
12886  19.718  -85.890  25.281 0.558140
12887  18.689  -86.566  24.829 0.627907
12888  19.273  -90.025  18.251 0.325581
12889  19.617  -89.039  18.399 0.581395
12890  20.626  -89.976  18.393 0.348837
12891  21.847  -89.527  18.377 0.418605
12892  21.629  -90.820  18.712 0.209302
12893  22.641  -91.593  19.083 0.209302
12894  21.067  -91.981  18.786 0.139535
12896  17.356  -95.998  13.868 0.023256
12897  16.473  -96.305  12.780 0.023256
12898  16.949  -97.476  13.182 0.023256
12955  29.760  -85.086  10.090 0.023256
12957  29.411  -84.094  9.017 0.023256
12958  29.129  -83.030  7.841 0.023256
12959  28.106  -84.532  8.325 0.023256
12960  27.266  -84.944  7.441 0.023256
12961  27.462  -85.967  8.867 0.023256
12962  25.876  -92.893  12.008 0.046512
12963  26.629  -93.182  10.818 0.046512
12964  26.012  -93.940  11.380 0.046512
12965  26.161  -94.795  10.484 0.046512
12966  25.221  -94.400  11.600 0.046512
15273  26.149  -71.214  26.720 0.023256
15275  26.719  -69.708  25.968 0.023256
15276  27.168  -68.449  25.227 0.023256
15277  26.910  -70.574  24.379 0.023256
15278  27.304  -71.051  23.054 0.023256
15279  26.633  -72.426  23.831 0.023256
15280  26.209  -77.976  23.646 0.116279
15281  26.585  -76.312  22.853 0.116279
15282  26.432  -78.333  22.294 0.186047
15283  26.041  -78.661  21.050 0.325581
15284  25.606  -80.132  21.737 0.302326
15285  14.239  -85.960  24.885 0.441860
15286  15.137  -86.063  23.555 0.581395
15287  14.023  -86.599  22.884 0.441860
15288  14.388  -89.530  19.916 0.116279
15289  14.752  -88.491  19.645 0.325581
15290  15.388  -89.709  18.861 0.255814
15291  16.685  -89.905  18.217 0.279070
15292  15.986  -90.938  18.310 0.116279
15293  16.558  -91.934  17.774 0.046512
15354  33.328  -84.537  13.990 0.023256
15355  31.145  -86.586  13.768 0.023256
15357  31.613  -87.251  13.166 0.023256
15358  31.239  -86.988  12.164 0.023256
15359  30.867  -87.921  12.704 0.023256
15360  29.839  -88.421  12.130 0.023256
15361  30.294  -88.825  13.160 0.023256
15362  28.419  -89.309  15.204 0.046512
15363  28.759  -90.187  14.277 0.046512
15364  27.944  -90.758  14.892 0.046512
15365  27.037  -91.607  14.029 0.023256
15366  27.296  -91.380  15.527 0.046512
17075  23.843  -81.528  33.114 0.023256
17076  23.892  -80.475  32.007 0.023256
17077  23.729  -82.854  31.402 0.023256
17078  24.301  -83.787  30.138 0.023256
17079  23.910  -84.703  31.302 0.023256
17080  20.796  -86.641  31.744 0.046512
17081  21.866  -86.730  30.718 0.093023
17082  20.160  -86.922  30.389 0.186047
17083  19.554  -86.668  29.027 0.325581
17084  18.329  -86.992  30.116 0.255814
17088  13.139  -87.234  32.041 0.232558
17089  14.516  -87.355  32.258 0.232558
17090  14.409  -87.321  30.733 0.325581
17091  15.506  -87.327  29.486 0.441860
17092  14.490  -86.965  29.440 0.465116
17093  14.506  -86.449  28.094 0.465116
17094  13.161  -86.439  29.297 0.348837
17095  9.591  -86.971  28.991 0.046512
17096  10.664  -86.649  28.004 0.162791
17153  36.838  -81.567  23.813 0.023256
17154  36.261  -80.828  22.910 0.023256
17155  35.330  -80.594  19.550 0.023256
17156  35.863  -81.630  20.626 0.023256
17165  30.204  -80.768  13.714 0.093023
17166  29.853  -79.771  14.016 0.093023
21014  18.753  -99.395  9.644 0.046512
21015  18.458  -99.663  8.326 0.046512
21016  17.436  -99.897  9.993 0.046512
21355  32.155  -70.161  20.211 0.023256
21358  32.988  -72.492  19.430 0.023256
21359  32.025  -72.204  18.586 0.023256
21360  28.233  -72.028  20.548 0.069767
21361  29.010  -71.147  20.018 0.023256
21362  28.542  -72.565  19.339 0.162791
21363  27.970  -75.225  16.755 0.418605
21364  28.985  -73.814  17.322 0.325581
21365  29.350  -74.502  16.452 0.279070
21366  30.638  -74.169  16.623 0.162791
21367  29.796  -75.213  15.867 0.186047
21368  30.358  -75.974  15.475 0.139535
21369  28.866  -76.340  15.220 0.302326
21370  25.499  -80.070  15.143 0.465116
21371  26.997  -79.087  14.640 0.372093
21372  26.152  -80.572  14.760 0.418605
21373  26.869  -81.165  14.434 0.302326
21374  25.500  -82.141  14.967 0.465116
21375  25.006  -84.723  27.212 0.162791
21376  25.447  -83.136  26.266 0.139535
21377  24.797  -84.735  25.755 0.232558
21378  21.549  -84.318  23.530 0.604651
21379  23.296  -83.818  23.490 0.441860
21380  22.450  -83.408  22.473 0.627907
21381  23.103  -82.409  21.420 0.627907
21382  21.625  -83.216  21.290 0.697674
21383  17.088  -86.502  21.393 0.674419
21384  18.030  -86.104  22.239 0.674419
21385  17.913  -86.351  20.717 0.697674
21386  19.923  -86.586  18.553 0.604651
21387  19.330  -85.722  19.302 0.651163
21388  20.239  -85.099  18.549 0.674419
21389  20.844  -83.635  18.804 0.697674
21390  21.199  -84.268  17.830 0.627907
21391  22.283  -83.477  17.104 0.674419
21392  21.887  -84.977  17.279 0.558140
21393  23.700  -87.586  17.807 0.441860
21394  23.610  -86.015  16.953 0.558140
21395  24.412  -86.513  16.757 0.465116
21396  25.113  -85.421  15.660 0.372093
21397  25.282  -86.872  16.559 0.302326
21398  25.832  -87.217  16.211 0.162791
21399  25.574  -88.385  17.688 0.209302
21400  24.467  -92.850  18.615 0.046512
21401  25.535  -91.904  18.127 0.046512
21402  25.009  -93.248  17.519 0.069767
21403  25.143  -93.180  16.205 0.069767
21404  24.168  -93.997  16.416 0.069767
21406  19.528  -94.167  17.977 0.023256
21408  20.230  -96.677  15.056 0.023256
21409  20.819  -95.934  15.703 0.023256
21410  21.426  -95.908  14.134 0.046512
21411  22.572  -94.894  13.574 0.046512
21412  21.918  -95.949  12.499 0.046512
21413  22.788  -96.096  11.371 0.069767
21414  21.487  -96.935  12.134 0.069767
21415  18.531  -98.990  11.915 0.046512
21416  20.198  -98.534  11.121 0.046512
21417  19.493  -98.959  10.370 0.046512
21418  20.444  -98.815  8.960 0.046512
21602  26.954  -86.278  5.373 0.023256
21603  27.713  -85.622  4.049 0.023256
21607  27.563  -89.299  10.739 0.023256
21608  27.047  -88.758  9.596 0.023256
21609  27.054  -90.110  9.707 0.023256
21610  27.487  -92.535  7.870 0.046512
21611  27.158  -91.269  7.628 0.046512
21612  27.200  -91.783  6.668 0.023256
21613  26.986  -91.035  5.568 0.023256
21614  27.107  -92.431  5.629 0.023256
21615  26.618  -93.265  4.593 0.023256
21616  27.019  -93.819  5.808 0.046512
21617  25.657  -96.309  8.344 0.046512
21618  25.874  -96.033  6.670 0.046512
21619  24.721  -96.713  7.321 0.046512
21620  23.610  -96.843  6.458 0.046512
21621  23.411  -97.241  8.056 0.046512
24141  25.557  -72.875  27.470 0.023256
24142  25.663  -73.620  25.920 0.023256
24143  26.057  -73.980  24.585 0.023256
24144  25.492  -75.648  25.384 0.023256
24145  25.555  -77.736  24.910 0.046512
24146  25.937  -79.715  24.481 0.139535
24147  12.667  -87.758  23.747 0.139535
24148  13.397  -87.590  22.470 0.279070
24149  13.035  -88.688  22.302 0.069767
24150  13.488  -89.583  21.039 0.093023
24151  13.928  -90.680  19.845 0.023256
24187  31.395  -82.969  13.644 0.023256
24188  31.945  -84.208  13.659 0.023256
24189  30.574  -84.164  13.517 0.023256
24190  30.229  -85.470  13.809 0.023256
24192  30.056  -88.345  14.215 0.023256
24194  28.339  -87.706  14.882 0.046512
24195  27.532  -88.244  15.570 0.069767
25154  8.479  -86.944  29.821 0.023256
25222  23.388  -84.163  33.693 0.023256
25223  23.415  -85.179  32.309 0.023256
25226  19.727  -86.431  32.869 0.069767
25229  12.332  -86.889  34.913 0.093023
25230  12.003  -86.909  33.418 0.162791
25231  11.830  -86.802  31.929 0.209302
25232  11.809  -86.529  30.466 0.232558
25233  10.599  -86.425  31.695 0.116279
25234  9.402  -86.463  30.885 0.046512
25267  35.624  -77.987  21.854 0.023256
25268  35.748  -79.680  21.879 0.023256
25269  35.253  -78.546  20.770 0.023256
25270  35.010  -79.108  19.593 0.023256
27584  16.797  -98.943  12.385 0.046512
27585  16.360  -99.628  11.307 0.023256
27791  31.059  -70.159  19.797 0.023256
27792  27.191  -75.457  19.627 0.325581
27793  27.941  -74.116  18.891 0.302326
27794  26.955  -75.792  18.445 0.372093
27795  26.804  -76.196  17.276 0.488372
27796  26.885  -76.602  16.345 0.511628
27797  27.294  -77.083  15.429 0.418605
27798  25.907  -78.072  15.919 0.488372
27799  24.996  -79.661  15.727 0.558140
27800  24.202  -81.174  15.834 0.558140
27801  22.056  -85.973  26.800 0.441860
27802  23.247  -85.402  25.643 0.372093
27803  21.421  -85.541  25.653 0.511628
27804  20.623  -85.147  24.466 0.558140
27805  19.980  -84.919  23.133 0.674419
27806  17.883  -87.992  18.941 0.651163
27807  18.359  -87.121  19.609 0.697674
27808  18.927  -88.094  18.938 0.674419
27809  19.856  -87.862  18.429 0.604651
27810  20.800  -87.378  18.112 0.581395
27811  21.729  -86.493  17.642 0.581395
27812  21.817  -88.058  18.081 0.511628
27813  22.801  -88.740  18.309 0.441860
27814  23.840  -89.309  18.537 0.302326
27815  24.896  -89.691  18.610 0.232558
27816  23.946  -90.786  19.083 0.255814
27817  23.644  -92.228  19.155 0.116279
27818  23.057  -93.533  18.699 0.023256
27819  17.282  -94.368  14.662 0.023256
27821  18.017  -95.604  14.925 0.023256
27822  18.640  -96.810  15.043 0.023256
27823  19.548  -97.493  14.435 0.046512
27824  20.213  -97.798  13.078 0.046512
27825  18.580  -98.020  13.713 0.046512
27826  17.653  -98.474  13.034 0.046512
27937  27.684  -84.136  5.994 0.023256
27938  26.937  -85.637  6.432 0.023256
27939  26.524  -87.100  6.798 0.023256
27940  26.918  -91.515  11.239 0.046512
27941  27.125  -91.385  9.825 0.046512
27942  27.093  -92.385  10.253 0.046512
27943  27.412  -93.164  9.371 0.046512
27944  27.553  -93.786  8.313 0.046512
27945  27.386  -94.406  7.201 0.046512
27946  27.120  -94.836  8.961 0.046512
27947  26.075  -95.598  9.452 0.046512
27948  24.794  -96.336  9.900 0.046512
29416  35.240  -76.426  21.714 0.023256
31371  27.715  -67.370  24.649 0.023256
31372  28.202  -68.371  23.121 0.023256
31373  28.818  -69.077  21.840 0.023256
31374  28.031  -69.899  22.362 0.023256
31375  27.809  -71.515  21.737 0.023256
31376  27.532  -73.203  21.273 0.069767
31377  26.521  -74.385  23.300 0.023256
31378  27.034  -74.712  22.070 0.116279
31379  27.268  -75.097  20.845 0.186047
31380  26.568  -77.016  20.319 0.279070
31381  25.407  -78.723  19.914 0.418605
31382  24.274  -80.148  19.590 0.558140
31383  16.523  -86.646  25.592 0.604651
31384  17.537  -86.658  24.344 0.627907
31385  16.303  -86.209  23.948 0.604651
31386  16.121  -86.317  22.233 0.651163
31387  16.190  -86.967  20.505 0.581395
31388  14.250  -87.494  21.055 0.418605
31389  15.339  -87.671  19.858 0.534884
31390  16.626  -87.857  19.148 0.604651
31391  17.245  -88.784  18.407 0.465116
31392  17.865  -89.997  18.142 0.325581
31393  18.620  -91.167  18.201 0.186047
31394  19.414  -92.245  18.526 0.116279
31395  17.953  -92.171  18.003 0.093023
31396  17.276  -93.000  17.192 0.023256
31482  32.597  -85.386  13.612 0.023256
31485  31.551  -85.879  11.557 0.023256
31486  30.429  -86.084  11.206 0.023256
31487  29.228  -86.359  10.759 0.023256
31488  28.020  -86.772  10.159 0.023256
31489  28.974  -87.615  11.192 0.023256
31490  28.724  -88.740  11.555 0.023256
31491  28.188  -89.928  11.859 0.023256
31492  29.545  -89.574  13.719 0.046512
31493  28.590  -90.309  13.081 0.023256
31494  27.449  -90.885  12.240 0.023256
31495  26.853  -91.552  12.624 0.023256
31496  26.261  -92.181  13.003 0.023256
31497  25.589  -92.744  13.500 0.046512
33726  24.006  -79.264  30.998 0.023256
33727  24.147  -80.284  29.319 0.023256
33728  24.583  -80.853  28.090 0.046512
33729  24.475  -82.394  28.999 0.023256
33730  24.784  -84.358  28.733 0.116279
33731  24.142  -85.818  28.370 0.162791
33732  23.266  -86.073  31.008 0.046512
33733  22.964  -86.493  29.595 0.139535
33734  22.569  -86.407  28.174 0.279070
33735  20.824  -86.364  27.945 0.395349
33736  18.890  -86.376  27.573 0.395349
33737  17.596  -86.906  27.272 0.558140
33740  17.831  -86.808  32.599 0.139535
33741  14.847  -87.224  33.795 0.023256
33742  16.030  -87.193  32.415 0.069767
33743  17.256  -87.164  31.226 0.186047
33744  16.691  -87.290  29.792 0.325581
33745  16.526  -87.292  28.407 0.488372
33746  16.519  -87.130  26.987 0.604651
33747  15.609  -86.622  26.799 0.534884
33748  14.454  -86.010  26.576 0.418605
33749  13.150  -85.989  26.020 0.325581
33750  11.779  -86.156  28.933 0.232558
33751  11.824  -86.213  27.027 0.209302
33752  12.211  -86.876  25.282 0.162791
33753  11.881  -88.217  24.783 0.046512
33826  35.962  -81.222  21.869 0.023256
33838  30.775  -81.923  13.572 0.046512
33839  29.258  -82.099  13.594 0.093023
33840  28.032  -82.428  13.847 0.139535
38532  19.440  -99.416  6.760 0.023256
38533  18.053  -99.701  6.865 0.023256
38534  16.742  -100.213  7.059 0.023256
38535  16.070  -100.295  10.155 0.023256
38536  15.751  -100.712  8.700 0.023256
38944  33.055  -74.301  18.250 0.046512
38945  29.455  -69.785  20.763 0.023256
38946  30.033  -70.531  19.728 0.046512
38947  30.501  -71.281  18.856 0.069767
38948  28.798  -73.098  18.315 0.255814
38949  29.875  -72.503  18.016 0.186047
38950  30.998  -72.183  18.089 0.116279
38951  31.473  -73.147  17.525 0.069767
38952  31.947  -74.132  17.271 0.046512
38953  32.396  -75.201  17.206 0.069767
38954  31.714  -75.997  16.246 0.069767
38955  31.046  -76.805  15.361 0.023256
38956  30.121  -77.861  14.709 0.093023
38957  27.841  -77.675  14.783 0.325581
38958  28.505  -78.368  14.451 0.186047
38959  29.172  -79.062  14.266 0.116279
38960  28.290  -80.316  14.060 0.186047
38961  27.511  -81.704  14.123 0.186047
38962  26.858  -83.312  14.195 0.209302
38963  25.163  -81.191  26.735 0.069767
38964  25.657  -81.418  25.369 0.093023
38965  25.753  -81.659  23.922 0.186047
38966  24.107  -84.397  24.502 0.325581
38967  24.738  -83.136  23.521 0.325581
38968  25.206  -81.690  22.563 0.372093
38969  24.451  -81.495  21.525 0.418605
38970  23.661  -81.357  20.460 0.627907
38971  23.130  -81.368  19.304 0.627907
38972  18.420  -86.389  23.533 0.697674
38973  18.808  -85.668  22.580 0.720930
38974  19.361  -84.819  21.723 0.720930
38975  18.571  -86.128  19.993 0.720930
38976  19.100  -85.066  20.378 0.720930
38977  20.167  -84.085  20.931 0.744186
38978  21.005  -83.231  20.050 0.744186
38979  21.983  -82.464  19.094 0.744186
38980  22.832  -81.589  18.184 0.651163
38981  22.862  -81.924  17.238 0.674419
38982  23.213  -82.328  16.382 0.581395
38983  23.816  -82.895  15.903 0.604651
38984  22.702  -85.530  17.068 0.581395
38985  23.588  -84.588  16.246 0.581395
38986  24.424  -83.393  15.547 0.558140
38987  25.172  -83.892  15.152 0.465116
38988  25.935  -84.490  14.769 0.255814
38989  26.536  -84.987  14.448 0.162791
38990  26.388  -86.231  15.042 0.093023
38991  26.577  -87.636  15.884 0.069767
38992  26.851  -89.340  16.666 0.069767
38993  25.760  -90.170  18.270 0.093023
38994  26.382  -90.744  17.658 0.069767
38995  26.934  -91.091  16.646 0.069767
38996  26.206  -92.250  15.843 0.069767
38997  25.252  -92.969  14.756 0.046512
38998  24.609  -93.499  13.574 0.046512
38999  20.313  -93.162  18.640 0.046512
39000  21.313  -93.823  18.378 0.023256
39001  22.290  -94.471  17.646 0.023256
39004  22.961  -94.600  16.570 0.046512
39005  23.306  -94.405  15.067 0.023256
39006  23.687  -94.217  13.623 0.046512
39007  24.358  -94.265  12.396 0.046512
39008  24.191  -95.308  11.418 0.069767
39009  23.796  -96.341  10.704 0.046512
39010  23.174  -97.165  10.114 0.046512
39011  20.910  -97.860  11.637 0.046512
39012  21.665  -97.862  10.551 0.046512
39013  22.530  -97.688  9.409 0.046512
39014  21.879  -98.119  8.493 0.046512
39016  21.854  -98.004  6.237 0.023256
39244  27.065  -87.352  9.383 0.023256
39245  26.655  -87.995  8.290 0.023256
39246  26.552  -88.581  7.240 0.023256
39247  27.044  -90.899  8.616 0.046512
39248  26.817  -90.057  7.429 0.046512
39249  26.645  -89.128  6.169 0.023256
39250  26.857  -89.808  5.320 0.023256
39256  26.663  -95.015  6.155 0.046512
39257  25.660  -95.451  5.286 0.046512
39258  24.688  -95.715  4.501 0.023256
39259  23.686  -96.376  5.059 0.023256
41568  24.287  -78.262  29.218 0.023256
41569  24.407  -76.998  29.586 0.023256
41570  24.380  -77.448  28.756 0.023256
41571  24.582  -76.635  28.287 0.023256
41572  24.409  -77.872  27.950 0.023256
41573  24.633  -78.075  27.300 0.023256
41574  24.498  -78.870  27.800 0.023256
41597  27.995  -83.628  13.818 0.093023
41598  28.235  -84.155  13.833 0.046512
41599  27.794  -84.441  13.892 0.069767
41600  27.736  -85.178  14.038 0.069767
41601  27.349  -84.665  14.073 0.116279
42134  8.351  -85.566  34.592 0.023256
42135  7.730  -85.530  33.943 0.023256
42136  7.802  -85.300  34.684 0.023256
42175  9.231  -85.505  35.651 0.023256
42176  9.758  -85.833  35.180 0.023256
42177  9.040  -85.670  34.898 0.023256
42178  8.905  -85.812  34.130 0.023256
42197  33.875  -75.837  18.840 0.023256
42198  34.046  -76.531  18.852 0.023256
42199  33.620  -76.168  18.322 0.046512
42200  33.379  -76.503  17.812 0.046512
42201  33.172  -75.852  17.806 0.069767
43600  24.471  -79.500  18.599 0.604651
43601  24.865  -78.857  18.160 0.604651
43602  24.333  -79.600  18.057 0.604651
43603  24.246  -79.721  17.541 0.604651
43604  23.813  -80.306  17.953 0.604651
43605  18.203  -86.829  26.105 0.627907
43606  18.769  -86.696  25.548 0.604651
43607  18.228  -86.792  25.318 0.604651
43608  19.710  -90.567  18.291 0.279070
43609  19.944  -90.038  18.319 0.325581
43610  20.432  -90.544  18.417 0.302326
43611  21.132  -90.394  18.511 0.279070
43612  20.913  -90.999  18.584 0.255814
43613  21.399  -91.395  18.778 0.186047
43614  20.631  -91.573  18.664 0.186047
43616  16.168  -95.699  12.587 0.023256
43618  16.000  -96.535  12.393 0.023256
43675  29.160  -85.280  9.896 0.023256
43676  29.560  -84.602  9.600 0.023256
43677  28.918  -84.799  9.304 0.023256
43678  28.754  -84.300  8.678 0.023256
43679  28.314  -85.017  8.999 0.023256
43680  27.773  -85.249  8.619 0.023256
43681  27.984  -85.712  9.316 0.023256
43682  25.575  -93.213  12.282 0.046512
43683  25.931  -93.404  11.670 0.046512
43684  25.565  -93.683  11.880 0.046512
43685  25.637  -94.181  11.505 0.046512
43686  25.158  -93.890  11.998 0.069767
45993  26.170  -71.595  25.932 0.023256
45994  26.443  -70.429  26.341 0.023256
45995  26.493  -70.830  25.541 0.023256
45996  26.817  -70.110  25.178 0.023256
45997  26.588  -71.256  24.768 0.023256
45998  26.764  -71.478  24.121 0.023256
45999  26.437  -72.229  24.465 0.023256
46000  26.266  -78.989  23.363 0.186047
46001  26.399  -78.154  22.992 0.186047
46002  26.269  -79.160  22.653 0.209302
46003  26.061  -79.277  21.989 0.279070
46004  25.923  -80.049  22.377 0.302326
46005  13.599  -86.212  24.521 0.395349
46006  14.039  -86.244  23.881 0.418605
46007  13.561  -86.611  23.556 0.418605
46008  14.622  -90.142  19.455 0.093023
46009  14.858  -89.600  19.369 0.209302
46010  15.135  -90.194  19.004 0.139535
46011  15.683  -90.313  18.568 0.162791
46012  15.393  -90.834  18.654 0.093023
46013  15.607  -91.446  18.332 0.069767
46014  15.060  -91.383  18.651 0.046512
46074  33.048  -83.909  14.024 0.023256
46075  31.080  -87.194  13.766 0.023256
46076  31.473  -87.005  13.529 0.023256
46077  31.303  -87.520  13.434 0.023256
46078  31.320  -87.658  12.996 0.023256
46079  31.021  -88.035  13.235 0.023256
46080  30.602  -88.380  12.917 0.023256
46081  30.651  -88.367  13.453 0.023256
46082  28.048  -89.627  15.593 0.046512
46083  28.268  -90.127  15.123 0.046512
46084  27.873  -90.411  15.483 0.046512
46085  27.611  -91.059  15.219 0.046512
46086  27.531  -90.668  15.821 0.046512
47793  23.607  -82.987  33.394 0.023256
47794  23.804  -81.940  33.716 0.023256
47795  23.661  -82.643  32.815 0.023256
47796  23.712  -82.202  32.227 0.023256
47797  23.663  -83.311  31.940 0.023256
47798  23.881  -83.833  31.359 0.023256
47799  23.760  -84.203  31.905 0.023256
47800  19.892  -86.827  31.569 0.093023
47801  20.493  -86.826  31.111 0.093023
47802  19.564  -86.966  30.888 0.186047
47803  19.237  -86.955  30.220 0.232558
47804  18.657  -87.052  30.760 0.186047
47808  13.115  -87.183  31.287 0.279070
47809  13.788  -87.302  31.393 0.302326
47810  13.811  -87.216  30.622 0.348837
47811  14.459  -87.228  30.011 0.395349
47812  13.828  -86.956  30.018 0.395349
47813  13.849  -86.696  29.410 0.395349
47814  13.176  -86.709  29.967 0.395349
47816  9.818  -87.366  28.132 0.046512
47872  36.347  -79.746  23.455 0.023256
47873  36.446  -80.561  23.404 0.023256
47874  36.168  -80.037  22.949 0.023256
47882  31.425  -78.769  14.819 0.023256
47883  31.656  -79.336  14.610 0.023256
47884  30.997  -79.263  14.391 0.023256
47885  30.547  -79.703  14.043 0.046512
47886  30.327  -79.240  14.245 0.023256
51734  18.268  -99.431  10.372 0.046512
51735  18.100  -99.661  9.788 0.046512
51736  17.599  -99.655  10.562 0.046512
52075  31.883  -70.654  19.632 0.023256
52077  32.102  -71.196  19.372 0.023256
52078  32.312  -71.752  19.146 0.023256
52079  31.816  -71.662  18.795 0.023256
52080  28.047  -72.811  20.304 0.139535
52081  28.405  -72.294  19.959 0.116279
52082  28.153  -73.059  19.706 0.162791
52083  28.083  -75.496  16.298 0.395349
52084  28.658  -74.829  16.551 0.372093
52085  28.834  -75.108  16.136 0.302326
52086  29.550  -74.850  16.147 0.232558
52087  29.076  -75.422  15.824 0.325581
52088  29.341  -75.755  15.525 0.302326
52089  28.590  -76.003  15.510 0.418605
52090  25.129  -80.840  15.242 0.511628
52091  25.838  -80.310  14.931 0.418605
52092  25.452  -81.091  15.058 0.465116
52093  25.751  -81.366  14.895 0.418605
52094  25.099  -81.879  15.202 0.534884
52095  24.553  -85.362  26.989 0.209302
52096  24.989  -84.751  26.449 0.186047
52097  24.388  -85.313  26.268 0.255814
52098  21.144  -84.142  22.952 0.627907
52099  22.009  -83.863  23.004 0.651163
52100  21.569  -83.731  22.473 0.697674
52101  22.014  -83.291  21.941 0.674419
52102  21.177  -83.626  21.827 0.697674
52103  17.156  -86.788  20.650 0.674419
52104  17.554  -86.426  21.069 0.697674
52105  17.639  -86.790  20.378 0.697674
52106  20.408  -86.228  18.250 0.604651
52107  20.031  -85.822  18.527 0.651163
52108  20.510  -85.415  18.141 0.627907
52109  20.679  -84.643  18.177 0.674419
52110  20.973  -84.992  17.803 0.604651
52111  21.509  -84.652  17.493 0.581395
52112  21.331  -85.390  17.621 0.581395
52113  24.173  -87.827  17.845 0.395349
52114  24.044  -87.085  17.317 0.465116
52115  24.536  -87.281  17.286 0.465116
52116  24.874  -86.712  16.668 0.395349
52117  25.019  -87.483  17.232 0.348837
52118  25.412  -87.609  17.150 0.255814
52119  25.150  -88.210  17.822 0.279070
52120  24.149  -93.481  18.248 0.023256
52121  24.770  -93.085  18.106 0.046512
52122  24.438  -93.686  17.686 0.046512
52123  24.606  -93.661  16.989 0.046512
52124  23.988  -94.041  17.117 0.046512
52128  20.667  -96.804  14.343 0.023256
52129  20.876  -96.346  14.628 0.046512
52130  21.130  -96.406  13.775 0.046512
52131  21.609  -95.906  13.254 0.046512
52132  21.386  -96.437  13.021 0.069767
52133  21.688  -96.478  12.265 0.069767
52134  21.162  -96.907  12.828 0.069767
52135  18.150  -99.131  11.459 0.046512
52136  19.021  -99.013  11.123 0.046512
52137  18.631  -99.195  10.709 0.046512
52138  19.100  -99.188  10.024 0.046512
52322  26.719  -86.977  5.616 0.023256
52327  27.463  -89.949  10.856 0.023256
52328  27.218  -89.696  10.252 0.023256
52329  27.191  -90.341  10.296 0.023256
52330  27.508  -92.847  7.398 0.046512
52331  27.379  -92.189  7.235 0.046512
52332  27.362  -92.484  6.723 0.023256
52333  27.214  -92.072  6.150 0.023256
52334  27.290  -92.805  6.217 0.046512
52335  27.128  -93.127  5.688 0.023256
52336  27.307  -93.485  6.339 0.046512
52337  24.952  -96.645  8.666 0.046512
52338  25.278  -96.580  7.788 0.046512
52339  24.580  -96.882  8.186 0.046512
52340  24.069  -96.987  7.713 0.046512
52341  23.849  -97.128  8.542 0.046512
55593  25.020  -74.951  27.463 0.023256
55594  25.285  -73.695  27.869 0.023256
55595  25.285  -74.117  27.059 0.023256
55596  25.553  -73.268  26.673 0.023256
55597  25.408  -74.478  26.311 0.023256
55598  25.563  -74.624  25.631 0.023256
55599  25.325  -75.493  26.032 0.023256
55600  25.115  -78.513  25.964 0.046512
55601  25.239  -77.667  25.531 0.023256
55602  25.443  -78.672  25.300 0.116279
55603  25.799  -78.740  24.671 0.116279
55604  25.687  -79.627  25.101 0.116279
55605  12.493  -88.319  23.600 0.069767
55606  12.862  -88.210  23.027 0.093023
55607  12.670  -88.820  22.931 0.023256
55609  13.105  -89.751  21.590 0.023256
55610  13.296  -90.165  20.814 0.023256
55611  13.723  -90.099  20.421 0.046512
55672  30.638  -83.004  13.531 0.023256
55673  30.945  -83.519  13.505 0.023256
55674  30.220  -83.633  13.504 0.046512
55675  29.207  -85.121  13.837 0.023256
55676  29.753  -84.937  13.739 0.046512
55677  29.665  -85.620  13.912 0.023256
55678  30.160  -86.150  13.976 0.023256
55682  27.730  -86.516  14.515 0.046512
55683  28.253  -87.009  14.605 0.023256
55684  27.821  -87.228  14.831 0.093023
55685  27.925  -88.000  15.193 0.046512
55686  27.437  -87.452  15.187 0.069767
57284  8.396  -86.586  30.800 0.046512
57285  8.042  -86.811  29.941 0.023256
57286  7.919  -86.460  30.924 0.023256
57398  23.128  -84.865  33.554 0.023256
57403  20.608  -86.239  33.024 0.023256
57408  10.805  -86.407  34.030 0.093023
57409  11.461  -86.671  34.105 0.069767
57410  11.328  -86.648  33.363 0.139535
57411  11.892  -86.869  32.690 0.255814
57412  11.264  -86.632  32.598 0.116279
57413  11.204  -86.593  31.851 0.139535
57414  10.650  -86.413  32.474 0.093023
57415  8.877  -86.180  32.359 0.046512
57416  9.423  -86.306  31.839 0.046512
57417  8.884  -86.406  31.424 0.046512
57418  8.924  -86.687  30.379 0.046512
57472  35.351  -77.444  21.242 0.023256
57473  35.460  -78.279  21.336 0.023256
57474  35.174  -77.765  20.679 0.023256
57475  34.482  -77.868  18.950 0.023256
57476  34.811  -78.326  19.563 0.023256
57477  34.756  -78.590  18.940 0.023256
57478  34.944  -79.338  18.965 0.023256
57479  34.658  -78.838  18.333 0.023256
57482  32.935  -77.170  16.756 0.023256
57484  32.648  -77.535  16.230 0.023256
57486  32.036  -77.309  15.817 0.023256
61679  30.799  -69.710  20.198 0.023256
61680  26.653  -76.350  19.345 0.348837
61681  27.059  -75.601  19.031 0.348837
61682  26.517  -76.487  18.770 0.372093
61683  25.744  -77.588  17.458 0.604651
61684  26.302  -76.797  17.636 0.488372
61685  26.250  -76.970  17.090 0.534884
61686  26.819  -76.398  16.798 0.488372
61687  26.294  -77.146  16.577 0.558140
61688  26.386  -77.352  16.124 0.558140
61689  25.808  -77.892  16.393 0.511628
61690  24.293  -79.996  16.576 0.604651
61691  24.833  -79.447  16.139 0.581395
61692  24.409  -80.181  16.105 0.558140
61693  24.547  -80.401  15.767 0.581395
61694  24.023  -80.944  16.164 0.604651
61695  21.116  -85.973  26.797 0.465116
61696  21.753  -85.765  26.216 0.488372
61697  20.813  -85.797  26.168 0.488372
61698  19.506  -85.813  24.629 0.627907
61699  20.184  -85.514  24.899 0.558140
61700  19.913  -85.383  24.225 0.581395
61701  20.310  -84.992  23.824 0.627907
61702  19.605  -85.351  23.526 0.674419
61703  18.185  -88.491  18.668 0.627907
61704  18.450  -88.074  18.986 0.697674
61705  18.737  -88.591  18.726 0.674419
61706  20.192  -88.955  18.264 0.581395
61707  19.762  -88.483  18.434 0.604651
61708  20.305  -88.297  18.192 0.581395
61709  20.336  -87.673  18.182 0.604651
61710  20.809  -88.036  18.098 0.604651
61711  21.289  -87.703  18.045 0.534884
61712  21.298  -88.392  18.153 0.488372
61713  22.343  -89.877  18.621 0.372093
61714  22.335  -89.144  18.357 0.418605
61715  22.829  -89.513  18.541 0.348837
61716  23.293  -89.089  18.421 0.395349
61717  23.361  -89.840  18.702 0.348837
61718  23.914  -90.070  18.852 0.279070
61719  23.449  -90.557  19.030 0.279070
61720  22.376  -92.173  19.096 0.139535
61721  23.151  -91.904  19.180 0.116279
61722  22.889  -92.621  19.137 0.093023
61723  23.368  -92.926  19.000 0.046512
61724  22.565  -93.155  18.977 0.046512
61725  16.989  -94.467  14.155 0.023256
61726  17.648  -94.978  14.781 0.023256
61727  17.392  -95.158  14.249 0.023256
61728  17.562  -96.606  14.041 0.023256
61729  17.946  -96.437  14.556 0.023256
61730  18.265  -97.021  14.605 0.023256
61731  19.105  -97.260  14.877 0.023256
61732  18.685  -97.471  14.440 0.023256
61733  19.108  -97.787  14.103 0.046512
61734  18.180  -97.648  13.979 0.023256
61735  16.548  -97.705  12.841 0.023256
61736  17.268  -98.012  13.189 0.046512
61737  16.827  -98.239  12.948 0.046512
61738  17.228  -98.669  12.675 0.046512
61905  31.563  -84.818  10.861 0.023256
61915  28.625  -83.248  7.403 0.023256
61917  28.782  -82.779  6.753 0.023256
61919  28.408  -83.061  6.264 0.023256
61920  28.192  -83.407  5.752 0.023256
61921  27.892  -83.788  6.504 0.023256
61922  26.961  -85.725  7.702 0.023256
61923  27.042  -85.301  6.954 0.023256
61924  26.754  -86.047  7.206 0.023256
61925  26.696  -86.358  6.635 0.023256
61926  26.560  -86.814  7.404 0.023256
61927  26.732  -91.860  11.432 0.046512
61928  26.908  -91.902  10.738 0.046512
61929  26.722  -92.275  10.960 0.046512
61930  26.774  -93.711  10.464 0.046512
61931  27.024  -93.233  10.164 0.046512
61932  27.239  -93.624  9.687 0.046512
61933  27.509  -93.461  8.849 0.046512
61934  27.360  -93.981  9.171 0.046512
61935  27.404  -94.352  8.630 0.046512
61936  27.100  -94.437  9.524 0.046512
61937  25.663  -95.100  10.585 0.046512
61938  26.128  -95.233  9.982 0.046512
61939  25.589  -95.511  10.151 0.046512
61940  25.455  -95.946  9.690 0.046512
61941  24.980  -95.869  10.286 0.046512
68861  26.834  -68.210  27.159 0.023256
68868  27.326  -68.893  24.426 0.023256
68869  27.456  -67.842  24.870 0.023256
68870  27.627  -68.337  24.139 0.023256
68871  27.944  -67.858  23.890 0.023256
68872  27.822  -68.836  23.390 0.023256
68873  28.117  -69.117  22.721 0.023256
68874  27.759  -69.630  23.012 0.023256
68875  27.217  -71.870  22.799 0.023256
68876  27.566  -71.273  22.383 0.023256
68877  27.449  -72.107  22.137 0.023256
68878  27.686  -72.326  21.502 0.023256
68879  27.325  -73.008  21.876 0.023256
68880  26.018  -75.010  24.348 0.023256
68881  26.268  -74.213  23.937 0.023256
68882  26.293  -75.194  23.693 0.069767
68883  26.748  -76.457  22.224 0.139535
68884  26.795  -75.486  22.439 0.116279
68885  26.953  -75.651  21.847 0.116279
68886  27.199  -74.895  21.477 0.162791
68887  27.039  -75.887  21.204 0.186047
68888  26.976  -76.071  20.573 0.255814
68889  26.709  -76.828  20.964 0.255814
68890  25.466  -79.428  20.824 0.395349
68891  25.718  -78.663  20.467 0.348837
68892  25.147  -79.439  20.264 0.395349
68893  24.856  -79.489  19.756 0.488372
68894  24.536  -80.146  20.137 0.488372
68895  15.975  -86.376  25.481 0.604651
68896  16.436  -86.390  24.807 0.604651
68897  15.867  -86.070  24.707 0.558140
68898  15.003  -86.298  22.475 0.534884
68899  15.619  -86.169  22.845 0.558140
68900  15.531  -86.430  21.862 0.534884
68901  16.042  -86.532  21.352 0.627907
68902  15.603  -86.831  20.965 0.558140
68903  13.583  -88.003  21.658 0.255814
68904  13.794  -87.461  21.732 0.325581
68905  13.990  -87.926  20.956 0.302326
68906  15.308  -88.628  19.117 0.395349
68907  14.987  -88.079  19.720 0.418605
68908  15.577  -88.181  19.179 0.511628
68909  15.965  -87.776  19.417 0.581395
68910  16.257  -88.278  18.889 0.511628
68911  16.935  -88.305  18.710 0.511628
68912  16.616  -88.798  18.519 0.465116
68913  16.994  -90.486  18.081 0.209302
68914  17.305  -89.913  18.094 0.325581
68915  17.611  -90.534  18.068 0.232558
68916  18.259  -90.592  18.139 0.279070
68917  17.947  -91.157  18.072 0.139535
68918  18.284  -91.720  18.142 0.139535
68919  17.617  -91.634  18.003 0.116279
68920  16.163  -92.298  17.486 0.023256
68921  16.887  -92.467  17.498 0.023256
68922  16.519  -92.684  17.018 0.023256
69105  31.544  -84.713  13.642 0.023256
69106  32.252  -84.834  13.700 0.023256
69107  31.999  -85.330  13.617 0.023256
69115  30.719  -87.113  11.955 0.023256
69116  30.855  -86.562  11.695 0.023256
69117  30.286  -86.700  11.483 0.023256
69118  29.789  -86.218  10.990 0.023256
69119  29.735  -86.884  11.277 0.023256
69120  29.097  -86.999  11.023 0.023256
69121  29.601  -87.455  11.483 0.023256
69122  29.627  -88.931  12.324 0.023256
69123  29.299  -88.570  11.849 0.023256
69124  29.094  -89.126  12.052 0.023256
69125  28.500  -89.307  11.733 0.023256
69126  28.785  -89.670  12.237 0.023256
69127  29.621  -88.599  14.414 0.046512
69128  29.851  -88.996  13.995 0.023256
69129  29.435  -89.283  14.237 0.046512
69130  28.281  -90.663  13.989 0.023256
69131  28.727  -90.328  13.707 0.023256
69132  28.178  -90.673  13.381 0.023256
69133  27.944  -90.614  12.699 0.023256
69134  27.561  -90.954  12.936 0.023256
69135  27.109  -91.220  12.464 0.023256
69136  27.222  -91.292  13.142 0.023256
69137  26.718  -91.910  14.247 0.023256
69138  26.591  -91.904  13.484 0.023256
69139  26.281  -92.208  13.703 0.023256
69140  25.971  -92.475  13.230 0.023256
69141  25.949  -92.484  13.990 0.046512
74268  23.821  -81.147  31.102 0.023256
74269  23.905  -79.865  31.495 0.023256
74270  23.923  -80.506  30.592 0.023256
74271  24.046  -79.805  30.122 0.023256
74272  24.072  -80.967  29.775 0.023256
74273  24.292  -81.345  29.146 0.023256
74274  24.223  -82.073  29.654 0.023256
74275  24.437  -84.735  29.995 0.069767
74276  24.595  -84.114  29.451 0.023256
74277  24.547  -84.988  29.288 0.093023
74278  24.663  -85.206  28.550 0.116279
74279  24.266  -85.760  29.150 0.093023
74280  22.971  -85.779  32.198 0.023256
74281  23.347  -85.678  31.686 0.046512
74282  22.805  -86.194  31.531 0.023256
74283  21.615  -86.793  30.046 0.209302
74284  22.423  -86.643  30.173 0.116279
74285  22.191  -86.681  29.471 0.186047
74286  22.769  -86.524  28.883 0.209302
74287  21.924  -86.608  28.793 0.302326
74288  21.694  -86.442  28.106 0.325581
74289  21.061  -86.572  28.652 0.325581
74290  18.606  -86.693  28.873 0.372093
74291  19.191  -86.496  28.308 0.395349
74292  18.323  -86.579  28.160 0.418605
74293  18.171  -86.607  27.424 0.488372
74294  17.637  -86.857  27.972 0.488372
74300  17.635  -86.767  34.038 0.023256
74301  18.192  -86.679  33.353 0.046512
74302  17.223  -86.889  33.229 0.046512
74303  13.555  -87.186  34.327 0.069767
74305  14.104  -87.273  33.673 0.069767
74306  15.107  -87.374  31.561 0.232558
74307  15.255  -87.298  32.323 0.116279
74308  15.850  -87.303  31.658 0.186047
74309  16.675  -87.194  31.798 0.116279
74310  16.412  -87.284  31.057 0.209302
74311  16.939  -87.237  30.506 0.255814
74312  16.166  -87.339  30.346 0.325581
74313  15.527  -87.253  28.805 0.488372
74314  16.005  -87.342  28.950 0.441860
74315  16.027  -87.340  28.279 0.534884
74316  16.508  -87.309  27.696 0.558140
74317  16.045  -87.122  27.595 0.558140
74318  16.048  -86.924  26.885 0.581395
74319  15.590  -86.861  27.508 0.581395
74320  13.874  -86.163  27.968 0.372093
74321  14.497  -86.203  27.328 0.465116
74322  13.840  -85.942  27.165 0.372093
74323  13.811  -85.939  26.324 0.418605
74324  13.150  -85.897  26.900 0.279070
74325  11.132  -86.435  30.262 0.162791
74326  11.793  -86.369  29.706 0.209302
74327  11.107  -86.306  29.459 0.186047
74328  10.862  -86.977  27.127 0.162791
74329  11.192  -86.421  27.506 0.186047
74330  11.388  -86.720  26.622 0.162791
74331  11.962  -86.472  26.131 0.209302
74332  11.670  -87.100  25.793 0.139535
74333  12.020  -87.586  24.988 0.116279
74334  11.504  -87.829  25.525 0.046512
74499  37.238  -81.645  24.854 0.023256
74500  36.696  -81.767  23.224 0.023256
74501  37.076  -82.009  23.613 0.023256
74505  35.584  -79.897  21.342 0.023256
74506  35.834  -80.488  21.903 0.023256
74507  35.708  -80.667  21.363 0.023256
74535  31.564  -81.929  13.688 0.023256
74536  31.284  -81.353  13.703 0.023256
74537  29.504  -80.861  13.727 0.093023
74538  29.726  -81.432  13.630 0.093023
74539  29.041  -81.540  13.692 0.093023
74540  28.622  -82.250  13.692 0.093023
74541  28.446  -81.676  13.814 0.116279
86084  20.431  -99.212  7.304 0.023256
86086  19.663  -99.332  7.409 0.023256
86087  17.784  -99.942  8.448 0.023256
86088  18.295  -99.647  7.605 0.023256
86089  17.591  -99.953  7.744 0.023256
86090  17.370  -99.957  6.932 0.023256
86091  16.944  -100.208  7.760 0.023256
86093  16.184  -99.994  10.767 0.023256
86094  15.523  -100.122  10.790 0.023256
86096  15.236  -100.762  9.448 0.023256
86098  15.580  -100.755  7.832 0.023256
87115  32.790  -72.859  18.842 0.023256
87116  33.227  -73.038  19.348 0.023256
87117  33.048  -73.388  18.753 0.023256
87118  33.271  -73.937  18.768 0.023256
87119  32.834  -73.752  18.253 0.046512
87120  28.694  -69.746  21.524 0.023256
87121  29.168  -69.436  21.262 0.023256
87122  28.972  -70.113  20.947 0.023256
87123  29.253  -71.404  19.495 0.116279
87124  29.501  -70.791  19.865 0.069767
87125  29.770  -71.143  19.352 0.116279
87126  30.269  -70.910  19.298 0.069767
87127  29.972  -71.528  18.888 0.069767
87128  27.860  -74.417  18.340 0.325581
87129  28.322  -73.561  18.614 0.279070
87130  28.335  -73.909  18.051 0.325581
87131  29.600  -73.493  17.204 0.255814
87132  29.427  -73.123  17.652 0.232558
87133  30.037  -72.881  17.590 0.232558
87134  30.445  -72.245  18.068 0.162791
87135  30.647  -72.730  17.627 0.116279
87136  31.230  -72.652  17.779 0.093023
87137  30.878  -73.172  17.297 0.139535
87138  30.900  -74.624  16.441 0.139535
87139  31.335  -74.130  16.884 0.116279
87140  31.589  -74.613  16.772 0.069767
87141  32.169  -74.645  17.190 0.046512
87142  31.800  -75.122  16.739 0.069767
87143  32.067  -75.645  16.721 0.069767
87144  31.414  -75.525  16.276 0.116279
87145  29.938  -76.490  15.146 0.139535
87146  30.677  -76.398  15.401 0.069767
87147  30.270  -76.867  15.024 0.093023
87148  30.598  -77.304  15.010 0.046512
87149  29.790  -77.464  14.764 0.093023
87150  26.815  -77.834  15.264 0.418605
87151  27.552  -77.380  15.087 0.372093
87152  27.065  -78.120  14.930 0.372093
87153  27.336  -79.398  14.504 0.348837
87154  27.733  -78.714  14.488 0.255814
87155  28.085  -79.032  14.364 0.255814
87156  28.829  -78.700  14.365 0.116279
87157  28.409  -79.355  14.264 0.232558
87158  28.736  -79.695  14.065 0.186047
87159  27.972  -79.978  14.238 0.232558
87160  26.543  -81.936  14.474 0.302326
87161  27.171  -81.454  14.273 0.232558
87162  26.868  -82.152  14.293 0.255814
87163  27.175  -82.469  14.163 0.186047
87164  26.599  -82.981  14.349 0.255814
87165  24.802  -81.916  27.856 0.069767
87166  24.855  -81.045  27.410 0.069767
87167  25.096  -82.059  27.189 0.093023
87168  25.502  -83.200  25.563 0.209302
87169  25.560  -82.268  25.834 0.093023
87170  25.625  -82.390  25.109 0.162791
87171  25.787  -81.574  24.672 0.139535
87172  25.556  -82.491  24.361 0.209302
87173  22.810  -85.074  25.107 0.441860
87174  23.694  -84.930  25.049 0.395349
87175  23.303  -84.630  24.530 0.395349
87176  23.675  -83.279  22.937 0.441860
87177  24.066  -83.523  23.475 0.395349
87178  24.359  -82.891  22.964 0.395349
87179  25.036  -82.405  23.047 0.348837
87180  24.590  -82.250  22.487 0.372093
87181  24.815  -81.580  22.041 0.395349
87182  24.159  -82.134  21.975 0.441860
87183  22.763  -82.308  20.864 0.651163
87184  23.404  -81.899  20.959 0.604651
87185  23.040  -81.813  20.413 0.674419
87186  23.352  -81.354  19.864 0.651163
87187  22.782  -81.856  19.789 0.651163
87188  17.394  -86.558  23.582 0.674419
87189  18.021  -86.597  23.900 0.627907
87190  17.875  -86.480  23.248 0.697674
87191  18.208  -85.812  21.722 0.720930
87192  18.416  -85.908  22.403 0.697674
87193  18.593  -85.571  21.898 0.697674
87194  19.059  -85.217  22.116 0.744186
87195  18.830  -85.219  21.435 0.744186
87196  18.747  -87.066  19.396 0.720930
87197  18.460  -86.622  19.779 0.720930
87198  18.798  -86.524  19.486 0.720930
87199  19.606  -85.076  19.465 0.697674
87200  19.181  -85.383  19.813 0.697674
87201  19.520  -84.787  20.006 0.720930
87202  19.598  -84.599  20.658 0.744186
87203  20.046  -84.221  20.271 0.744186
87204  20.605  -83.675  20.521 0.744186
87205  20.464  -83.804  19.861 0.744186
87206  21.346  -83.264  18.379 0.674419
87207  21.405  -83.066  18.965 0.720930
87208  21.879  -82.638  18.505 0.697674
87209  22.404  -82.034  18.619 0.697674
87210  22.374  -82.284  18.083 0.720930
87211  22.821  -81.772  17.686 0.674419
87212  22.411  -82.531  17.594 0.651163
87213  22.562  -83.742  16.705 0.581395
87214  22.786  -82.953  16.690 0.627907
87215  23.029  -83.202  16.364 0.604651
87216  23.499  -82.621  16.105 0.581395
87217  23.355  -83.497  16.154 0.627907
87218  22.195  -86.788  17.602 0.581395
87219  22.202  -85.999  17.366 0.558140
87220  22.640  -86.253  17.391 0.581395
87221  23.926  -85.559  16.462 0.581395
87222  23.554  -85.324  16.571 0.558140
87223  23.941  -84.825  16.152 0.581395
87224  24.031  -84.044  15.896 0.581395
87225  24.355  -84.269  15.740 0.558140
87226  24.761  -83.627  15.305 0.465116
87227  24.707  -84.470  15.526 0.488372
87228  25.457  -85.648  15.471 0.255814
87229  25.505  -84.967  15.183 0.348837
87230  25.804  -85.206  15.017 0.279070
87231  26.231  -84.740  14.582 0.232558
87232  26.109  -85.434  14.852 0.232558
87233  26.428  -85.623  14.732 0.139535
87234  26.032  -86.005  15.149 0.209302
87235  25.979  -87.948  16.781 0.162791
87236  26.145  -87.331  16.056 0.139535
87237  26.322  -88.178  16.550 0.093023
87238  26.726  -88.447  16.334 0.069767
87239  26.497  -89.100  16.995 0.069767
87240  24.921  -90.499  18.847 0.209302
87241  25.409  -89.904  18.549 0.162791
87242  25.354  -90.770  18.644 0.093023
87243  25.733  -92.125  17.630 0.069767
87244  25.953  -91.366  17.892 0.069767
87245  26.220  -91.546  17.475 0.069767
87246  26.648  -90.914  17.161 0.069767
87247  26.461  -91.674  16.967 0.069767
87248  26.613  -91.735  16.297 0.069767
87249  26.083  -92.227  16.530 0.069767
87250  24.689  -93.538  15.550 0.069767
87251  25.165  -93.074  15.486 0.046512
87252  24.752  -93.386  14.853 0.046512
87253  24.840  -93.210  14.174 0.046512
87254  24.418  -93.604  14.257 0.046512
87255  19.050  -92.764  18.434 0.069767
87256  19.841  -92.779  18.685 0.046512
87257  19.480  -93.265  18.444 0.069767
87259  20.395  -94.048  18.201 0.023256
87260  20.954  -94.356  17.903 0.023256
87261  21.850  -94.155  18.079 0.023256
87262  21.487  -94.671  17.545 0.023256
87266  21.521  -95.529  15.389 0.023256
87268  21.873  -95.141  15.904 0.023256
87270  22.538  -94.797  15.826 0.023256
87271  23.144  -94.519  15.811 0.046512
87272  22.744  -94.705  15.073 0.023256
87273  22.869  -94.898  12.810 0.046512
87274  23.167  -94.549  13.534 0.023256
87275  23.438  -94.535  12.854 0.023256
87276  23.930  -94.198  12.953 0.046512
87277  23.868  -94.668  12.347 0.046512
87278  24.306  -94.770  11.860 0.069767
87279  23.739  -95.131  11.795 0.046512
87280  22.546  -96.619  11.149 0.069767
87281  23.317  -96.201  11.019 0.069767
87282  22.988  -96.738  10.697 0.069767
87283  23.495  -96.775  10.388 0.046512
87284  22.724  -97.129  10.506 0.046512
87285  19.809  -98.208  12.826 0.046512
87286  20.547  -97.833  12.317 0.046512
87287  20.161  -98.219  12.064 0.046512
87288  20.605  -98.502  10.372 0.046512
87289  20.896  -98.224  10.773 0.046512
87290  21.365  -98.189  10.227 0.046512
87291  22.108  -97.797  10.007 0.046512
87292  21.797  -98.096  9.656 0.046512
87293  22.197  -97.926  8.966 0.046512
87294  21.474  -98.301  9.223 0.046512
87295  20.148  -99.022  8.514 0.046512
87296  20.922  -98.673  8.252 0.046512
87297  20.638  -98.943  7.765 0.023256
87847  27.970  -84.201  4.758 0.023256
87849  28.005  -84.602  4.282 0.023256
87862  27.860  -87.407  10.392 0.023256
87863  27.494  -87.046  9.786 0.023256
87864  27.406  -87.689  9.977 0.023256
87865  26.841  -89.145  9.045 0.023256
87866  26.861  -88.372  8.956 0.023256
87867  26.699  -88.734  8.415 0.023256
87868  26.518  -88.336  7.822 0.023256
87869  26.634  -89.066  7.931 0.023256
87870  27.213  -91.760  9.314 0.046512
87871  27.089  -91.173  9.192 0.046512
87872  27.184  -91.461  8.723 0.046512
87873  27.037  -90.879  7.019 0.023256
87874  27.036  -90.648  7.467 0.046512
87875  26.884  -90.245  6.891 0.023256
87876  26.713  -89.557  6.796 0.023256
87877  26.757  -89.849  6.300 0.023256
87878  26.735  -89.496  5.713 0.023256
87879  26.819  -90.129  5.888 0.023256
87880  26.917  -91.406  5.026 0.023256
87881  26.907  -90.792  4.958 0.023256
87887  26.448  -93.914  4.736 0.023256
87892  27.154  -94.982  7.452 0.046512
87893  27.141  -94.748  6.600 0.046512
87894  26.821  -95.288  6.898 0.046512
87895  25.236  -96.188  6.153 0.046512
87896  25.742  -95.802  5.886 0.046512
87897  25.164  -95.923  5.502 0.046512
87898  25.140  -95.579  4.908 0.023256
87899  24.624  -95.964  5.206 0.046512
87900  24.173  -96.123  4.832 0.023256
87901  24.125  -96.279  5.485 0.023256
87902  23.014  -97.171  6.798 0.023256
87903  23.060  -96.898  6.009 0.046512
87904  22.598  -97.320  6.345 0.023256
87905  22.199  -97.479  5.974 0.023256
87906  22.210  -97.765  6.646 0.023256
93261  24.800  -75.795  27.855 0.023256
93262  24.878  -76.226  27.077 0.023256
93263  25.011  -76.434  26.407 0.023256
93264  24.801  -77.277  26.827 0.023256
93265  24.821  -78.294  26.619 0.046512
93266  25.018  -79.331  26.439 0.046512
93268  12.477  -89.413  22.730 0.023256
93307  29.159  -83.229  13.602 0.069767
93308  29.525  -83.756  13.606 0.046512
93309  28.858  -83.930  13.739 0.046512
93310  28.723  -84.644  13.815 0.046512
93311  28.703  -85.398  13.946 0.023256
93312  28.708  -86.098  14.158 0.023256
93313  28.190  -85.653  14.086 0.046512
93314  27.709  -85.849  14.286 0.046512
93315  27.231  -86.031  14.530 0.046512
94274  8.302  -85.986  32.839 0.046512
94275  7.817  -86.102  31.959 0.023256
94276  7.779  -85.806  32.992 0.023256
94277  7.268  -85.551  33.101 0.023256
94348  11.119  -86.342  35.571 0.023256
94350  10.319  -86.127  34.693 0.023256
94351  10.151  -86.205  33.866 0.046512
94352  10.067  -86.238  33.051 0.069767
94353  9.465  -86.060  33.601 0.046512
94354  8.878  -85.969  33.302 0.046512
94387  34.686  -76.531  19.955 0.023256
94388  34.841  -77.289  20.044 0.023256
94389  34.458  -76.869  19.419 0.023256
94390  34.231  -77.200  18.893 0.023256
94391  34.057  -77.477  18.364 0.023256
94392  33.905  -77.767  17.824 0.023256
94393  33.630  -77.154  17.813 0.023256
94394  33.161  -76.850  17.278 0.046512
94395  32.646  -76.583  16.747 0.046512
96912  25.542  -78.078  18.951 0.441860
96913  25.954  -77.330  18.578 0.372093
96914  25.408  -78.120  18.380 0.534884
96915  25.289  -78.192  17.795 0.581395
96916  25.261  -78.332  17.267 0.581395
96917  25.287  -78.462  16.724 0.581395
96918  24.718  -79.118  17.134 0.604651
96919  24.231  -79.862  17.038 0.651163
96920  23.774  -80.590  16.948 0.627907
96921  19.338  -86.213  26.450 0.511628
96922  19.917  -85.937  25.960 0.511628
96923  19.244  -86.249  25.742 0.581395
96924  19.119  -86.270  25.044 0.604651
96925  19.033  -86.213  24.386 0.651163
96926  18.849  -89.518  18.343 0.418605
96927  19.050  -89.046  18.471 0.511628
96928  19.478  -89.534  18.335 0.441860
96929  20.096  -89.538  18.352 0.511628
96930  20.749  -89.343  18.263 0.418605
96931  21.315  -89.088  18.230 0.418605
96932  21.293  -89.762  18.360 0.348837
96933  21.785  -90.172  18.600 0.325581
96934  22.315  -90.581  18.845 0.279070
96935  22.850  -90.932  19.030 0.279070
96936  22.146  -91.197  18.918 0.139535
96937  21.889  -91.773  18.950 0.139535
96938  21.559  -92.356  18.946 0.046512
96939  16.296  -94.774  12.984 0.023256
96940  17.065  -95.328  13.669 0.023256
96941  16.654  -95.486  13.095 0.023256
96942  16.918  -96.150  13.308 0.023256
96943  17.116  -96.716  13.490 0.023256
96944  17.374  -97.297  13.568 0.023256
96945  16.689  -96.884  12.997 0.023256
97047  30.361  -84.952  10.363 0.023256
97048  30.739  -84.322  10.087 0.023256
97049  30.131  -84.409  9.820 0.023256
97050  30.017  -83.928  9.335 0.023256
97053  29.264  -83.576  8.395 0.023256
97054  28.611  -83.772  8.041 0.023256
97055  28.079  -84.018  7.639 0.023256
97056  27.638  -84.260  7.187 0.023256
97057  27.646  -84.754  7.906 0.023256
97058  27.303  -85.482  8.173 0.023256
97059  27.024  -86.242  8.414 0.023256
97060  26.204  -92.548  11.835 0.046512
97061  26.517  -92.653  11.169 0.046512
97062  26.258  -93.054  11.425 0.046512
97063  26.361  -93.578  11.092 0.046512
97064  26.461  -94.047  10.756 0.046512
97065  26.620  -94.435  10.322 0.046512
97066  26.101  -94.352  10.963 0.046512
97067  25.694  -94.635  11.076 0.046512
97068  25.223  -94.890  11.157 0.046512
101221  26.466  -70.060  27.125 0.023256
101222  26.679  -69.312  26.761 0.023256
101223  26.872  -68.613  26.394 0.023256
101224  27.055  -68.008  26.038 0.023256
101225  26.947  -69.055  25.595 0.023256
101226  27.044  -69.506  24.778 0.023256
101227  27.208  -69.971  23.964 0.023256
101228  27.414  -70.213  23.335 0.023256
101229  27.085  -70.836  23.696 0.023256
101230  26.961  -71.714  23.451 0.023256
101231  26.867  -72.606  23.200 0.023256
101232  26.078  -76.957  23.914 0.093023
101233  26.319  -76.134  23.494 0.093023
101234  26.378  -77.144  23.264 0.116279
101235  26.571  -77.312  22.613 0.186047
101236  26.611  -77.472  21.961 0.232558
101237  26.477  -77.629  21.334 0.255814
101238  26.268  -78.475  21.673 0.279070
101239  25.778  -79.412  21.375 0.302326
101240  25.196  -80.173  21.203 0.372093
101241  14.839  -85.989  25.150 0.511628
101242  15.271  -86.022  24.492 0.511628
101243  14.655  -86.041  24.223 0.488372
101244  14.505  -86.260  23.177 0.534884
101245  14.510  -86.608  22.147 0.488372
101246  14.101  -88.915  20.363 0.209302
101247  14.227  -88.353  20.266 0.279070
101248  14.542  -88.962  19.777 0.255814
101249  15.071  -89.104  19.200 0.302326
101250  15.626  -89.225  18.731 0.325581
101251  16.316  -89.315  18.454 0.348837
101252  16.001  -89.820  18.463 0.279070
101253  16.354  -90.450  18.242 0.209302
101254  16.656  -91.020  18.067 0.162791
101255  16.942  -91.536  17.985 0.069767
101256  16.266  -91.466  18.105 0.093023
101257  15.873  -91.876  17.900 0.023256
101371  31.879  -86.947  12.807 0.023256
101373  31.527  -87.239  12.672 0.023256
101374  31.100  -87.439  12.455 0.023256
101375  30.559  -87.669  12.199 0.023256
101376  30.025  -87.912  11.954 0.023256
101377  30.383  -88.196  12.415 0.023256
101378  30.170  -88.716  12.576 0.023256
101379  29.872  -89.236  12.843 0.023256
101380  28.807  -89.022  14.876 0.046512
101381  29.077  -89.540  14.521 0.046512
101382  28.688  -89.836  14.819 0.046512
101383  28.312  -90.468  14.582 0.046512
101384  27.870  -90.974  14.259 0.023256
101385  27.354  -91.322  13.827 0.023256
101386  27.528  -91.265  14.503 0.023256
101387  27.179  -91.546  14.766 0.023256
101388  26.846  -91.833  15.042 0.046512
104465  23.877  -81.036  32.543 0.023256
104466  23.765  -81.693  31.654 0.023256
104467  23.860  -82.305  30.842 0.023256
104468  24.140  -82.774  30.217 0.023256
104469  24.021  -83.369  30.788 0.023256
104470  24.135  -84.300  30.722 0.023256
104471  24.064  -85.129  30.616 0.046512
104472  21.696  -86.487  31.883 0.023256
104473  22.179  -86.559  31.355 0.046512
104474  21.363  -86.693  31.252 0.069767
104475  21.046  -86.842  30.599 0.093023
104476  20.778  -86.862  29.907 0.232558
104477  20.469  -86.714  29.200 0.325581
104478  19.869  -86.846  29.720 0.302326
104479  18.923  -86.828  29.557 0.325581
104480  18.028  -86.919  29.413 0.395349
104486  13.185  -87.254  32.797 0.162791
104487  13.916  -87.312  32.916 0.116279
104488  13.839  -87.346  32.167 0.255814
104489  14.423  -87.375  31.495 0.302326
104490  15.019  -87.383  30.835 0.279070
104491  15.559  -87.378  30.195 0.372093
104492  15.035  -87.323  30.107 0.302326
104493  15.035  -87.235  29.413 0.465116
104494  15.035  -87.032  28.800 0.488372
104495  15.057  -86.827  28.144 0.488372
104496  14.501  -86.728  28.803 0.488372
104497  13.892  -86.429  28.732 0.441860
104498  13.167  -86.186  28.551 0.348837
104499  10.033  -86.681  29.491 0.069767
104500  10.566  -86.524  28.963 0.162791
104501  10.141  -86.853  28.512 0.116279
104502  10.356  -87.182  27.658 0.093023
104503  10.626  -87.580  26.859 0.046512
104504  10.952  -88.025  26.088 0.023256
104603  36.924  -81.334  24.410 0.023256
104604  36.655  -80.977  23.905 0.023256
104605  36.548  -81.234  23.351 0.023256
104606  36.385  -81.459  22.830 0.023256
104607  35.386  -80.389  20.188 0.023256
104608  35.639  -80.914  20.737 0.023256
104609  35.573  -81.119  20.109 0.023256
104625  31.007  -80.774  13.779 0.023256
104626  30.762  -80.227  13.916 0.069767
104627  30.045  -80.261  13.857 0.069767
104628  29.364  -80.351  13.864 0.116279
111554  19.273  -99.296  8.834 0.046512
111555  19.119  -99.407  8.184 0.023256
111556  18.593  -99.571  9.010 0.046512
111557  17.940  -99.825  9.172 0.046512
111558  17.275  -100.085  9.296 0.023256
112175  32.312  -72.720  18.408 0.046512
112176  28.394  -71.296  20.812 0.023256
112177  28.751  -70.836  20.574 0.023256
112178  28.593  -71.571  20.224 0.046512
112179  28.795  -71.851  19.632 0.116279
112180  28.988  -72.110  19.142 0.162791
112181  27.848  -74.994  17.236 0.372093
112182  28.394  -74.238  17.511 0.325581
112183  28.519  -74.504  17.006 0.372093
112184  29.177  -74.157  16.819 0.302326
112185  29.818  -73.869  16.809 0.209302
112186  30.443  -73.722  16.893 0.186047
112187  30.012  -74.249  16.507 0.186047
112188  30.217  -74.700  16.233 0.186047
112189  30.469  -75.110  16.001 0.162791
112190  30.745  -75.527  15.903 0.116279
112191  30.057  -75.606  15.649 0.162791
112192  29.625  -76.101  15.292 0.209302
112193  29.165  -76.684  14.995 0.232558
112194  25.917  -79.335  15.109 0.441860
112195  26.660  -78.840  14.866 0.372093
112196  26.250  -79.572  14.846 0.395349
112197  26.586  -79.818  14.687 0.372093
112198  26.940  -80.094  14.551 0.348837
112199  27.279  -80.372  14.421 0.325581
112200  26.518  -80.845  14.634 0.348837
112201  26.191  -81.633  14.673 0.325581
112202  25.938  -82.406  14.734 0.372093
112203  25.192  -83.890  27.502 0.139535
112204  25.328  -83.066  26.983 0.093023
112205  25.272  -83.965  26.699 0.186047
112206  25.301  -84.016  25.971 0.209302
112207  25.114  -84.020  25.269 0.232558
112208  21.945  -84.537  24.106 0.558140
112209  22.870  -84.335  24.041 0.534884
112210  22.424  -84.057  23.553 0.558140
112211  22.879  -83.571  22.981 0.511628
112212  23.262  -83.071  22.466 0.534884
112213  23.522  -82.542  21.976 0.534884
112214  22.847  -82.937  21.961 0.558140
112215  22.429  -82.810  21.384 0.674419
112216  22.042  -82.768  20.806 0.697674
112217  17.142  -86.413  22.171 0.674419
112218  17.693  -86.352  22.583 0.604651
112219  17.564  -86.286  21.818 0.674419
112220  17.898  -86.119  21.427 0.720930
112221  18.152  -85.968  20.999 0.720930
112222  19.500  -86.803  18.805 0.627907
112223  19.160  -86.336  19.155 0.651163
112224  19.560  -86.143  18.878 0.651163
112225  19.746  -85.452  18.986 0.651163
112226  20.053  -84.735  19.074 0.674419
112227  20.395  -83.995  19.263 0.697674
112228  20.507  -84.339  18.660 0.651163
112229  20.962  -83.928  18.265 0.674419
112230  21.512  -83.581  17.891 0.674419
112231  22.058  -83.236  17.532 0.674419
112232  21.749  -83.908  17.481 0.604651
112233  22.068  -84.227  17.110 0.604651
112234  22.436  -84.530  16.893 0.581395
112235  23.198  -87.319  17.786 0.511628
112236  23.132  -86.528  17.382 0.558140
112237  23.623  -86.803  17.364 0.511628
112238  23.989  -86.292  16.865 0.488372
112239  24.337  -85.758  16.345 0.465116
112240  24.704  -85.221  15.840 0.465116
112241  24.759  -85.973  16.226 0.348837
112242  25.170  -86.138  16.062 0.302326
112243  25.487  -86.363  15.883 0.255814
112244  25.724  -86.544  15.692 0.186047
112245  25.583  -87.064  16.407 0.232558
112246  25.719  -87.808  16.977 0.209302
112247  25.866  -88.596  17.491 0.186047
112248  24.722  -92.111  18.791 0.046512
112249  25.273  -91.612  18.651 0.093023
112250  25.057  -92.389  18.388 0.046512
112251  25.324  -92.596  17.844 0.046512
112252  25.494  -92.767  17.314 0.069767
112253  25.552  -92.752  16.708 0.069767
112254  25.103  -93.225  16.857 0.069767
112255  24.682  -93.611  16.307 0.046512
112256  24.243  -93.898  15.744 0.046512
112258  19.097  -93.734  18.110 0.023256
112262  19.790  -96.510  15.634 0.023256
112264  20.504  -96.279  15.408 0.023256
112265  21.181  -95.916  14.977 0.046512
112266  21.771  -95.401  14.562 0.023256
112267  22.329  -94.940  14.381 0.023256
112268  21.968  -95.377  13.718 0.046512
112269  22.226  -95.364  12.927 0.046512
112270  22.604  -95.430  12.235 0.046512
112271  23.044  -95.532  11.753 0.046512
112272  22.327  -96.001  11.870 0.069767
112273  22.107  -96.544  11.656 0.069767
112274  21.877  -97.007  11.483 0.069767
112275  18.944  -98.760  12.240 0.046512
112276  19.806  -98.548  11.833 0.046512
112277  19.420  -98.811  11.557 0.046512
112278  19.886  -98.745  10.785 0.046512
112279  20.303  -98.703  10.038 0.046512
112280  20.761  -98.619  9.401 0.046512
112281  19.966  -98.922  9.625 0.046512
112282  19.614  -99.119  9.247 0.046512
112612  27.249  -85.589  5.140 0.023256
112621  27.683  -88.673  10.625 0.023256
112622  27.366  -88.354  10.084 0.023256
112623  27.253  -89.034  10.204 0.023256
112624  27.027  -89.453  9.659 0.023256
112625  26.913  -89.850  9.106 0.023256
112626  27.414  -92.237  8.359 0.046512
112627  27.264  -91.667  8.258 0.046512
112628  27.321  -91.904  7.748 0.046512
112629  27.162  -91.509  7.182 0.046512
112630  27.043  -91.121  6.603 0.023256
112631  26.948  -90.744  6.044 0.023256
112632  27.096  -91.377  6.134 0.023256
112633  27.053  -91.720  5.601 0.023256
112634  26.934  -92.096  5.063 0.023256
112636  26.893  -92.857  5.082 0.023256
112637  26.783  -93.535  5.185 0.046512
112638  26.624  -94.156  5.330 0.046512
112639  26.279  -95.938  8.062 0.046512
112640  26.376  -95.777  7.204 0.046512
112641  25.857  -96.216  7.510 0.046512
112642  25.330  -96.404  6.975 0.046512
112643  24.712  -96.496  6.482 0.046512
112644  24.148  -96.533  6.091 0.046512
112645  24.171  -96.778  6.886 0.046512
112646  23.562  -97.074  7.262 0.046512
112647  22.955  -97.402  7.613 0.046512
117770  25.847  -72.041  27.082 0.023256
117771  25.852  -72.416  26.313 0.023256
117772  25.958  -72.790  25.547 0.023256
117773  26.142  -72.991  24.853 0.023256
117774  25.849  -73.789  25.246 0.023256
117775  25.757  -74.791  24.987 0.023256
117776  25.726  -75.804  24.789 0.023256
117777  25.220  -76.569  25.769 0.023256
117778  25.418  -76.707  25.160 0.023256
117779  25.758  -76.821  24.539 0.023256
117780  25.898  -77.771  24.279 0.116279
117781  26.068  -78.831  24.043 0.116279
117782  26.097  -79.816  23.818 0.162791
117783  12.862  -87.171  23.898 0.232558
117784  13.222  -87.109  23.243 0.325581
117785  13.042  -87.657  23.125 0.186047
117786  13.216  -88.136  22.377 0.186047
117787  13.421  -88.523  21.612 0.162791
117788  12.866  -89.294  22.243 0.023256
117789  13.253  -89.123  21.625 0.069767
117790  13.677  -88.980  20.977 0.139535
117791  13.985  -89.508  20.469 0.093023
117792  14.166  -90.110  19.952 0.069767
117793  14.367  -90.717  19.443 0.023256
117794  14.565  -91.322  19.009 0.023256
117877  32.114  -83.014  13.806 0.023256
117878  32.378  -83.735  13.800 0.023256
117879  31.664  -83.589  13.623 0.023256
117880  31.233  -84.109  13.543 0.023256
117881  30.868  -84.668  13.604 0.023256
117882  29.922  -84.292  13.569 0.023256
117883  30.339  -84.824  13.642 0.023256
117884  30.761  -85.346  13.709 0.023256
117885  30.699  -85.982  13.856 0.023256
117888  30.531  -88.063  13.948 0.023256
117889  30.125  -87.593  14.173 0.023256
117890  29.678  -87.841  14.439 0.023256
117891  29.280  -88.058  14.724 0.023256
117892  28.734  -86.803  14.465 0.023256
117893  28.797  -87.517  14.709 0.023256
117894  28.843  -88.262  14.862 0.023256
117895  28.413  -88.513  15.099 0.046512
117896  28.004  -88.799  15.432 0.046512
117897  27.614  -89.058  15.864 0.046512
120292  23.531  -83.872  33.110 0.023256
120293  23.607  -84.458  32.437 0.023256
120294  23.398  -84.647  32.976 0.023256
120295  23.083  -85.304  32.851 0.023256
120300  21.096  -86.373  32.384 0.046512
120301  20.233  -86.555  32.263 0.046512
120302  19.363  -86.706  32.135 0.116279
120307  12.780  -87.082  34.240 0.093023
120308  11.627  -86.644  34.882 0.023256
120309  12.141  -86.911  34.169 0.116279
120310  12.643  -87.115  33.469 0.139535
120311  12.529  -87.102  32.721 0.209302
120312  12.449  -87.099  31.948 0.255814
120313  12.478  -86.911  31.244 0.279070
120314  12.502  -86.722  30.538 0.279070
120315  11.792  -86.678  31.202 0.186047
120316  11.186  -86.502  31.084 0.139535
120317  10.569  -86.458  30.854 0.069767
120318  9.997  -86.285  32.226 0.069767
120319  9.977  -86.393  31.335 0.069767
120320  9.958  -86.496  30.451 0.069767
120321  9.468  -86.708  29.920 0.046512
120322  9.020  -86.987  29.400 0.023256
120397  35.880  -78.580  22.429 0.023256
120398  35.933  -79.443  22.437 0.023256
120399  35.711  -78.830  21.900 0.023256
120400  35.502  -79.087  21.353 0.023256
120401  35.323  -79.324  20.820 0.023256
120402  34.985  -78.040  20.109 0.023256
120403  35.087  -78.818  20.189 0.023256
120404  35.231  -79.622  20.218 0.023256
125804  17.266  -99.178  11.806 0.046512
125805  17.066  -99.506  11.290 0.046512
125806  16.561  -99.258  11.816 0.023256
126286  31.614  -70.130  19.951 0.023256
126287  31.324  -70.644  19.424 0.023256
126288  27.510  -74.525  19.865 0.302326
126289  27.864  -73.886  19.484 0.232558
126290  27.532  -74.745  19.260 0.302326
126291  27.444  -74.974  18.668 0.302326
126292  27.349  -75.216  18.077 0.348837
126293  26.392  -76.625  18.209 0.372093
126294  26.846  -76.014  17.831 0.372093
126295  27.311  -75.485  17.507 0.395349
126296  27.317  -75.702  17.002 0.395349
126297  27.436  -75.904  16.544 0.465116
126298  27.601  -76.140  16.051 0.441860
126299  27.828  -76.377  15.616 0.465116
126300  27.070  -76.834  15.864 0.511628
126301  26.595  -77.554  15.647 0.441860
126302  26.106  -78.322  15.506 0.465116
126303  25.306  -78.654  16.231 0.558140
126304  25.431  -78.860  15.803 0.534884
126305  25.617  -79.114  15.400 0.534884
126306  25.202  -79.845  15.419 0.511628
126307  24.791  -80.599  15.478 0.558140
126308  24.497  -81.346  15.545 0.558140
126309  22.955  -85.945  26.816 0.348837
126310  23.550  -85.594  26.207 0.325581
126311  22.670  -85.771  26.160 0.418605
126312  22.302  -85.464  25.662 0.511628
126313  21.864  -85.186  25.139 0.511628
126314  20.461  -85.639  25.525 0.534884
126315  20.960  -85.310  25.088 0.558140
126316  21.442  -84.948  24.620 0.534884
126317  21.082  -84.758  24.024 0.558140
126318  20.703  -84.595  23.416 0.581395
126319  20.363  -84.490  22.731 0.651163
126320  17.589  -87.573  19.392 0.674419
126321  17.879  -87.177  19.760 0.697674
126322  18.170  -87.595  19.304 0.674419
126323  18.680  -87.582  19.278 0.697674
126324  19.045  -87.555  19.085 0.697674
126325  19.238  -88.586  18.674 0.604651
126326  19.379  -88.025  18.730 0.604651
126327  19.455  -87.440  18.762 0.627907
126328  19.885  -87.259  18.499 0.581395
126329  20.341  -86.987  18.291 0.604651
126330  20.781  -86.622  18.065 0.581395
126331  21.212  -86.191  17.775 0.604651
126332  21.271  -86.953  17.925 0.558140
126333  21.778  -87.286  17.884 0.534884
126334  22.236  -87.592  17.930 0.488372
126335  21.827  -88.780  18.225 0.465116
126336  22.311  -88.397  18.172 0.488372
126337  22.727  -87.925  18.062 0.465116
126338  23.272  -88.179  18.139 0.441860
126339  23.781  -88.438  18.238 0.395349
126340  24.294  -88.671  18.289 0.372093
126341  24.803  -88.863  18.342 0.279070
126342  24.408  -89.494  18.628 0.302326
126343  24.439  -90.262  18.880 0.232558
126344  24.472  -91.019  19.120 0.186047
126345  23.369  -91.239  19.154 0.209302
126346  23.888  -91.497  19.206 0.162791
126347  24.309  -91.800  19.049 0.093023
126348  24.081  -92.536  18.951 0.046512
126349  23.812  -93.233  18.722 0.023256
126350  23.455  -93.786  18.278 0.023256
126351  17.404  -94.278  15.237 0.023256
126353  17.829  -94.858  15.299 0.023256
126354  18.224  -95.406  15.427 0.023256
126355  18.547  -95.974  15.519 0.023256
126356  17.715  -95.816  14.386 0.023256
126357  18.292  -96.216  15.017 0.023256
126358  18.948  -96.506  15.474 0.023256
126359  19.456  -96.869  15.220 0.023256
126360  19.958  -97.137  14.790 0.023256
126361  20.302  -97.255  14.094 0.046512
126362  20.619  -97.343  13.330 0.069767
126363  19.940  -97.715  13.870 0.046512
126364  19.450  -98.031  13.521 0.046512
126365  18.969  -98.306  13.212 0.046512
126366  17.682  -97.841  13.569 0.046512
126367  18.087  -98.244  13.327 0.046512
126368  18.505  -98.563  12.868 0.046512
126369  18.087  -98.773  12.534 0.046512
126370  17.681  -98.986  12.194 0.046512
126625  28.538  -83.060  5.048 0.023256
126626  28.027  -83.791  5.244 0.023256
126627  27.578  -84.504  5.433 0.023256
126628  27.421  -84.555  6.728 0.023256
126629  27.243  -84.912  6.195 0.023256
126630  27.213  -85.218  5.618 0.023256
126631  26.940  -85.929  5.832 0.023256
126632  26.698  -86.664  6.075 0.023256
126633  26.568  -87.376  6.306 0.023256
126634  27.125  -91.048  11.021 0.046512
126635  27.132  -90.939  10.341 0.046512
126636  27.040  -91.486  10.510 0.046512
126637  27.153  -91.951  9.979 0.046512
126638  27.272  -92.298  9.559 0.046512
126639  26.866  -92.768  10.554 0.046512
126640  27.211  -92.784  9.843 0.046512
126641  27.415  -92.620  9.107 0.046512
126642  27.518  -92.865  8.575 0.046512
126643  27.604  -93.178  8.082 0.046512
126644  27.585  -93.475  7.570 0.046512
126645  27.493  -93.786  7.018 0.046512
126646  27.555  -94.089  7.760 0.046512
126647  27.348  -94.668  8.053 0.046512
126648  26.988  -95.164  8.352 0.046512
126649  26.668  -94.866  9.780 0.046512
126650  26.634  -95.267  9.206 0.046512
126651  26.523  -95.611  8.628 0.046512
126652  25.986  -95.985  8.873 0.046512
126653  25.255  -96.343  9.174 0.046512
126654  24.529  -96.671  9.465 0.046512
130064  8.800  -85.130  35.952 0.023256
130065  7.985  -85.058  35.389 0.023256
130302  36.251  -78.904  23.484 0.023256
130312  35.765  -77.713  22.379 0.023256
130313  35.461  -77.164  21.783 0.023256
130314  35.167  -76.679  21.154 0.023256
130317  34.830  -76.232  20.513 0.023256
130318  34.464  -75.819  19.898 0.023256
130319  34.093  -75.479  19.324 0.023256
130320  33.726  -75.145  18.838 0.023256
135617  27.291  -67.426  25.681 0.023256
135618  27.533  -66.921  25.393 0.023256
135622  28.611  -67.980  22.877 0.023256
135623  28.925  -68.393  22.226 0.023256
135624  28.504  -68.683  22.453 0.023256
135625  28.411  -69.427  22.089 0.023256
135626  28.306  -70.230  21.766 0.023256
135627  27.678  -70.428  22.665 0.023256
135628  27.928  -70.740  22.040 0.023256
135629  28.175  -71.022  21.424 0.023256
135630  28.045  -71.773  21.136 0.046512
135631  27.890  -72.557  20.882 0.093023
135632  27.708  -73.413  20.662 0.162791
135633  26.319  -73.192  24.197 0.023256
135634  26.527  -73.396  23.564 0.023256
135635  26.810  -73.580  22.921 0.023256
135636  26.575  -75.338  23.067 0.069767
135637  26.828  -74.549  22.651 0.069767
135638  27.066  -73.758  22.260 0.023256
135639  27.260  -73.939  21.680 0.093023
135640  27.389  -74.100  21.080 0.162791
135641  27.504  -74.322  20.480 0.209302
135642  27.233  -75.255  20.251 0.279070
135643  26.870  -76.229  19.970 0.302326
135644  26.315  -77.143  19.703 0.348837
135645  26.297  -77.822  20.686 0.302326
135646  25.997  -77.900  20.092 0.372093
135647  25.743  -78.019  19.496 0.395349
135648  25.187  -78.801  19.356 0.488372
135649  24.645  -79.510  19.206 0.558140
135650  24.076  -80.134  19.029 0.604651
135651  17.091  -86.867  25.663 0.581395
135652  17.663  -86.820  25.067 0.581395
135653  17.036  -86.645  24.919 0.627907
135654  16.907  -86.469  24.107 0.627907
135655  16.764  -86.360  23.332 0.627907
135656  15.731  -86.073  23.803 0.651163
135657  16.197  -86.211  23.071 0.627907
135658  16.692  -86.374  22.523 0.627907
135659  16.616  -86.448  21.754 0.674419
135660  16.627  -86.693  20.916 0.674419
135661  16.792  -87.087  20.176 0.651163
135662  13.638  -87.032  22.565 0.325581
135663  14.099  -87.010  21.874 0.441860
135664  14.600  -87.068  21.200 0.511628
135665  14.455  -87.971  20.316 0.348837
135666  14.764  -87.564  20.435 0.465116
135667  15.160  -87.150  20.605 0.534884
135668  15.772  -87.329  20.082 0.534884
135669  16.396  -87.408  19.748 0.581395
135670  17.000  -87.505  19.540 0.604651
135671  17.291  -87.891  18.992 0.627907
135672  17.584  -88.364  18.644 0.581395
135673  17.908  -88.908  18.408 0.488372
135674  16.968  -89.345  18.290 0.418605
135675  17.578  -89.389  18.247 0.395349
135676  18.200  -89.473  18.287 0.441860
135677  18.575  -90.003  18.212 0.372093
135678  18.956  -90.571  18.224 0.255814
135679  19.371  -91.140  18.337 0.209302
135680  19.801  -91.679  18.565 0.139535
135681  18.972  -91.722  18.346 0.162791
135682  18.647  -92.226  18.274 0.116279
135683  18.329  -92.681  18.089 0.046512
135684  17.269  -92.087  17.757 0.046512
135685  17.618  -92.611  17.714 0.023256
135686  18.030  -93.136  17.627 0.023256
135687  17.711  -93.480  17.096 0.023256
135699  16.778  -93.786  14.766 0.023256
135700  16.572  -93.804  14.239 0.023256
135701  16.296  -93.909  13.631 0.023256
135704  15.949  -94.025  13.021 0.023256
135705  15.468  -94.264  12.504 0.023256
135918  32.642  -84.384  13.825 0.023256
135919  32.934  -84.963  13.765 0.023256
135920  33.215  -85.427  13.594 0.023256
135921  32.306  -85.834  13.489 0.023256
135929  31.212  -85.402  11.131 0.023256
135930  31.375  -86.450  11.859 0.023256
135931  30.988  -85.964  11.405 0.023256
135932  30.644  -85.477  10.913 0.023256
135933  30.057  -85.600  10.684 0.023256
135934  29.462  -85.720  10.441 0.023256
135935  28.840  -85.916  10.236 0.023256
135936  28.246  -86.149  9.938 0.023256
135937  28.614  -86.541  10.500 0.023256
135938  28.471  -87.189  10.713 0.023256
135939  28.344  -87.828  10.877 0.023256
135940  29.447  -88.017  11.669 0.023256
135941  28.862  -88.183  11.370 0.023256
135942  28.205  -88.394  11.033 0.023256
135943  28.068  -88.973  11.162 0.023256
135944  27.911  -89.604  11.302 0.023256
135945  27.687  -90.217  11.421 0.023256
135946  30.269  -88.688  13.723 0.023256
135947  29.970  -89.239  13.448 0.023256
135948  29.510  -89.635  13.120 0.023256
135949  29.148  -89.897  13.992 0.046512
135950  29.111  -89.977  13.395 0.023256
135951  28.978  -89.910  12.787 0.023256
135952  28.365  -90.162  12.429 0.023256
135953  27.819  -90.452  12.035 0.023256
135954  27.374  -90.757  11.541 0.023256
135955  27.099  -91.169  11.744 0.046512
135956  26.851  -91.516  11.931 0.046512
135957  26.615  -91.847  12.116 0.046512
135958  26.912  -91.612  13.336 0.023256
135959  26.555  -91.879  12.803 0.023256
135960  26.340  -92.188  12.319 0.023256
135961  26.034  -92.493  12.519 0.023256
135962  25.698  -92.785  12.741 0.023256
135963  25.320  -93.075  12.945 0.046512
141913  7.321  -84.954  34.729 0.023256
142292  24.119  -79.129  32.458 0.023256
142293  24.146  -78.531  31.944 0.023256
142295  24.152  -78.504  30.532 0.023256
142296  24.172  -79.047  29.664 0.023256
142297  24.263  -79.439  28.886 0.023256
142298  24.451  -79.736  28.286 0.023256
142299  24.363  -80.607  28.711 0.023256
142300  24.527  -81.665  28.525 0.046512
142301  24.772  -82.663  28.384 0.069767
142302  24.394  -83.148  29.575 0.023256
142303  24.707  -83.395  28.917 0.046512
142304  24.955  -83.650  28.226 0.093023
142305  24.975  -84.584  28.008 0.139535
142306  24.624  -85.308  27.738 0.162791
142307  24.036  -85.846  27.584 0.232558
142308  23.685  -85.026  31.826 0.023256
142309  23.718  -85.459  31.158 0.023256
142310  23.700  -85.830  30.468 0.069767
142311  22.672  -86.524  30.844 0.093023
142312  23.182  -86.400  30.316 0.069767
142313  23.697  -86.190  29.745 0.093023
142314  23.561  -86.220  28.995 0.162791
142315  23.446  -86.247  28.252 0.186047
142316  23.230  -86.120  27.503 0.279070
142317  22.350  -86.201  27.463 0.325581
142318  21.460  -86.181  27.388 0.395349
142319  20.518  -86.164  27.322 0.488372
142320  20.141  -86.506  28.480 0.395349
142321  19.809  -86.324  27.769 0.372093
142322  19.551  -86.197  27.128 0.441860
142323  18.731  -86.376  26.891 0.511628
142324  18.142  -86.674  26.746 0.534884
142325  17.632  -87.002  26.610 0.581395
142332  19.152  -86.418  33.471 0.023256
142333  18.787  -86.653  32.720 0.069767
142334  18.454  -86.854  32.020 0.116279
142337  15.743  -87.126  33.849 0.046512
142338  14.642  -87.287  33.034 0.116279
142339  15.388  -87.200  33.114 0.069767
142340  16.311  -87.073  33.134 0.093023
142341  16.921  -87.020  32.500 0.139535
142342  17.541  -87.006  31.905 0.139535
142343  18.134  -87.028  31.334 0.162791
142344  17.771  -87.110  30.672 0.186047
142345  17.468  -87.175  29.949 0.325581
142346  17.233  -87.121  29.244 0.372093
142347  16.011  -87.365  29.609 0.395349
142348  16.567  -87.335  29.124 0.395349
142349  17.096  -87.110  28.531 0.418605
142350  17.041  -87.131  27.819 0.534884
142351  17.052  -87.181  27.137 0.558140
142352  17.075  -87.017  26.391 0.604651
142353  16.541  -86.916  26.270 0.604651
142354  16.038  -86.667  26.191 0.581395
142355  15.535  -86.366  26.092 0.488372
142356  15.087  -86.525  27.432 0.558140
142357  15.076  -86.307  26.699 0.488372
142358  14.990  -86.056  25.990 0.488372
142359  14.380  -85.936  25.756 0.441860
142360  13.741  -85.964  25.468 0.441860
142361  13.179  -86.213  25.112 0.348837
142362  12.487  -86.512  29.879 0.302326
142363  12.466  -86.269  29.131 0.302326
142364  12.451  -86.006  28.356 0.279070
142365  11.141  -86.327  28.461 0.209302
142366  11.779  -86.146  27.948 0.232558
142367  12.456  -85.994  27.433 0.255814
142368  12.492  -86.049  26.555 0.232558
142369  12.578  -86.303  25.622 0.255814
142370  12.732  -86.703  24.764 0.232558
142371  12.462  -87.352  24.487 0.116279
142372  12.290  -87.959  24.282 0.116279
142373  12.151  -88.591  24.093 0.023256
142374  11.313  -88.414  25.335 0.023256
142576  37.177  -81.822  24.247 0.023256
142582  35.977  -80.321  22.458 0.023256
142583  36.094  -81.027  22.411 0.023256
142584  36.267  -81.662  22.292 0.023256
142585  35.893  -81.424  21.271 0.023256
142586  36.170  -81.877  21.738 0.023256
142587  36.519  -82.249  22.086 0.023256
142617  32.574  -82.624  13.942 0.023256
142618  31.857  -82.482  13.715 0.023256
142619  31.076  -82.441  13.529 0.023256
142620  30.287  -82.513  13.509 0.046512
142621  30.480  -81.371  13.621 0.046512
142622  29.989  -81.978  13.533 0.069767
142623  29.543  -82.599  13.518 0.069767
142624  28.860  -82.729  13.585 0.116279
142625  28.266  -82.898  13.726 0.139535
142626  27.731  -83.147  13.920 0.116279
156555  18.964  -99.478  7.514 0.023256
156556  18.764  -99.481  6.788 0.023256
156559  17.207  -100.090  6.157 0.023256
156560  16.568  -100.422  6.149 0.023256
156561  16.902  -99.838  10.724 0.023256
156562  16.755  -100.112  10.103 0.023256
156563  16.580  -100.313  9.381 0.023256
156565  15.904  -100.557  9.457 0.023256
156566  16.433  -100.422  8.609 0.023256
156567  16.261  -100.492  7.836 0.023256
156568  16.080  -100.514  6.992 0.023256
157790  33.664  -74.193  19.335 0.023256
157791  33.490  -74.525  18.791 0.023256
157792  33.270  -74.902  18.283 0.046512
157793  29.270  -68.783  21.656 0.023256
157794  29.637  -69.113  21.169 0.023256
157795  29.953  -69.492  20.654 0.023256
157796  29.205  -70.463  20.420 0.023256
157797  29.743  -70.175  20.231 0.023256
157798  30.269  -69.911  20.168 0.023256
157799  30.522  -70.298  19.728 0.023256
157800  30.783  -70.733  19.323 0.046512
157801  31.039  -71.197  18.908 0.069767
157802  28.249  -73.326  19.124 0.255814
157803  28.664  -72.819  18.823 0.209302
157804  29.144  -72.390  18.630 0.186047
157805  28.864  -73.458  17.780 0.279070
157806  29.323  -72.760  18.098 0.209302
157807  29.653  -72.148  18.487 0.186047
157808  30.197  -71.893  18.452 0.162791
157809  30.746  -71.726  18.476 0.093023
157810  31.286  -71.673  18.564 0.093023
157811  31.513  -72.150  18.288 0.046512
157812  31.777  -72.649  18.036 0.046512
157813  32.040  -73.162  17.873 0.046512
157814  31.077  -73.657  17.069 0.139535
157815  31.716  -73.632  17.344 0.046512
157816  32.286  -73.651  17.785 0.046512
157817  32.516  -74.181  17.737 0.046512
157818  32.740  -74.714  17.724 0.046512
157819  32.947  -75.293  17.736 0.046512
157820  32.629  -75.719  17.199 0.069767
157821  32.324  -76.098  16.720 0.046512
157822  32.049  -76.440  16.262 0.069767
157823  31.047  -75.945  15.789 0.069767
157824  31.382  -76.388  15.776 0.069767
157825  31.756  -76.830  15.801 0.046512
157826  31.349  -77.245  15.363 0.046512
157828  30.472  -78.278  14.656 0.023256
157829  28.074  -76.674  15.272 0.372093
157830  28.365  -76.972  14.951 0.302326
157831  28.653  -77.334  14.750 0.232558
157832  27.401  -78.391  14.689 0.348837
157833  28.159  -78.014  14.569 0.255814
157834  28.980  -77.701  14.609 0.209302
157835  29.307  -78.076  14.532 0.139535
157836  29.630  -78.445  14.478 0.093023
157837  29.978  -78.834  14.371 0.093023
157838  29.520  -79.426  14.114 0.116279
157839  29.057  -80.014  13.971 0.162791
157840  28.601  -80.617  13.876 0.139535
157841  27.556  -80.685  14.264 0.232558
157842  27.866  -80.979  14.099 0.186047
157843  28.183  -81.318  13.946 0.186047
157844  27.789  -82.047  13.997 0.162791
157845  27.408  -82.814  14.078 0.139535
157846  27.186  -83.601  14.093 0.186047
157847  24.648  -79.963  27.636 0.023256
157848  24.931  -80.190  26.937 0.046512
157849  25.241  -80.330  26.256 0.093023
157850  25.412  -82.176  26.545 0.093023
157851  25.473  -81.250  26.075 0.093023
157852  25.567  -80.456  25.585 0.116279
157853  25.795  -80.626  24.908 0.139535
157854  25.942  -80.702  24.249 0.162791
157855  25.874  -80.795  23.493 0.209302
157856  24.077  -85.140  25.651 0.232558
157857  24.480  -84.590  25.116 0.302326
157858  24.822  -83.925  24.612 0.279070
157859  23.711  -84.103  24.006 0.372093
157860  24.447  -83.805  24.003 0.302326
157861  25.073  -83.229  24.147 0.279070
157862  25.326  -82.454  23.691 0.279070
157863  25.509  -81.665  23.239 0.209302
157864  25.686  -80.864  22.792 0.302326
157865  25.446  -80.901  22.140 0.395349
157866  25.070  -80.857  21.616 0.395349
157867  24.648  -80.853  21.085 0.418605
157868  23.754  -81.994  21.489 0.558140
157869  24.050  -81.434  21.012 0.558140
157870  24.232  -80.799  20.537 0.534884
157871  23.936  -80.775  19.996 0.581395
157872  23.671  -80.778  19.429 0.627907
157873  23.496  -80.816  18.870 0.627907
157874  18.176  -86.728  24.574 0.627907
157875  18.598  -86.498  24.156 0.627907
157876  18.822  -86.149  23.754 0.674419
157877  18.203  -86.223  22.861 0.697674
157878  18.634  -86.030  23.078 0.697674
157879  19.032  -85.734  23.293 0.720930
157880  19.318  -85.285  22.830 0.697674
157881  19.661  -84.836  22.435 0.697674
157882  20.004  -84.435  22.064 0.674419
157883  18.078  -86.715  20.071 0.697674
157884  18.231  -86.250  20.344 0.744186
157885  18.416  -85.808  20.573 0.720930
157886  18.939  -85.956  19.643 0.697674
157887  18.787  -85.619  20.182 0.720930
157888  18.711  -85.324  20.780 0.744186
157889  19.180  -84.896  21.052 0.744186
157890  19.735  -84.460  21.347 0.720930
157891  20.409  -84.001  21.638 0.697674
157892  20.844  -83.609  21.154 0.697674
157893  21.286  -83.198  20.684 0.720930
157894  21.725  -82.785  20.209 0.720930
157895  20.910  -83.407  19.422 0.744186
157896  21.521  -82.888  19.581 0.767442
157897  22.175  -82.373  19.686 0.697674
157898  22.576  -81.915  19.189 0.697674
157899  22.936  -81.457  18.727 0.674419
157900  23.370  -80.900  18.338 0.627907
157901  23.272  -81.053  17.789 0.651163
157902  23.276  -81.200  17.314 0.674419
157903  23.325  -81.365  16.890 0.674419
157904  22.568  -82.725  17.134 0.651163
157905  23.027  -82.136  16.779 0.651163
157906  23.500  -81.533  16.471 0.651163
157907  23.706  -81.776  16.161 0.581395
157908  23.983  -82.002  15.875 0.581395
157909  24.277  -82.223  15.638 0.604651
157910  21.714  -85.720  17.488 0.581395
157911  22.307  -85.289  17.128 0.581395
157912  22.819  -84.838  16.759 0.581395
157913  23.142  -85.791  17.004 0.581395
157914  23.193  -85.091  16.665 0.558140
157915  23.264  -84.340  16.357 0.581395
157916  23.693  -83.779  15.985 0.604651
157917  24.129  -83.160  15.698 0.581395
157918  24.516  -82.477  15.487 0.581395
157919  24.899  -82.742  15.247 0.511628
157920  25.271  -82.974  15.036 0.511628
157921  25.694  -83.287  14.832 0.395349
157922  25.110  -84.695  15.343 0.418605
157923  25.564  -84.171  14.980 0.325581
157924  26.060  -83.588  14.610 0.279070
157925  26.392  -83.900  14.408 0.255814
157926  26.691  -84.153  14.285 0.186047
157927  27.009  -84.391  14.159 0.139535
157928  26.869  -85.151  14.374 0.093023
157929  26.791  -85.819  14.624 0.069767
157930  26.733  -86.463  14.888 0.069767
157931  26.061  -86.684  15.564 0.139535
157932  26.399  -86.898  15.429 0.069767
157933  26.900  -87.171  15.302 0.069767
157934  27.059  -87.914  15.711 0.069767
157935  27.176  -88.753  16.114 0.046512
157936  27.246  -89.600  16.332 0.069767
157937  25.294  -89.056  18.258 0.232558
157938  25.714  -89.251  18.094 0.186047
157939  26.026  -89.552  17.851 0.116279
157940  25.701  -91.050  18.299 0.069767
157941  26.063  -90.471  17.992 0.093023
157942  26.311  -89.800  17.566 0.069767
157943  26.663  -90.040  17.198 0.069767
157944  26.961  -90.245  16.761 0.069767
157945  27.302  -90.447  16.326 0.046512
157946  27.104  -91.207  16.057 0.046512
157947  26.777  -91.845  15.658 0.046512
157948  26.313  -92.251  15.150 0.069767
157949  25.637  -92.715  16.063 0.069767
157950  25.706  -92.653  15.298 0.046512
157951  25.822  -92.590  14.617 0.046512
157952  25.394  -92.815  14.119 0.046512
157953  25.079  -93.116  13.540 0.046512
157954  24.863  -93.433  12.921 0.046512
157955  20.231  -92.161  18.685 0.093023
157956  20.672  -92.568  18.750 0.069767
157957  21.169  -92.944  18.805 0.046512
157958  19.922  -93.726  18.401 0.046512
157959  20.794  -93.503  18.539 0.046512
157960  21.694  -93.295  18.827 0.046512
157961  22.244  -93.656  18.622 0.023256
157962  22.684  -93.996  18.213 0.023256
157963  23.107  -94.283  17.795 0.023256
157970  21.880  -94.832  17.089 0.023256
157971  22.659  -94.575  17.152 0.023256
157972  23.350  -94.335  17.180 0.023256
157973  23.548  -94.345  16.516 0.046512
157974  23.703  -94.225  15.798 0.046512
157975  23.837  -94.100  15.096 0.046512
157976  22.903  -94.580  14.317 0.023256
157977  23.461  -94.264  14.307 0.046512
157978  23.966  -93.934  14.337 0.046512
157979  24.168  -93.867  13.623 0.046512
157980  24.410  -93.805  12.939 0.046512
157981  24.789  -93.855  12.426 0.046512
157982  24.774  -94.314  11.933 0.046512
157983  24.753  -94.845  11.519 0.069767
157984  24.642  -95.382  11.072 0.046512
157985  23.607  -95.641  11.363 0.069767
157986  24.042  -95.798  11.023 0.046512
157987  24.493  -95.890  10.678 0.046512
157988  24.279  -96.350  10.334 0.046512
157989  24.018  -96.791  10.023 0.046512
157990  23.698  -97.060  9.619 0.046512
157991  20.874  -97.377  12.593 0.069767
157992  21.211  -97.402  11.928 0.069767
157993  21.605  -97.480  11.272 0.046512
157994  20.543  -98.218  11.358 0.046512
157995  21.255  -97.879  11.063 0.046512
157996  22.014  -97.470  10.759 0.046512
157997  22.445  -97.487  10.322 0.046512
157998  22.875  -97.420  9.791 0.046512
157999  23.355  -97.282  9.214 0.046512
158000  22.999  -97.484  8.724 0.046512
158001  22.593  -97.691  8.257 0.046512
158002  22.237  -97.864  7.753 0.046512
158003  21.191  -98.481  8.727 0.046512
158004  21.615  -98.318  7.941 0.023256
158005  21.941  -98.071  7.248 0.023256
158006  21.655  -98.310  6.761 0.023256
158686  27.674  -86.401  9.533 0.023256
158687  27.211  -86.677  9.112 0.023256
158688  26.900  -87.004  8.641 0.023256
158689  27.073  -88.033  9.534 0.023256
158690  26.856  -87.690  8.824 0.023256
158691  26.634  -87.300  8.149 0.023256
158692  26.479  -87.587  7.634 0.023256
158693  26.484  -87.855  7.071 0.023256
158694  26.534  -88.093  6.522 0.023256
158695  27.076  -90.766  9.744 0.023256
158696  27.002  -90.524  9.142 0.023256
158697  26.861  -90.245  8.544 0.046512
158698  27.125  -91.119  8.115 0.046512
158699  26.940  -90.493  8.017 0.046512
158700  26.759  -89.820  7.965 0.023256
158701  26.666  -89.324  7.355 0.023256
158702  26.589  -88.817  6.682 0.023256
158705  26.830  -89.155  5.201 0.023256
158707  26.913  -90.403  5.476 0.023256
158708  26.910  -90.211  4.869 0.023256
158722  27.275  -94.105  6.467 0.046512
158723  26.864  -94.417  5.964 0.046512
158724  26.426  -94.721  5.498 0.046512
158725  26.355  -95.572  6.393 0.046512
158726  26.202  -95.285  5.708 0.046512
158727  25.980  -94.968  5.066 0.046512
158728  25.613  -95.146  4.691 0.023256
158734  23.647  -96.556  5.723 0.023256
158735  23.136  -96.665  5.275 0.023256

