#!ascii label, from subject fsaverage, vox2ras=TkReg
1669
56  40.986  39.800  -4.868 0.511628
176  38.078  42.922  8.999 0.046512
258  51.835  32.833  -1.332 0.069767
259  49.264  32.803  -8.704 0.046512
389  39.337  48.923  2.386 0.116279
390  42.152  37.182  2.438 0.232558
738  51.297  28.518  1.345 0.023256
887  38.496  51.882  5.895 0.023256
888  36.229  37.547  8.732 0.023256
889  38.374  39.931  5.150 0.255814
890  40.679  35.303  6.135 0.139535
891  46.926  34.774  5.244 0.139535
1133  40.709  46.303  -5.200 0.093023
1135  44.016  43.211  -9.252 0.186047
1137  47.402  32.289  -12.329 0.023256
1468  39.320  49.615  9.700 0.023256
1470  37.290  40.297  12.773 0.023256
1616  47.582  37.409  -2.626 0.511628
1617  45.958  35.978  -7.301 0.418605
1866  39.632  50.447  -1.915 0.023256
1867  38.619  44.203  -1.234 0.209302
1868  40.112  45.957  5.681 0.116279
1869  39.954  42.357  2.354 0.325581
1870  42.287  39.330  -0.692 0.395349
1871  47.408  35.297  0.739 0.372093
1872  51.982  31.695  2.505 0.093023
2194  46.740  38.360  -12.350 0.116279
2808  37.078  34.854  8.940 0.023256
2809  38.001  36.257  7.025 0.069767
2810  40.051  34.296  7.724 0.023256
2811  43.141  33.843  7.299 0.046512
3053  40.676  43.288  -5.046 0.255814
3054  42.346  44.758  -7.271 0.162791
3055  42.215  41.585  -7.302 0.418605
3409  38.356  41.687  14.846 0.023256
3653  50.561  35.519  -1.929 0.209302
3654  50.189  35.314  -4.189 0.209302
4098  38.891  51.851  1.925 0.023256
4100  39.492  50.205  0.235 0.046512
4101  39.173  47.581  -1.174 0.069767
4102  38.509  46.771  0.598 0.186047
4104  39.681  47.843  7.787 0.069767
4105  39.139  44.510  7.269 0.093023
4106  39.822  38.419  3.581 0.279070
4107  39.865  40.953  3.999 0.325581
4108  40.835  39.571  2.391 0.372093
4109  40.505  40.688  0.588 0.372093
4110  42.788  38.407  1.198 0.348837
4111  45.023  37.431  0.100 0.372093
4112  44.640  36.174  1.622 0.279070
4113  49.338  32.380  5.156 0.069767
4114  49.886  33.606  4.092 0.186047
4115  51.867  30.934  4.090 0.069767
4116  52.950  29.461  3.241 0.023256
4846  48.456  34.373  -8.149 0.162791
4847  46.298  37.323  -10.268 0.302326
4848  47.924  34.931  -10.794 0.069767
5936  51.914  30.285  -0.313 0.023256
5938  49.062  29.080  0.431 0.023256
6205  39.619  50.843  4.146 0.069767
6206  36.849  40.309  8.620 0.069767
6207  37.817  41.567  6.852 0.139535
6208  37.303  38.795  6.686 0.139535
6209  38.839  37.404  5.042 0.162791
6210  41.385  36.322  4.182 0.186047
6211  44.356  35.831  3.673 0.162791
6212  43.875  34.946  5.742 0.139535
6213  46.243  33.413  6.335 0.069767
6647  40.385  49.505  -5.278 0.046512
6649  42.158  47.820  -7.458 0.069767
6650  43.363  45.927  -10.006 0.046512
6653  48.505  32.805  -11.035 0.023256
7265  37.903  50.181  11.205 0.023256
7270  37.587  41.657  10.718 0.023256
7271  36.154  38.991  10.756 0.023256
7610  43.727  37.909  -3.673 0.534884
7611  43.358  37.719  -6.357 0.511628
7612  46.920  36.407  -5.047 0.488372
7613  49.412  34.745  -6.274 0.232558
8218  39.057  50.964  -3.916 0.023256
8219  39.609  48.305  -3.376 0.046512
8220  39.458  45.215  -3.082 0.139535
8221  39.203  41.949  -3.276 0.348837
8222  39.269  51.266  8.031 0.046512
8223  40.100  49.390  6.149 0.093023
8224  40.257  47.119  4.168 0.139535
8225  39.215  42.711  5.464 0.232558
8226  40.846  44.015  4.160 0.255814
8227  39.332  45.213  2.592 0.232558
8228  38.645  43.168  0.687 0.302326
8229  39.274  41.044  -1.297 0.441860
8230  41.142  39.139  -2.670 0.488372
8231  44.777  38.400  -1.639 0.465116
8232  47.755  36.651  -0.889 0.348837
8233  50.334  34.521  -0.213 0.279070
8234  47.225  35.102  2.995 0.209302
8235  50.119  33.888  1.795 0.255814
8236  52.109  32.130  0.534 0.093023
8237  52.570  29.860  1.446 0.023256
8238  52.334  27.819  2.890 0.023256
9142  44.164  39.368  -9.030 0.465116
9143  45.677  41.125  -11.128 0.302326
9145  47.295  35.055  -12.620 0.023256
9146  45.279  37.765  -13.585 0.023256
10489  38.518  34.516  8.220 0.023256
10733  40.490  41.524  -5.182 0.372093
10734  41.313  42.467  -6.235 0.372093
10735  41.440  40.571  -6.166 0.418605
11333  51.369  34.146  -1.634 0.139535
11334  51.197  34.424  -2.688 0.069767
11335  51.607  33.116  -2.253 0.046512
11778  39.327  50.619  2.192 0.116279
11779  39.298  51.169  1.056 0.046512
11780  39.294  49.727  1.304 0.093023
11781  39.056  48.518  0.410 0.093023
11782  38.859  47.969  1.466 0.116279
11783  38.455  44.366  9.105 0.023256
11784  38.946  45.286  8.412 0.046512
11785  38.566  43.732  8.148 0.093023
11786  40.889  37.715  2.996 0.255814
11787  40.355  39.003  3.002 0.348837
11788  41.390  38.372  2.374 0.372093
11789  41.722  38.964  1.753 0.348837
11790  42.465  37.748  1.781 0.348837
11791  43.544  37.233  1.234 0.325581
11792  43.348  36.719  1.961 0.232558
11793  50.437  31.297  5.323 0.046512
11794  50.693  31.691  4.601 0.069767
11795  51.702  30.726  4.867 0.023256
12526  49.199  33.551  -8.516 0.093023
12527  48.103  34.615  -9.490 0.093023
12528  48.866  33.748  -9.820 0.023256
13733  51.769  29.323  0.494 0.023256
13734  50.848  29.455  -0.158 0.023256
13735  50.237  28.734  0.780 0.023256
14180  37.909  52.170  4.722 0.023256
14181  38.744  52.011  4.012 0.023256
14182  39.287  51.505  5.129 0.023256
14183  36.394  38.958  8.702 0.046512
14184  36.926  39.524  7.645 0.139535
14185  36.812  38.214  7.720 0.093023
14186  39.246  35.699  6.404 0.069767
14187  38.462  36.864  6.014 0.162791
14188  39.618  36.349  5.507 0.162791
14189  40.005  36.770  4.523 0.209302
14190  41.079  35.900  5.206 0.139535
14191  42.560  35.598  4.953 0.162791
14192  42.263  35.039  5.885 0.139535
14194  44.716  33.646  6.903 0.069767
14195  45.831  32.721  6.875 0.023256
14918  40.605  47.895  -5.343 0.069767
14919  41.345  48.551  -6.370 0.069767
14920  41.552  47.068  -6.357 0.069767
14921  43.269  44.133  -8.323 0.209302
14922  43.158  45.504  -8.659 0.116279
14923  43.797  44.627  -9.719 0.116279
14924  43.754  44.832  -11.115 0.046512
14925  44.348  43.638  -10.667 0.116279
15976  36.481  50.376  10.688 0.023256
15986  37.899  40.991  13.842 0.023256
15988  38.268  41.639  12.823 0.023256
15989  38.214  42.217  11.732 0.023256
15990  37.542  41.041  11.730 0.023256
15991  36.855  40.418  10.728 0.023256
16718  45.575  37.545  -3.173 0.488372
16719  45.180  37.144  -4.408 0.534884
16720  47.270  36.858  -3.893 0.511628
16721  50.662  34.049  -4.832 0.023256
16722  49.857  34.884  -5.362 0.279070
16723  50.412  33.845  -5.854 0.046512
16724  50.109  33.774  -6.752 0.093023
18056  39.189  51.689  -1.484 0.023256
18060  39.394  50.618  -2.878 0.023256
18061  39.740  49.788  -3.485 0.046512
18062  39.634  49.349  -2.566 0.023256
18063  38.824  45.911  -1.145 0.162791
18064  39.120  46.284  -2.077 0.116279
18065  38.986  44.719  -2.123 0.162791
18066  39.331  43.659  -3.130 0.232558
18067  38.793  43.046  -2.234 0.279070
18068  38.721  51.070  9.665 0.023256
18070  39.534  50.598  8.950 0.023256
18071  39.888  46.862  6.730 0.093023
18072  40.011  48.741  6.961 0.093023
18073  40.238  47.581  5.913 0.093023
18074  40.353  48.252  5.079 0.093023
18075  40.495  46.527  4.921 0.139535
18076  37.975  40.733  6.008 0.162791
18077  38.464  42.193  6.063 0.162791
18078  38.723  41.288  5.399 0.209302
18079  40.240  41.646  3.235 0.348837
18080  40.337  42.331  4.116 0.255814
18081  40.420  43.209  3.184 0.279070
18082  40.290  44.684  3.251 0.232558
18083  39.740  43.718  2.456 0.279070
18084  38.849  44.193  1.702 0.255814
18085  39.299  42.807  1.539 0.348837
18086  41.247  39.986  -0.126 0.395349
18087  39.817  40.864  -0.336 0.441860
18088  40.516  39.989  -1.105 0.488372
18089  40.070  40.036  -2.075 0.488372
18090  41.585  39.193  -1.678 0.511628
18091  42.862  38.668  -2.175 0.511628
18092  43.486  38.852  -1.184 0.418605
18093  46.126  36.273  0.298 0.372093
18094  46.352  37.017  -0.356 0.372093
18095  47.569  35.883  -0.120 0.395349
18096  49.078  35.539  -0.579 0.348837
18097  48.899  34.950  0.311 0.372093
18098  45.708  35.381  4.485 0.139535
18099  45.806  35.536  3.365 0.162791
18100  47.099  35.146  4.177 0.162791
18101  51.127  32.712  3.293 0.162791
18102  50.041  33.847  2.984 0.186047
18103  51.285  32.922  2.277 0.186047
18104  51.366  33.076  1.176 0.186047
18105  52.078  31.949  1.511 0.069767
18106  52.394  30.987  0.906 0.046512
18107  52.511  30.723  1.850 0.046512
18108  53.029  28.356  3.699 0.023256
18109  52.797  28.504  2.950 0.023256
18110  52.670  27.555  3.642 0.023256
20281  41.014  49.179  -8.642 0.023256
20296  44.605  36.848  -6.887 0.465116
20297  43.562  38.379  -7.764 0.465116
20298  44.649  37.443  -8.355 0.465116
20299  46.762  38.061  -11.367 0.209302
20300  46.030  39.361  -10.792 0.325581
20301  46.373  39.909  -11.886 0.186047
20303  45.957  39.938  -12.765 0.069767
20304  48.044  32.622  -11.812 0.023256
20305  48.040  33.815  -11.931 0.023256
20306  47.454  33.549  -12.590 0.023256
23216  50.820  27.814  2.357 0.023256
23486  36.527  36.125  8.822 0.023256
23487  36.938  36.890  7.843 0.023256
23488  37.467  35.612  7.961 0.023256
23489  38.843  35.117  7.242 0.046512
23490  40.345  34.781  6.877 0.046512
23491  41.872  34.496  6.686 0.069767
23492  41.570  34.056  7.482 0.046512
23927  40.743  44.786  -5.012 0.139535
23928  41.567  45.524  -6.206 0.093023
23929  41.495  44.109  -6.104 0.186047
23930  42.285  43.346  -7.219 0.325581
23931  43.162  42.433  -8.186 0.372093
25007  49.347  36.810  -2.220 0.372093
25008  49.116  36.597  -3.387 0.418605
25009  50.465  35.630  -3.061 0.162791
25010  50.981  34.320  -3.743 0.046512
25808  37.934  52.573  1.533 0.023256
25810  38.714  52.132  0.601 0.023256
25811  39.367  51.520  -0.115 0.046512
25812  39.647  50.439  -0.833 0.023256
25813  39.586  49.102  -1.509 0.046512
25814  39.354  48.900  -0.513 0.069767
25815  38.829  47.284  -0.313 0.116279
25816  38.432  45.483  -0.259 0.186047
25817  38.980  47.739  9.468 0.023256
25818  39.449  48.785  8.714 0.046512
25819  39.180  46.965  8.550 0.023256
25820  39.440  46.119  7.612 0.023256
25821  39.706  45.314  6.565 0.139535
25822  38.990  39.144  4.277 0.279070
25823  39.137  40.481  4.637 0.232558
25824  39.654  39.696  3.717 0.348837
25825  40.194  40.217  3.158 0.372093
25826  40.326  40.860  2.380 0.348837
25827  39.977  41.479  1.448 0.372093
25828  40.896  40.217  1.593 0.395349
25829  41.771  39.606  0.857 0.372093
25830  42.860  39.045  0.318 0.325581
25831  43.910  38.607  -0.203 0.348837
25832  43.834  37.894  0.648 0.325581
25833  44.683  36.731  0.747 0.302326
25834  45.985  35.717  1.156 0.348837
25835  48.160  33.731  5.363 0.116279
25836  48.428  34.365  4.753 0.162791
25837  49.654  33.034  4.712 0.116279
25838  50.885  32.226  3.998 0.116279
25839  51.942  31.297  3.416 0.116279
25840  52.569  30.482  2.793 0.023256
25841  52.589  30.183  3.618 0.023256
27154  47.178  35.129  -7.759 0.302326
27155  45.831  36.488  -8.816 0.372093
27156  46.930  35.470  -9.161 0.302326
27157  47.186  36.214  -10.536 0.139535
27158  47.306  36.653  -11.664 0.116279
27159  46.724  31.647  -12.720 0.023256
27160  46.682  33.103  -13.012 0.023256
29210  52.106  31.403  -0.896 0.023256
29211  51.637  31.718  -1.726 0.023256
29212  51.348  30.392  -1.070 0.023256
29213  49.913  29.766  -0.769 0.023256
29837  38.375  52.421  2.840 0.023256
29838  39.183  51.391  3.049 0.069767
29839  39.618  49.877  3.218 0.139535
29840  37.411  41.554  8.707 0.116279
29841  37.882  42.306  7.931 0.116279
29842  37.250  40.884  7.656 0.139535
29843  37.366  40.173  6.730 0.162791
29844  37.770  39.368  5.825 0.186047
29845  37.505  37.514  6.776 0.139535
29846  37.937  38.097  5.774 0.162791
29847  38.398  38.636  4.964 0.232558
29848  39.315  37.863  4.223 0.232558
29849  40.407  37.198  3.707 0.232558
29850  41.795  36.662  3.292 0.232558
29851  43.153  36.275  2.907 0.209302
29852  42.899  35.948  3.942 0.162791
29853  44.142  35.469  4.764 0.162791
29854  45.476  34.935  5.606 0.139535
29855  43.446  34.363  6.579 0.093023
29856  45.181  34.355  6.355 0.093023
29857  46.636  34.169  5.863 0.116279
29858  47.764  32.999  5.739 0.093023
30869  40.024  51.000  -5.589 0.023256
30871  40.714  50.102  -6.491 0.023256
30872  41.468  49.095  -7.575 0.046512
30873  42.161  48.110  -8.784 0.046512
30874  42.413  46.341  -7.438 0.093023
30875  42.841  46.900  -8.739 0.093023
30876  42.490  47.061  -9.927 0.023256
30877  42.728  45.917  -11.219 0.023256
30881  48.931  32.905  -10.020 0.023256
30884  47.473  31.752  -11.329 0.023256
30887  46.828  31.263  -11.808 0.023256
32334  37.613  50.972  10.210 0.023256
32335  38.728  50.184  10.517 0.023256
32338  38.957  48.463  10.477 0.023256
32339  38.607  46.640  10.310 0.023256
32340  38.318  44.918  10.140 0.023256
32341  38.152  43.587  9.987 0.023256
32350  37.698  42.261  9.794 0.023256
32351  37.085  41.004  9.626 0.046512
32352  36.440  39.717  9.687 0.023256
33272  42.115  38.606  -4.280 0.558140
33273  42.202  38.837  -5.695 0.534884
33274  43.425  37.726  -5.063 0.558140
33275  44.935  36.851  -5.648 0.488372
33276  46.359  36.072  -6.068 0.441860
33277  48.798  36.042  -4.524 0.418605
33278  48.289  35.588  -5.586 0.441860
33279  47.683  35.348  -6.567 0.348837
33280  48.898  34.565  -7.130 0.255814
33281  49.708  33.607  -7.540 0.069767
33282  49.613  32.706  -7.600 0.046512
34954  39.098  51.720  -5.050 0.023256
34955  39.843  50.350  -4.517 0.046512
34956  39.950  48.854  -4.401 0.046512
34957  39.967  47.238  -4.340 0.069767
34958  39.464  47.864  -2.283 0.046512
34959  39.587  46.743  -3.170 0.093023
34960  40.061  45.647  -4.129 0.116279
34961  40.093  44.254  -4.050 0.186047
34962  39.853  42.604  -4.176 0.302326
34963  39.985  40.806  -4.117 0.441860
34966  38.944  51.697  7.056 0.023256
34967  39.747  49.769  7.966 0.069767
34968  39.894  50.458  7.166 0.046512
34969  39.662  50.941  6.207 0.023256
34970  40.037  50.106  5.238 0.069767
34971  39.999  49.054  4.202 0.116279
34972  39.634  47.986  3.364 0.162791
34973  38.501  43.038  7.028 0.116279
34974  39.137  43.733  6.272 0.162791
34975  39.872  44.354  5.608 0.232558
34976  39.541  41.761  4.825 0.255814
34977  40.093  43.241  4.908 0.255814
34978  40.590  44.978  4.887 0.209302
34979  40.621  45.606  4.091 0.186047
34980  39.876  46.182  3.418 0.186047
34981  39.105  46.986  2.593 0.186047
34982  38.613  45.989  1.682 0.255814
34983  38.360  44.862  0.676 0.255814
34984  38.346  43.636  -0.353 0.302326
34985  39.345  41.829  0.557 0.418605
34986  38.827  42.091  -0.398 0.418605
34987  38.612  42.544  -1.342 0.348837
34988  39.076  41.357  -2.269 0.395349
34989  39.838  40.291  -3.073 0.441860
34990  40.892  39.339  -3.706 0.511628
34991  42.400  38.418  -3.132 0.511628
34992  44.243  38.184  -2.685 0.488372
34993  46.103  37.942  -2.038 0.488372
34994  45.147  38.131  -0.616 0.372093
34995  46.449  37.746  -0.998 0.348837
34996  47.794  37.357  -1.638 0.348837
34997  49.279  36.261  -1.396 0.325581
34998  50.565  35.041  -1.068 0.279070
34999  51.366  33.764  -0.785 0.162791
35000  44.530  35.935  2.598 0.209302
35001  45.923  35.456  2.236 0.186047
35002  47.306  35.012  1.778 0.232558
35003  48.599  34.682  3.687 0.186047
35004  48.720  34.542  2.465 0.209302
35005  48.823  34.486  1.298 0.255814
35006  50.249  34.041  0.720 0.279070
35007  51.401  33.370  0.167 0.209302
35008  52.011  32.430  -0.428 0.093023
35009  52.297  31.158  -0.034 0.046512
35010  52.339  30.066  0.599 0.023256
35011  52.196  29.110  1.244 0.023256
35012  52.802  29.556  2.361 0.023256
35013  52.590  28.884  2.161 0.023256
35014  51.899  28.169  2.130 0.023256
37666  42.449  39.474  -6.963 0.465116
37667  43.106  40.476  -8.136 0.418605
37668  44.121  41.493  -9.114 0.395349
37669  45.272  38.475  -9.700 0.418605
37670  45.067  40.384  -10.092 0.395349
37671  44.779  42.106  -10.251 0.139535
37672  44.886  42.520  -11.585 0.046512
37675  48.510  33.945  -11.082 0.046512
37676  47.803  35.137  -11.769 0.046512
37677  47.095  36.705  -12.561 0.023256
37679  46.363  36.427  -13.150 0.023256
37680  46.230  38.227  -13.131 0.023256
37681  45.008  39.484  -13.452 0.023256
41453  40.615  40.601  -5.040 0.465116
41454  40.963  41.039  -5.683 0.418605
41455  41.163  40.118  -5.531 0.488372
42053  51.655  33.487  -1.516 0.116279
42054  51.544  33.679  -1.949 0.093023
42055  51.749  32.985  -1.792 0.069767
42498  39.426  49.859  2.288 0.116279
42499  39.329  50.200  1.724 0.116279
42500  39.255  49.379  1.822 0.116279
42501  39.106  48.873  1.358 0.116279
42502  39.077  48.493  1.933 0.116279
42503  38.320  43.659  9.071 0.023256
42504  38.532  44.077  8.627 0.046512
42505  38.326  43.335  8.577 0.093023
42506  41.516  37.434  2.699 0.255814
42507  41.148  38.049  2.663 0.325581
42508  41.736  37.756  2.369 0.302326
42509  41.896  38.046  2.061 0.372093
42510  42.340  37.464  2.066 0.302326
42511  42.875  37.184  1.814 0.255814
42512  42.752  36.953  2.203 0.255814
42514  51.076  31.048  5.039 0.023256
43246  49.394  33.168  -8.631 0.046512
43247  49.046  33.648  -9.094 0.046512
43248  49.172  33.242  -9.262 0.023256
44453  51.567  28.853  0.865 0.023256
44454  51.097  28.934  0.537 0.023256
44455  50.796  28.591  1.026 0.023256
44900  38.248  52.022  5.296 0.023256
44901  38.668  51.938  4.962 0.023256
44902  38.935  51.782  5.567 0.023256
44903  36.252  38.248  8.712 0.046512
44904  36.534  38.578  8.215 0.069767
44905  36.465  37.874  8.217 0.046512
44906  39.941  35.460  6.236 0.069767
44907  39.445  36.031  5.958 0.093023
44908  40.157  35.806  5.805 0.139535
44909  40.330  36.111  5.345 0.162791
44910  40.893  35.630  5.683 0.139535
44911  41.668  35.463  5.550 0.162791
44912  41.436  35.146  6.032 0.139535
44914  45.047  32.871  7.163 0.023256
45638  40.678  47.098  -5.315 0.069767
45639  41.104  47.438  -5.861 0.069767
45640  41.151  46.689  -5.816 0.093023
45641  43.671  43.725  -8.776 0.186047
45642  43.618  44.443  -8.997 0.139535
45643  43.913  43.952  -9.478 0.186047
45644  44.071  44.166  -10.196 0.116279
45645  44.236  43.453  -9.933 0.139535
46706  37.614  40.646  13.317 0.023256
46707  38.082  41.327  13.330 0.023256
46708  37.789  40.980  12.797 0.023256
46709  37.893  41.343  12.270 0.023256
46710  37.443  40.665  12.256 0.023256
46711  37.120  40.350  11.738 0.023256
46712  37.012  39.973  12.308 0.023256
47438  46.569  37.444  -2.864 0.465116
47439  46.425  37.206  -3.517 0.511628
47440  47.433  37.124  -3.282 0.465116
47442  50.562  33.921  -5.381 0.023256
47444  50.407  33.310  -5.994 0.023256
48776  39.414  51.082  -1.656 0.023256
48777  38.925  51.477  -1.922 0.023256
48778  39.284  51.096  -2.144 0.023256
48779  39.062  51.008  -2.628 0.023256
48780  39.502  50.488  -2.417 0.023256
48781  39.669  49.997  -2.678 0.023256
48782  39.684  49.829  -2.235 0.023256
48783  38.716  45.040  -1.181 0.186047
48784  38.880  45.308  -1.606 0.116279
48785  38.781  44.431  -1.699 0.162791
48786  38.895  43.880  -2.187 0.139535
48787  38.684  43.603  -1.745 0.209302
48788  39.190  50.438  9.763 0.023256
48789  39.149  50.843  9.326 0.023256
48790  39.435  50.097  9.324 0.023256
48791  39.951  46.420  6.143 0.093023
48792  40.099  47.218  6.295 0.093023
48793  40.212  46.720  5.785 0.093023
48794  40.415  47.015  5.417 0.093023
48795  40.357  46.225  5.303 0.116279
48796  38.160  40.323  5.619 0.209302
48797  38.307  41.039  5.717 0.162791
48798  38.524  40.622  5.356 0.232558
48799  40.145  42.028  2.794 0.348837
48800  40.318  42.421  3.216 0.325581
48801  40.125  42.791  2.783 0.348837
48802  40.123  43.500  2.801 0.302326
48803  39.815  43.059  2.398 0.302326
48804  39.429  43.261  2.065 0.279070
48805  39.617  42.627  1.963 0.325581
48806  41.717  39.642  -0.414 0.372093
48807  40.842  40.019  -0.610 0.418605
48808  41.302  39.649  -0.936 0.465116
48809  41.023  39.571  -1.424 0.511628
48810  41.927  39.290  -1.205 0.488372
48811  42.526  39.023  -1.482 0.465116
48812  42.869  39.069  -0.956 0.441860
48813  46.741  35.774  0.494 0.348837
48814  46.846  36.058  0.085 0.325581
48815  47.516  35.562  0.285 0.395349
48816  48.240  35.398  0.080 0.395349
48817  48.192  35.103  0.542 0.348837
48818  46.309  35.097  4.913 0.139535
48819  46.416  35.290  4.337 0.139535
48820  47.005  35.026  4.717 0.139535
48821  51.560  32.195  2.886 0.162791
48822  51.188  32.836  2.799 0.162791
48823  51.649  32.358  2.417 0.186047
48824  51.737  32.422  1.869 0.116279
48825  52.038  31.840  2.014 0.069767
48826  52.296  31.356  1.675 0.046512
48827  52.310  31.217  2.142 0.046512
51016  45.311  36.446  -7.126 0.465116
51017  44.609  37.027  -7.585 0.465116
51018  45.170  36.602  -7.848 0.441860
51019  46.840  38.268  -11.942 0.186047
51020  46.621  38.998  -11.670 0.209302
51021  46.578  39.117  -12.169 0.186047
51022  46.214  39.952  -12.343 0.093023
51023  46.382  39.146  -12.601 0.069767
51024  47.722  32.532  -12.095 0.023256
51025  47.813  33.090  -12.278 0.023256
51026  47.464  32.909  -12.494 0.023256
54053  50.544  27.429  2.843 0.023256
54503  36.731  35.495  8.849 0.023256
54504  36.985  35.862  8.390 0.023256
54505  37.275  35.252  8.444 0.023256
54506  39.275  34.383  7.923 0.023256
54507  38.652  34.810  7.703 0.046512
54508  39.417  34.669  7.447 0.046512
54509  39.561  34.915  6.993 0.046512
54510  40.225  34.560  7.266 0.046512
54511  40.968  34.419  7.165 0.046512
54512  40.828  34.183  7.583 0.023256
55238  40.745  44.052  -4.993 0.186047
55239  41.105  44.434  -5.570 0.162791
55240  41.088  43.771  -5.538 0.232558
55241  41.728  42.045  -6.782 0.418605
55242  41.762  42.947  -6.725 0.372093
55243  42.172  42.514  -7.242 0.372093
55244  42.714  42.912  -7.693 0.325581
55245  42.669  42.042  -7.725 0.418605
57038  50.034  36.236  -2.080 0.279070
57039  50.024  36.316  -2.657 0.232558
57040  50.532  35.634  -2.499 0.186047
57041  51.328  33.850  -2.961 0.023256
57042  51.104  34.424  -3.211 0.069767
57044  51.034  33.690  -3.988 0.023256
58373  38.474  52.321  1.713 0.023256
58374  38.273  52.376  1.065 0.023256
58375  38.747  52.041  1.253 0.023256
58376  39.469  50.767  0.671 0.093023
58377  39.366  51.387  0.457 0.023256
58378  39.523  50.945  0.086 0.069767
58379  39.572  51.058  -0.468 0.046512
58380  39.615  50.375  -0.291 0.046512
58381  39.549  49.682  -0.654 0.046512
58382  39.444  49.550  -0.149 0.069767
58383  38.784  47.694  0.476 0.162791
58384  38.945  47.910  0.035 0.093023
58385  38.668  47.058  0.107 0.139535
58386  38.610  46.391  -0.255 0.162791
58387  38.420  46.128  0.210 0.209302
58388  38.806  46.792  9.372 0.023256
58389  39.045  47.332  8.966 0.023256
58390  38.899  46.428  8.914 0.023256
58391  39.057  44.906  7.839 0.046512
58392  39.192  45.725  8.010 0.023256
58393  39.312  45.318  7.485 0.069767
58394  39.567  45.695  7.069 0.069767
58395  39.380  44.924  6.932 0.116279
58396  39.364  38.755  3.912 0.255814
58397  39.333  39.417  3.995 0.302326
58398  39.651  39.013  3.651 0.302326
58399  40.637  39.282  2.717 0.325581
58400  40.208  39.626  3.094 0.348837
58401  40.472  39.867  2.747 0.372093
58402  40.350  40.515  2.778 0.372093
58403  40.587  40.172  2.376 0.372093
58404  40.543  40.523  1.976 0.372093
58405  40.924  39.909  2.036 0.395349
58406  42.240  38.656  1.460 0.325581
58407  41.785  39.289  1.364 0.348837
58408  42.355  38.991  1.085 0.325581
58409  42.295  39.299  0.585 0.348837
58410  42.906  38.730  0.813 0.348837
58411  43.402  38.495  0.528 0.302326
58412  43.301  38.173  0.934 0.325581
58413  44.073  36.690  1.344 0.372093
58414  44.136  36.983  1.000 0.372093
58415  44.691  36.447  1.157 0.302326
58416  45.342  36.246  0.903 0.302326
58417  45.309  35.955  1.395 0.302326
58418  48.753  33.068  5.265 0.116279
58419  48.985  33.386  5.072 0.116279
58420  49.518  32.753  4.968 0.116279
58421  51.331  31.333  4.363 0.069767
58422  50.788  31.944  4.282 0.093023
58423  51.384  31.518  4.028 0.093023
58424  51.422  31.762  3.693 0.116279
58425  51.915  31.070  3.762 0.069767
58426  52.327  30.696  3.518 0.069767
58427  52.293  30.547  3.830 0.046512
60616  47.847  34.765  -7.932 0.255814
60617  47.055  35.242  -8.426 0.302326
60618  47.623  34.840  -8.577 0.162791
60619  48.035  34.772  -10.172 0.069767
60620  47.566  35.304  -9.992 0.116279
60621  47.589  35.548  -10.650 0.069767
60622  47.251  36.447  -11.117 0.093023
60623  47.565  35.763  -11.262 0.069767
60624  46.361  31.281  -12.948 0.023256
60625  46.383  31.994  -13.113 0.023256
64238  52.011  30.835  -0.611 0.023256
64239  51.757  30.891  -1.039 0.023256
64240  51.632  30.329  -0.691 0.023256
64241  50.017  29.208  0.081 0.023256
64242  50.364  29.569  -0.488 0.023256
64243  49.454  29.386  -0.187 0.023256
65583  39.235  51.497  4.118 0.046512
65584  39.034  51.733  3.551 0.046512
65585  39.389  51.150  3.590 0.069767
65586  39.436  50.719  3.124 0.093023
65587  39.637  50.366  3.656 0.093023
65588  37.079  40.885  8.630 0.116279
65589  37.292  41.189  8.175 0.116279
65590  37.036  40.561  8.108 0.162791
65591  37.094  39.153  7.173 0.116279
65592  37.154  39.854  7.158 0.162791
65593  37.317  39.467  6.696 0.162791
65594  37.576  39.769  6.276 0.186047
65595  37.530  39.082  6.217 0.139535
65596  37.472  36.567  7.414 0.046512
65597  37.235  37.210  7.317 0.093023
65598  37.731  36.883  6.889 0.116279
65599  38.646  37.179  5.529 0.186047
65600  38.143  37.483  5.864 0.162791
65601  38.326  37.748  5.379 0.162791
65602  38.141  38.375  5.304 0.186047
65603  38.569  38.013  4.953 0.186047
65604  38.794  38.262  4.562 0.209302
65605  39.056  37.635  4.590 0.209302
65606  40.692  36.537  4.367 0.209302
65607  40.219  36.992  4.103 0.209302
65608  40.882  36.759  3.910 0.232558
65609  41.094  36.926  3.500 0.232558
65610  41.603  36.493  3.757 0.232558
65611  42.305  36.277  3.604 0.209302
65612  42.136  36.112  4.078 0.209302
65613  43.227  35.269  5.349 0.139535
65614  43.343  35.504  4.861 0.162791
65615  44.037  35.225  5.271 0.139535
65616  44.831  35.214  5.184 0.139535
65617  44.669  34.939  5.687 0.093023
65618  42.469  34.165  6.998 0.093023
65619  42.647  34.402  6.619 0.093023
65620  43.282  34.098  6.910 0.069767
65621  45.480  33.525  6.659 0.069767
65622  44.940  34.016  6.630 0.069767
65623  45.714  33.879  6.413 0.093023
65624  45.917  34.268  6.112 0.093023
65625  46.441  33.797  6.135 0.116279
65626  47.188  33.632  5.826 0.116279
65627  46.999  33.248  6.014 0.093023
67793  40.287  50.239  -5.430 0.023256
67794  40.377  50.594  -6.033 0.046512
67795  40.650  49.816  -5.888 0.069767
67796  41.770  48.184  -6.931 0.069767
67797  41.483  48.858  -6.955 0.069767
67798  41.867  48.514  -7.484 0.069767
67799  41.831  48.612  -8.161 0.046512
67800  42.267  48.033  -8.122 0.046512
67801  41.972  45.152  -6.729 0.093023
67802  42.018  45.943  -6.813 0.093023
67803  42.405  45.531  -7.386 0.093023
67804  43.327  45.765  -9.334 0.093023
67805  43.027  46.247  -8.680 0.093023
67806  43.080  46.452  -9.372 0.093023
67807  42.763  47.079  -9.360 0.046512
67808  42.967  46.540  -9.976 0.046512
67809  42.620  46.504  -10.556 0.023256
67810  43.140  45.966  -10.639 0.046512
67811  43.876  44.271  -11.539 0.046512
67822  47.726  31.888  -11.040 0.023256
67830  46.646  31.168  -11.178 0.023256
67831  46.287  30.847  -11.378 0.023256
67832  46.445  30.926  -11.960 0.023256
70968  37.251  50.361  10.943 0.023256
70969  37.034  50.733  10.457 0.023256
70970  37.713  50.552  10.687 0.023256
70971  38.246  50.694  10.393 0.023256
70972  38.287  50.206  10.856 0.023256
70980  38.864  47.814  10.916 0.023256
70981  38.808  47.561  10.392 0.023256
70982  38.663  47.027  10.863 0.023256
70986  38.230  44.249  10.020 0.023256
71006  37.908  41.950  11.232 0.023256
71007  38.114  42.515  11.262 0.023256
71008  37.853  42.254  10.776 0.023256
71009  37.871  42.590  10.334 0.023256
71010  37.594  41.977  10.284 0.023256
71011  37.394  41.631  9.686 0.046512
71012  37.309  41.359  10.158 0.023256
71013  36.505  39.706  10.800 0.023256
71014  36.592  40.070  10.212 0.023256
71015  36.291  39.372  10.202 0.023256
71016  36.184  39.012  9.681 0.023256
73193  42.836  38.141  -3.979 0.534884
73194  42.751  38.188  -4.670 0.558140
73195  43.531  37.823  -4.362 0.534884
73196  46.036  36.739  -4.737 0.558140
73197  45.040  36.974  -5.042 0.534884
73198  45.895  36.604  -5.337 0.534884
73199  45.646  36.465  -5.867 0.465116
73200  46.625  36.215  -5.550 0.418605
73201  49.734  36.019  -3.790 0.325581
73202  48.945  36.317  -4.006 0.372093
73203  49.543  35.690  -4.394 0.348837
73204  49.659  34.804  -5.780 0.232558
73205  49.150  35.309  -5.459 0.395349
73206  48.888  35.196  -5.944 0.372093
73207  47.942  35.492  -6.046 0.395349
73208  48.595  35.081  -6.380 0.325581
73209  48.325  34.986  -6.831 0.302326
73210  49.172  34.663  -6.695 0.255814
73211  50.120  33.265  -6.820 0.023256
73212  49.889  33.669  -7.122 0.069767
73213  49.989  33.185  -7.219 0.046512
73214  49.772  33.137  -7.624 0.046512
73215  49.792  32.754  -7.197 0.023256
77220  39.061  51.323  -4.455 0.023256
77221  39.496  51.056  -4.801 0.023256
77222  39.430  50.688  -4.221 0.046512
77223  39.674  49.048  -3.408 0.046512
77224  39.811  49.294  -3.915 0.046512
77225  39.728  48.529  -3.864 0.046512
77226  39.947  48.048  -4.403 0.046512
77227  39.673  47.779  -3.879 0.046512
77228  39.405  48.364  -1.316 0.046512
77229  39.486  48.443  -1.908 0.046512
77230  39.319  47.686  -1.698 0.046512
77231  39.210  45.722  -2.606 0.139535
77232  39.343  46.494  -2.616 0.116279
77233  39.494  45.945  -3.124 0.116279
77234  39.766  46.192  -3.670 0.116279
77235  39.759  45.434  -3.605 0.116279
77236  40.113  44.966  -4.081 0.116279
77237  39.743  44.727  -3.565 0.116279
77238  39.188  42.805  -3.222 0.302326
77239  39.529  43.119  -3.677 0.302326
77240  39.472  42.281  -3.743 0.325581
77241  39.781  41.704  -4.217 0.348837
77242  39.569  41.408  -3.724 0.372093
77246  38.863  51.467  8.399 0.023256
77251  39.545  48.327  8.229 0.069767
77252  39.617  49.268  8.351 0.046512
77253  39.721  48.798  7.855 0.069767
77254  40.100  49.102  6.569 0.093023
77255  40.020  49.652  7.077 0.093023
77256  39.999  49.961  6.674 0.093023
77257  39.747  50.733  6.704 0.046512
77258  39.995  50.252  6.261 0.069767
77259  39.898  50.510  5.759 0.046512
77260  40.087  49.698  5.731 0.069767
77261  40.351  47.683  4.589 0.093023
77262  40.208  48.613  4.684 0.093023
77263  40.109  48.017  4.198 0.093023
77264  39.863  48.512  3.758 0.139535
77265  39.906  47.524  3.793 0.162791
77266  37.806  41.953  7.358 0.139535
77267  38.202  42.685  7.506 0.116279
77268  38.152  42.316  6.932 0.139535
77269  38.827  42.449  5.709 0.209302
77270  38.792  42.953  6.142 0.162791
77271  39.141  43.260  5.799 0.209302
77272  39.487  44.043  5.922 0.209302
77273  39.544  43.530  5.518 0.232558
77274  39.496  40.724  4.317 0.255814
77275  39.358  41.124  4.726 0.279070
77276  39.741  41.359  4.410 0.279070
77277  40.604  43.130  4.161 0.279070
77278  40.203  42.740  4.554 0.232558
77279  40.529  43.624  4.558 0.255814
77280  40.429  44.152  4.918 0.232558
77281  40.726  44.483  4.531 0.232558
77282  40.734  45.292  4.498 0.162791
77283  40.847  44.840  4.103 0.209302
77284  39.806  44.932  2.956 0.232558
77285  40.129  45.409  3.357 0.232558
77286  39.628  45.682  3.011 0.232558
77287  39.407  46.520  3.077 0.139535
77288  39.178  46.063  2.630 0.209302
77289  38.804  46.524  2.199 0.232558
77290  38.898  45.589  2.193 0.209302
77291  38.736  43.692  1.190 0.279070
77292  38.549  44.500  1.192 0.255814
77293  38.487  43.947  0.695 0.255814
77294  38.356  44.246  0.179 0.279070
77295  38.468  43.412  0.181 0.302326
77296  40.222  41.080  1.001 0.418605
77297  39.608  41.656  1.001 0.418605
77298  39.889  41.229  0.540 0.395349
77299  39.497  40.917  -0.835 0.465116
77300  39.297  41.423  -0.407 0.441860
77301  39.027  41.562  -0.871 0.465116
77302  38.680  42.319  -0.846 0.418605
77303  38.872  41.746  -1.336 0.372093
77304  38.824  41.942  -1.824 0.348837
77305  39.146  41.168  -1.775 0.441860
77306  40.515  39.569  -2.420 0.511628
77307  39.866  40.149  -2.581 0.441860
77308  40.413  39.658  -2.899 0.441860
77309  40.307  39.752  -3.413 0.441860
77310  40.996  39.190  -3.189 0.465116
77311  41.567  38.834  -3.453 0.511628
77312  41.762  38.766  -2.902 0.511628
77313  43.834  38.555  -1.945 0.465116
77314  43.535  38.423  -2.410 0.441860
77315  44.550  38.315  -2.200 0.465116
77316  45.197  38.073  -2.387 0.465116
77317  45.443  38.185  -1.828 0.465116
77318  44.522  38.036  0.000 0.372093
77319  44.556  38.360  -0.384 0.348837
77320  45.139  37.776  -0.228 0.395349
77321  47.028  36.853  -0.566 0.348837
77322  46.416  37.425  -0.652 0.372093
77323  47.091  37.250  -0.911 0.348837
77324  47.114  37.547  -1.291 0.348837
77325  47.799  37.061  -1.228 0.372093
77326  48.552  36.881  -1.526 0.325581
77327  48.526  36.475  -1.199 0.348837
77328  49.745  35.023  -0.369 0.325581
77329  49.865  35.303  -0.810 0.279070
77330  50.427  34.771  -0.626 0.302326
77331  50.957  34.454  -0.931 0.209302
77332  50.904  34.226  -0.477 0.255814
77333  43.750  36.026  3.261 0.186047
77334  43.843  36.119  2.734 0.162791
77335  44.466  35.886  3.125 0.186047
77336  46.533  35.357  3.182 0.209302
77337  45.844  35.507  2.794 0.162791
77338  46.568  35.240  2.607 0.186047
77339  46.603  35.225  2.024 0.232558
77340  47.278  35.017  2.384 0.232558
77341  49.196  34.024  4.503 0.162791
77342  48.514  34.644  4.263 0.162791
77343  49.262  34.224  3.951 0.162791
77344  50.078  33.907  2.386 0.232558
77345  49.374  34.251  2.734 0.209302
77346  49.414  34.223  2.136 0.209302
77347  48.764  34.480  1.862 0.209302
77348  49.470  34.206  1.554 0.232558
77349  49.522  34.271  0.986 0.279070
77350  50.180  33.938  1.262 0.232558
77351  51.857  32.605  0.866 0.139535
77352  51.413  33.212  0.733 0.186047
77353  51.799  32.762  0.393 0.093023
77354  51.786  32.936  -0.110 0.139535
77355  52.054  32.274  0.060 0.069767
77356  52.215  31.742  -0.271 0.046512
77357  52.259  31.646  0.231 0.046512
77358  52.490  30.410  1.151 0.046512
77359  52.401  30.525  0.683 0.046512
77360  52.455  29.980  0.990 0.046512
77361  52.294  29.572  0.921 0.023256
77362  52.445  29.504  1.345 0.023256
77363  52.809  29.912  2.957 0.023256
77364  52.776  29.972  2.525 0.023256
77365  52.859  29.447  2.798 0.023256
77366  52.655  28.141  2.918 0.023256
77367  52.719  28.702  2.579 0.023256
77368  52.475  28.336  2.516 0.023256
77369  52.319  28.512  2.110 0.023256
77370  52.135  28.004  2.506 0.023256
77371  51.680  27.756  2.584 0.023256
77372  51.933  27.540  2.919 0.023256
83881  40.186  51.038  -7.232 0.023256
83926  42.780  38.262  -6.071 0.511628
83927  42.256  39.079  -6.388 0.488372
83928  42.810  38.495  -6.702 0.465116
83929  43.783  38.792  -8.416 0.465116
83930  43.269  39.373  -8.018 0.465116
83931  43.622  39.835  -8.583 0.418605
83932  43.626  40.988  -8.655 0.418605
83933  44.101  40.411  -9.137 0.395349
83934  46.035  36.905  -9.564 0.372093
83935  45.489  37.482  -9.356 0.372093
83936  45.831  37.925  -10.041 0.348837
83937  45.894  40.270  -10.957 0.255814
83938  45.592  39.878  -10.437 0.325581
83939  45.463  40.797  -10.569 0.325581
83940  44.994  41.278  -10.127 0.325581
83941  45.241  41.628  -10.705 0.232558
83942  44.936  42.358  -10.884 0.069767
83943  45.319  41.886  -11.339 0.116279
83949  48.730  32.826  -10.586 0.023256
83950  48.811  33.366  -10.600 0.023256
83951  48.559  33.352  -11.088 0.023256
83952  47.716  34.399  -12.293 0.023256
83953  47.942  34.476  -11.884 0.046512
83954  47.601  35.118  -12.222 0.046512
83955  47.485  35.884  -12.176 0.046512
83956  47.228  35.827  -12.578 0.023256
83957  46.139  33.568  -13.300 0.023256
83958  46.606  33.849  -13.087 0.023256
83962  45.830  37.141  -13.400 0.023256
83963  46.293  37.361  -13.173 0.023256
83964  45.757  38.040  -13.391 0.023256
83965  45.682  38.868  -13.293 0.023256
83966  45.157  38.627  -13.549 0.023256
92606  37.605  34.290  9.080 0.023256
92607  37.733  34.663  8.555 0.023256
92610  39.922  34.032  8.214 0.023256
92611  40.687  33.948  8.052 0.023256
93047  40.559  42.453  -5.145 0.348837
93048  40.972  42.883  -5.652 0.279070
93049  40.916  41.979  -5.723 0.418605
93050  41.313  41.540  -6.290 0.395349
93051  41.790  41.091  -6.755 0.465116
94127  51.009  34.788  -1.819 0.162791
94128  50.945  34.964  -2.346 0.162791
94129  51.280  34.319  -2.154 0.116279
94130  51.449  33.814  -2.448 0.093023
94928  39.159  51.279  2.076 0.069767
94929  39.087  51.524  1.465 0.069767
94930  39.266  50.933  1.639 0.093023
94931  39.362  50.501  1.214 0.093023
94932  39.368  50.008  0.793 0.093023
94933  39.317  49.372  0.354 0.093023
94934  39.170  49.177  0.848 0.093023
94935  38.922  48.306  0.909 0.116279
94936  38.663  47.395  1.016 0.162791
94937  38.543  45.088  9.292 0.023256
94938  38.786  45.601  8.888 0.023256
94939  38.673  44.831  8.770 0.023256
94940  38.810  44.495  8.202 0.046512
94941  38.849  44.124  7.682 0.046512
94942  40.317  38.061  3.254 0.255814
94943  40.071  38.688  3.293 0.348837
94944  40.574  38.351  2.968 0.325581
94945  40.868  38.697  2.685 0.325581
94946  41.103  38.989  2.395 0.302326
94947  41.282  39.290  2.080 0.372093
94948  41.597  38.658  2.091 0.325581
94949  42.083  38.360  1.779 0.348837
94950  42.622  38.085  1.512 0.372093
94951  43.143  37.829  1.222 0.348837
94952  42.981  37.461  1.490 0.348837
94953  43.463  36.951  1.577 0.325581
94954  44.001  36.461  1.796 0.255814
94955  49.899  31.785  5.215 0.046512
94956  50.021  32.095  4.895 0.093023
94957  50.550  31.459  4.897 0.046512
94958  51.217  31.192  4.709 0.046512
94959  51.824  30.861  4.489 0.023256
94960  52.258  30.469  4.205 0.023256
96274  48.957  33.946  -8.350 0.093023
96275  48.202  34.434  -8.779 0.116279
96276  48.689  34.050  -8.961 0.093023
96277  48.542  34.160  -9.678 0.023256
96278  48.413  34.308  -10.350 0.046512
98447  51.847  29.785  0.063 0.023256
98448  51.458  29.803  -0.274 0.023256
98449  51.353  29.366  0.146 0.023256
98450  50.582  29.072  0.312 0.023256
99254  38.377  52.158  4.387 0.023256
99255  39.043  51.797  4.588 0.023256
99256  39.504  51.220  4.660 0.046512
99257  36.587  39.657  8.646 0.046512
99258  36.834  39.936  8.106 0.116279
99259  36.660  39.256  8.155 0.093023
99260  36.848  38.878  7.674 0.116279
99261  37.065  38.513  7.186 0.116279
99262  38.589  35.975  6.679 0.069767
99263  38.238  36.564  6.528 0.093023
99264  38.778  36.302  6.223 0.116279
99265  39.011  36.619  5.718 0.162791
99266  39.185  36.850  5.226 0.162791
99267  39.376  37.062  4.744 0.186047
99268  39.805  36.575  5.021 0.186047
99269  40.497  36.324  4.848 0.162791
99270  41.234  36.120  4.693 0.186047
99271  41.935  35.944  4.554 0.162791
99272  41.808  35.729  5.067 0.162791
99273  42.442  35.337  5.434 0.162791
99274  43.068  34.965  5.797 0.139535
99275  43.794  33.425  7.455 0.046512
99276  43.932  33.733  7.122 0.046512
99277  44.531  33.276  7.212 0.046512
99278  45.251  33.195  6.893 0.046512
99279  46.010  33.085  6.560 0.046512
99280  46.820  32.926  6.283 0.046512
100580  40.497  48.690  -5.302 0.069767
100581  40.868  49.015  -5.818 0.069767
100582  41.037  48.206  -5.820 0.069767
100583  41.476  47.803  -6.368 0.069767
100584  41.893  47.459  -6.900 0.069767
100585  42.815  44.445  -7.825 0.162791
100586  42.822  45.172  -7.974 0.139535
100587  43.238  44.819  -8.513 0.162791
100588  43.500  45.066  -9.205 0.139535
100589  43.643  45.264  -9.896 0.046512
100590  43.572  45.374  -10.594 0.046512
100591  43.888  44.770  -10.427 0.069767
100592  44.089  44.268  -10.898 0.046512
100593  44.267  43.713  -11.441 0.023256
102486  36.749  50.064  11.185 0.023256
102493  38.631  46.500  11.319 0.023256
102502  38.144  41.325  14.339 0.023256
102503  38.562  42.001  14.325 0.023256
102504  38.332  41.658  13.838 0.023256
102505  38.508  41.975  13.321 0.023256
102508  38.283  41.960  12.273 0.023256
102509  37.926  41.666  11.737 0.023256
102510  37.559  41.358  11.217 0.023256
102511  37.242  41.054  10.686 0.023256
102512  37.176  40.724  11.229 0.023256
102513  36.788  40.037  11.298 0.023256
103820  44.627  37.704  -3.443 0.534884
103821  44.429  37.548  -4.049 0.534884
103822  45.310  37.325  -3.799 0.534884
103823  46.205  36.970  -4.139 0.558140
103824  47.097  36.608  -4.480 0.534884
103825  50.507  34.697  -4.538 0.116279
103826  49.997  35.066  -4.806 0.255814
103827  50.340  34.506  -5.110 0.162791
103828  50.215  34.373  -5.590 0.116279
103829  50.084  34.315  -6.105 0.186047
103830  49.820  34.267  -6.543 0.139535
103831  50.237  33.804  -6.312 0.093023
103832  50.276  33.282  -6.442 0.023256
103833  50.099  32.876  -6.417 0.023256
106228  38.792  51.851  -1.069 0.023256
106235  38.821  51.023  -3.122 0.023256
106236  39.188  50.680  -3.372 0.023256
106237  39.477  50.394  -3.685 0.023256
106238  39.555  50.179  -3.133 0.023256
106239  39.667  49.585  -2.984 0.023256
106240  39.596  48.871  -2.934 0.046512
106241  38.954  46.767  -1.142 0.116279
106242  39.125  46.904  -1.594 0.093023
106243  38.961  46.100  -1.580 0.093023
106244  39.050  45.526  -2.074 0.162791
106245  39.182  44.969  -2.584 0.162791
106246  39.426  44.466  -3.078 0.186047
106247  39.151  44.184  -2.618 0.162791
106248  39.007  43.345  -2.674 0.232558
106249  38.957  42.461  -2.741 0.302326
106250  38.049  51.405  9.552 0.023256
106252  38.589  51.371  9.230 0.023256
106253  39.056  51.179  8.883 0.023256
106254  39.392  50.948  8.472 0.046512
106255  39.817  47.329  7.283 0.069767
106256  39.864  48.297  7.360 0.069767
106257  39.979  47.771  6.846 0.093023
106258  40.097  48.214  6.431 0.093023
106259  40.175  48.492  6.026 0.093023
106260  40.189  48.794  5.614 0.093023
106261  40.318  47.873  5.495 0.093023
106262  40.428  47.357  4.982 0.093023
106263  40.414  46.801  4.522 0.139535
106264  37.866  41.151  6.400 0.162791
106265  38.131  41.886  6.449 0.139535
106266  38.187  41.452  6.040 0.186047
106267  38.519  41.738  5.709 0.162791
106268  38.940  41.963  5.430 0.209302
106269  40.131  41.256  3.641 0.348837
106270  40.097  41.610  4.069 0.279070
106271  40.258  41.989  3.668 0.302326
106272  40.473  42.773  3.658 0.325581
106273  40.620  43.602  3.676 0.302326
106274  40.635  44.392  3.678 0.232558
106275  40.418  43.981  3.218 0.279070
106276  39.998  44.214  2.872 0.255814
106277  39.498  44.447  2.571 0.255814
106278  39.023  44.739  2.211 0.232558
106279  39.222  43.957  2.160 0.302326
106280  39.081  43.459  1.665 0.302326
106281  38.972  42.992  1.142 0.348837
106282  40.826  40.342  0.224 0.372093
106283  40.149  40.779  0.122 0.395349
106284  40.439  40.390  -0.230 0.418605
106285  40.106  40.407  -0.728 0.441860
106286  39.826  40.457  -1.223 0.465116
106287  39.637  40.501  -1.686 0.511628
106288  40.254  39.964  -1.616 0.511628
106289  40.750  39.542  -1.925 0.488372
106290  41.304  39.154  -2.168 0.511628
106291  41.932  38.784  -2.393 0.511628
106292  42.197  38.928  -1.953 0.488372
106293  43.154  38.798  -1.732 0.465116
106294  44.066  38.664  -1.445 0.418605
106295  45.560  36.805  0.184 0.325581
106296  45.690  37.189  -0.136 0.372093
106297  46.252  36.613  -0.048 0.348837
106298  46.925  36.429  -0.264 0.348837
106299  47.603  36.242  -0.501 0.372093
106300  48.403  36.080  -0.773 0.348837
106301  48.284  35.709  -0.352 0.372093
106302  48.938  35.264  -0.144 0.395349
106303  49.628  34.758  0.025 0.372093
106304  45.008  35.629  4.085 0.162791
106305  45.090  35.702  3.560 0.162791
106306  45.790  35.513  3.937 0.139535
106307  46.507  35.371  3.759 0.186047
106308  47.197  35.181  3.586 0.162791
106309  50.526  33.161  3.674 0.162791
106310  49.990  33.783  3.602 0.162791
106311  50.661  33.330  3.193 0.186047
106312  50.712  33.407  2.649 0.209302
106313  50.747  33.459  2.045 0.162791
106314  50.804  33.521  1.464 0.209302
106315  51.347  32.979  1.683 0.162791
106316  51.814  32.503  1.346 0.093023
106317  52.132  32.030  1.008 0.093023
106318  52.312  31.543  0.695 0.046512
106319  52.305  31.469  1.191 0.046512
106320  52.457  30.878  1.407 0.046512
106321  52.620  30.249  1.598 0.046512
106322  52.996  28.879  3.420 0.023256
106323  52.890  28.922  3.054 0.023256
106324  52.903  28.394  3.305 0.023256
106325  52.756  28.016  3.281 0.023256
106326  52.582  27.628  3.268 0.023256
106327  52.142  27.338  3.275 0.023256
110260  43.981  37.292  -6.649 0.488372
110261  43.369  37.985  -7.067 0.465116
110262  43.981  37.525  -7.355 0.465116
110263  44.107  37.826  -8.039 0.465116
110264  44.335  38.379  -8.762 0.465116
110265  46.526  37.722  -10.856 0.255814
110266  46.142  38.367  -10.591 0.279070
110267  46.448  38.781  -11.129 0.255814
110268  46.291  39.695  -11.329 0.255814
110269  46.032  40.535  -11.509 0.186047
110270  45.655  41.303  -11.735 0.069767
110271  45.966  40.654  -12.055 0.069767
110272  45.725  40.651  -12.551 0.023256
110273  45.365  40.507  -12.961 0.023256
110274  48.311  32.745  -11.436 0.023256
110275  48.351  33.290  -11.516 0.046512
110276  48.092  33.213  -11.911 0.023256
110277  47.779  33.729  -12.311 0.023256
110278  47.400  34.285  -12.648 0.023256
115611  50.501  28.322  1.583 0.023256
116240  36.356  36.860  8.795 0.023256
116241  36.567  37.225  8.301 0.023256
116242  36.756  36.526  8.360 0.023256
116243  37.217  36.241  7.915 0.023256
116244  37.765  35.946  7.494 0.069767
116245  37.909  35.026  8.040 0.023256
116246  38.142  35.353  7.570 0.046512
116247  38.380  35.666  7.099 0.069767
116248  39.038  35.411  6.810 0.069767
116249  39.732  35.193  6.624 0.069767
116250  40.456  35.008  6.525 0.069767
116251  41.258  34.871  6.415 0.069767
116252  41.097  34.639  6.765 0.046512
116253  41.700  34.281  7.074 0.046512
116254  42.335  33.936  7.397 0.046512
116255  41.454  33.842  7.905 0.023256
116256  42.213  33.726  7.807 0.023256
116257  43.017  33.585  7.642 0.023256
117269  40.714  45.487  -5.052 0.093023
117270  41.148  45.910  -5.703 0.093023
117271  41.126  45.144  -5.610 0.093023
117272  41.524  44.789  -6.135 0.116279
117273  41.929  44.421  -6.643 0.209302
117274  41.421  43.353  -6.142 0.279070
117275  41.911  43.752  -6.657 0.279070
117276  42.331  44.062  -7.220 0.186047
117277  42.814  43.770  -7.705 0.255814
117278  43.243  43.358  -8.187 0.302326
117279  43.640  42.871  -8.716 0.279070
118768  37.729  40.634  14.384 0.023256
118769  37.463  40.299  13.858 0.023256
119789  48.501  37.193  -2.371 0.441860
119790  48.376  36.996  -3.024 0.465116
119791  49.243  36.749  -2.783 0.325581
119792  49.876  36.182  -3.212 0.302326
119793  50.366  35.500  -3.609 0.209302
119794  50.901  35.015  -2.892 0.139535
119795  50.839  34.958  -3.449 0.116279
119796  50.652  34.851  -3.978 0.116279
119797  50.825  34.199  -4.281 0.023256
121661  38.050  52.334  0.426 0.023256
121662  38.519  52.093  -0.026 0.023256
121663  39.090  51.717  0.838 0.023256
121664  39.075  51.828  0.212 0.046512
121665  39.006  51.903  -0.397 0.046512
121666  39.288  51.575  -0.757 0.046512
121667  39.555  51.128  -1.081 0.023256
121668  39.672  50.451  -1.379 0.023256
121669  39.682  49.793  -1.714 0.023256
121670  39.666  49.760  -1.171 0.023256
121671  39.492  49.019  -0.979 0.046512
121672  39.266  48.249  -0.833 0.069767
121673  39.215  48.733  -0.042 0.069767
121674  39.138  48.142  -0.377 0.069767
121675  39.020  47.445  -0.749 0.116279
121676  38.795  46.588  -0.712 0.116279
121677  38.645  45.699  -0.699 0.186047
121678  38.514  44.805  -0.740 0.232558
121679  39.185  48.696  9.592 0.023256
121680  39.428  49.222  9.223 0.023256
121681  39.221  48.283  9.083 0.023256
121682  39.324  47.868  8.606 0.046512
121683  39.465  47.392  8.168 0.069767
121684  39.042  46.118  8.506 0.023256
121685  39.308  46.551  8.115 0.023256
121686  39.587  46.947  7.717 0.069767
121687  39.660  46.486  7.171 0.046512
121688  39.764  46.067  6.618 0.093023
121689  39.914  45.697  6.118 0.139535
121690  38.663  39.553  4.701 0.255814
121691  38.753  40.225  4.883 0.255814
121692  39.024  39.820  4.392 0.279070
121693  39.375  40.081  4.149 0.325581
121694  39.632  40.327  3.848 0.325581
121695  39.956  39.342  3.370 0.348837
121696  39.923  39.968  3.461 0.325581
121697  39.976  40.592  3.560 0.348837
121698  40.215  40.891  3.203 0.372093
121699  40.229  41.245  2.816 0.372093
121700  40.125  41.610  2.356 0.372093
121701  39.932  41.957  1.877 0.348837
121702  40.182  41.192  1.921 0.372093
121703  40.437  40.838  1.491 0.372093
121704  40.772  40.508  1.097 0.372093
121705  41.335  39.607  1.696 0.372093
121706  41.289  39.918  1.233 0.372093
121707  41.116  40.211  0.715 0.348837
121708  41.570  39.848  0.379 0.418605
121709  42.104  39.546  0.102 0.372093
121710  42.606  39.259  -0.188 0.348837
121711  43.152  39.063  -0.463 0.372093
121712  43.357  38.857  0.026 0.348837
121713  43.954  38.275  0.273 0.325581
121714  44.405  37.662  0.349 0.279070
121715  43.674  37.558  0.935 0.348837
121716  44.236  37.279  0.679 0.302326
121717  44.886  37.055  0.424 0.325581
121718  45.428  36.502  0.528 0.348837
121719  46.040  35.999  0.687 0.348837
121720  46.663  35.492  0.952 0.302326
121721  47.543  34.321  5.377 0.116279
121722  47.646  34.664  5.020 0.139535
121723  48.373  34.036  5.153 0.139535
121724  49.093  33.709  4.822 0.116279
121725  49.770  33.340  4.449 0.139535
121726  50.141  32.348  4.578 0.116279
121727  50.281  32.630  4.327 0.139535
121728  50.416  32.934  4.057 0.162791
121729  50.980  32.476  3.675 0.162791
121730  51.447  31.982  3.312 0.139535
121731  51.916  31.519  2.971 0.093023
121732  52.285  31.087  2.648 0.069767
121733  52.306  30.903  3.114 0.046512
121734  52.599  30.312  3.199 0.046512
121735  52.814  29.844  3.398 0.023256
121736  52.564  30.117  3.973 0.023256
121738  52.953  29.359  3.609 0.023256
121739  53.048  28.841  3.842 0.023256
124798  46.571  35.570  -7.529 0.372093
124799  45.823  36.164  -8.046 0.418605
124800  46.381  35.626  -8.228 0.372093
124801  46.430  35.968  -8.993 0.325581
124802  46.548  36.354  -9.759 0.325581
124803  47.528  35.061  -9.307 0.162791
124804  47.053  35.853  -9.890 0.232558
124805  46.747  36.760  -10.428 0.255814
124806  46.914  37.144  -10.985 0.232558
124807  47.040  37.357  -11.533 0.162791
124808  47.041  37.544  -12.031 0.116279
124809  47.022  32.002  -12.510 0.023256
124810  47.109  32.664  -12.695 0.023256
124811  46.713  32.361  -12.898 0.023256
129752  51.948  32.167  -1.084 0.046512
129753  51.815  32.304  -1.548 0.023256
129754  51.819  31.560  -1.318 0.023256
129755  51.543  31.004  -1.434 0.023256
129756  51.084  30.542  -1.395 0.023256
129757  51.087  29.886  -0.623 0.023256
129758  50.734  29.986  -0.968 0.023256
129759  50.367  30.175  -1.268 0.023256
129763  49.941  28.513  1.342 0.023256
129764  49.346  28.718  1.172 0.023256
131455  38.654  52.156  2.368 0.023256
131457  38.842  51.943  2.973 0.046512
131458  39.050  51.634  2.545 0.069767
131459  39.267  51.020  2.625 0.116279
131460  39.458  50.294  2.728 0.116279
131461  39.509  49.401  2.819 0.139535
131462  37.758  42.217  8.856 0.069767
131463  38.010  42.572  8.505 0.093023
131464  37.633  41.893  8.304 0.116279
131465  37.518  41.594  7.761 0.116279
131466  37.521  41.231  7.258 0.139535
131467  37.044  40.239  7.582 0.162791
131468  37.296  40.542  7.179 0.162791
131469  37.559  40.850  6.792 0.139535
131470  37.692  40.457  6.338 0.162791
131471  37.869  40.054  5.910 0.186047
131472  38.065  39.642  5.495 0.186047
131473  36.832  37.539  7.778 0.046512
131474  37.116  37.847  7.238 0.116279
131475  37.362  38.144  6.708 0.139535
131476  37.957  37.174  6.361 0.139535
131477  37.699  37.823  6.250 0.162791
131478  37.596  38.426  6.202 0.139535
131479  37.823  38.713  5.759 0.162791
131480  38.040  38.992  5.397 0.186047
131481  38.341  39.259  5.047 0.209302
131482  38.684  38.881  4.612 0.232558
131483  39.101  38.492  4.216 0.232558
131484  39.569  38.126  3.863 0.255814
131485  39.613  37.282  4.321 0.209302
131486  39.820  37.504  3.933 0.209302
131487  40.074  37.792  3.587 0.209302
131488  40.635  37.426  3.333 0.255814
131489  41.298  37.146  3.096 0.232558
131490  41.974  36.914  2.854 0.255814
131491  42.591  36.694  2.630 0.232558
131492  42.478  36.479  3.106 0.209302
131493  43.033  36.141  3.422 0.186047
131494  43.630  35.909  3.786 0.139535
131495  42.722  35.770  4.445 0.162791
131496  43.492  35.699  4.340 0.139535
131497  44.233  35.724  4.211 0.162791
131498  44.934  35.463  4.629 0.162791
131499  45.594  35.170  5.053 0.139535
131500  46.214  34.851  5.411 0.116279
131501  42.064  34.730  6.304 0.069767
131502  42.865  34.662  6.226 0.093023
131503  43.659  34.644  6.181 0.093023
131504  44.117  34.094  6.807 0.069767
131505  44.298  34.361  6.471 0.093023
131506  44.461  34.634  6.140 0.093023
131507  45.305  34.633  5.978 0.093023
131508  46.085  34.583  5.790 0.139535
131509  46.814  34.485  5.634 0.139535
131510  47.359  34.041  5.652 0.116279
131511  47.963  33.380  5.547 0.116279
131512  48.571  32.695  5.456 0.093023
131513  47.584  32.666  6.017 0.069767
131514  48.363  32.377  5.709 0.069767
131515  49.183  32.086  5.487 0.046512
131516  49.782  31.561  5.616 0.023256
134260  41.074  49.323  -6.390 0.069767
134261  41.086  49.560  -7.010 0.069767
134262  41.002  49.689  -7.620 0.023256
134263  41.319  49.177  -8.155 0.023256
134264  41.626  48.653  -8.744 0.046512
134265  41.852  48.139  -9.329 0.023256
134266  41.608  46.332  -6.314 0.093023
134267  42.009  46.732  -6.869 0.093023
134268  42.337  47.073  -7.461 0.069767
134269  42.783  45.926  -8.035 0.093023
134270  42.699  46.663  -8.070 0.093023
134271  42.556  47.341  -8.125 0.069767
134272  42.564  47.525  -8.779 0.069767
134273  42.428  47.660  -9.395 0.046512
134275  42.033  46.930  -10.417 0.023256
134278  43.306  45.389  -11.289 0.023256
134279  42.802  45.272  -11.736 0.023256
134284  48.989  32.482  -8.752 0.023256
134285  49.123  32.833  -9.357 0.023256
134292  48.095  32.304  -11.285 0.023256
134293  47.821  32.198  -11.607 0.023256
134294  47.556  32.075  -11.878 0.023256
134302  47.199  31.586  -11.580 0.023256
134303  47.199  31.776  -12.079 0.023256
134304  46.887  31.424  -12.301 0.023256
134305  46.476  31.079  -12.480 0.023256
138261  36.836  51.027  10.004 0.023256
138262  37.471  51.308  9.778 0.023256
138263  38.165  51.113  9.937 0.023256
138264  38.702  50.641  10.063 0.023256
138265  39.010  49.941  10.110 0.023256
138273  38.943  49.379  10.528 0.023256
138274  39.088  49.089  10.061 0.023256
138275  38.985  48.165  9.967 0.023256
138276  38.749  47.206  9.843 0.023256
138277  38.625  46.227  9.801 0.023256
138278  38.459  46.097  10.748 0.023256
138279  38.450  45.707  10.224 0.023256
138280  38.462  45.365  9.726 0.046512
138281  38.354  44.617  9.589 0.023256
138282  38.273  43.939  9.499 0.023256
138283  38.114  43.259  9.508 0.046512
138309  37.967  42.911  9.902 0.046512
138310  37.856  42.556  9.357 0.046512
138311  37.528  41.906  9.186 0.046512
138312  37.197  41.269  9.135 0.046512
138313  36.920  40.652  9.131 0.046512
138314  36.943  40.737  10.174 0.023256
138315  36.755  40.388  9.682 0.023256
138316  36.628  40.025  9.161 0.046512
138317  36.343  39.353  9.179 0.046512
138318  36.154  38.622  9.186 0.023256
138319  35.980  37.899  9.185 0.023256
138329  36.142  36.449  9.209 0.023256
138330  36.306  35.749  9.246 0.023256
138331  36.558  35.074  9.313 0.023256
140978  41.501  39.138  -4.609 0.558140
140979  41.601  39.323  -5.335 0.558140
140980  42.115  38.684  -4.972 0.558140
140981  42.753  38.194  -5.366 0.534884
140982  43.436  37.694  -5.743 0.534884
140983  44.263  37.404  -4.710 0.534884
140984  44.176  37.282  -5.393 0.534884
140985  44.071  37.185  -6.020 0.534884
140986  44.749  36.811  -6.244 0.488372
140987  45.417  36.392  -6.451 0.465116
140988  46.147  36.013  -6.676 0.465116
140989  48.231  36.752  -3.665 0.418605
140990  48.051  36.478  -4.240 0.488372
140991  47.912  36.235  -4.772 0.488372
140992  49.346  35.451  -4.961 0.348837
140993  48.568  35.788  -5.083 0.418605
140994  47.672  35.994  -5.288 0.465116
140995  47.339  35.820  -5.781 0.441860
140996  47.071  35.663  -6.258 0.418605
140997  46.779  35.610  -6.881 0.348837
140998  47.391  35.216  -7.141 0.348837
140999  48.044  34.848  -7.395 0.279070
141000  48.688  34.447  -7.590 0.186047
141001  49.625  34.205  -6.936 0.186047
141002  49.409  34.112  -7.368 0.186047
141003  49.179  33.991  -7.836 0.116279
141004  49.509  33.548  -8.014 0.069767
141005  49.521  33.104  -8.093 0.046512
141006  49.433  32.748  -8.124 0.046512
141007  51.666  32.414  -2.011 0.023256
141031  49.366  32.443  -7.097 0.023256
141033  49.098  32.464  -8.144 0.023256
145883  39.566  51.409  -5.344 0.023256
145884  39.945  50.676  -5.059 0.023256
145885  40.112  49.934  -4.915 0.046512
145886  39.712  50.013  -4.035 0.046512
145887  39.965  49.614  -4.438 0.023256
145888  40.181  49.167  -4.864 0.046512
145889  40.228  48.380  -4.866 0.046512
145890  40.285  47.550  -4.896 0.069767
145891  40.318  46.746  -4.753 0.093023
145892  39.609  49.187  -2.081 0.023256
145893  39.557  48.628  -2.446 0.046512
145894  39.588  48.119  -2.848 0.046512
145895  39.326  47.088  -2.094 0.093023
145896  39.507  47.301  -2.678 0.046512
145897  39.589  47.546  -3.296 0.046512
145898  39.743  46.994  -3.763 0.046512
145899  40.010  46.440  -4.197 0.116279
145900  40.358  45.955  -4.643 0.093023
145901  40.407  45.216  -4.572 0.139535
145902  40.442  44.523  -4.533 0.139535
145903  40.407  43.792  -4.509 0.209302
145904  39.705  43.984  -3.561 0.232558
145905  39.993  43.466  -4.085 0.279070
145906  40.266  42.961  -4.613 0.302326
145907  40.166  42.065  -4.670 0.372093
145908  40.207  41.150  -4.632 0.488372
145909  40.444  40.281  -4.490 0.488372
145919  39.548  49.697  8.850 0.046512
145920  39.632  50.194  8.448 0.046512
145921  39.717  50.667  8.029 0.046512
145922  39.911  49.271  7.469 0.069767
145923  39.874  50.140  7.563 0.069767
145924  39.645  50.898  7.617 0.046512
145925  39.529  51.182  7.177 0.023256
145926  39.322  51.374  6.664 0.023256
145927  39.135  51.540  6.110 0.023256
145928  39.510  51.185  5.666 0.023256
145929  39.738  50.876  5.218 0.046512
145930  39.839  50.473  4.701 0.046512
145931  40.186  49.152  5.212 0.069767
145932  40.052  49.571  4.715 0.069767
145933  39.880  50.011  4.178 0.069767
145934  39.793  49.467  3.714 0.139535
145935  39.678  48.958  3.280 0.162791
145936  39.449  48.421  2.909 0.139535
145937  38.253  43.007  8.072 0.093023
145938  38.542  43.381  7.603 0.093023
145939  38.834  43.750  7.134 0.069767
145940  38.447  42.637  6.504 0.139535
145941  38.822  43.385  6.634 0.116279
145942  39.109  44.142  6.771 0.116279
145943  39.411  44.508  6.415 0.162791
145944  39.773  44.890  6.052 0.162791
145945  40.058  45.235  5.671 0.186047
145946  38.943  40.872  5.057 0.255814
145947  39.154  41.509  5.115 0.232558
145948  39.302  42.158  5.193 0.232558
145949  39.919  42.012  4.515 0.232558
145950  39.770  42.449  4.896 0.232558
145951  39.636  42.959  5.182 0.232558
145952  39.957  43.819  5.227 0.232558
145953  40.179  44.691  5.246 0.209302
145954  40.292  45.492  5.258 0.139535
145955  40.576  45.760  4.890 0.162791
145956  40.590  46.061  4.500 0.162791
145957  40.424  46.338  4.118 0.186047
145958  40.510  45.146  3.689 0.209302
145959  40.296  45.880  3.753 0.209302
145960  40.047  46.636  3.792 0.186047
145961  39.685  47.039  3.421 0.186047
145962  39.368  47.451  2.987 0.209302
145963  39.169  47.959  2.478 0.162791
145964  38.874  47.525  2.058 0.139535
145965  38.667  46.963  1.601 0.186047
145966  38.430  46.381  1.151 0.186047
145967  38.688  45.065  1.697 0.232558
145968  38.425  45.444  1.192 0.279070
145969  38.352  45.809  0.671 0.255814
145970  38.315  45.181  0.186 0.209302
145971  38.319  44.551  -0.303 0.255814
145972  38.453  43.952  -0.791 0.279070
145973  39.588  42.139  1.464 0.348837
145974  39.261  42.315  1.029 0.441860
145975  38.932  42.468  0.614 0.395349
145976  39.558  41.333  0.068 0.441860
145977  39.058  41.937  0.088 0.395349
145978  38.687  42.649  0.154 0.372093
145979  38.480  42.870  -0.302 0.348837
145980  38.495  43.121  -0.822 0.372093
145981  38.552  43.397  -1.287 0.302326
145982  38.678  42.769  -1.800 0.279070
145983  38.822  42.167  -2.304 0.348837
145984  39.075  41.574  -2.758 0.395349
145985  39.509  40.648  -2.180 0.465116
145986  39.389  40.809  -2.689 0.441860
145987  39.431  41.053  -3.206 0.418605
145988  39.846  40.498  -3.606 0.441860
145989  40.358  39.994  -3.930 0.465116
145990  40.886  39.503  -4.279 0.534884
145991  41.481  38.958  -4.006 0.534884
145992  42.220  38.494  -3.701 0.534884
145993  43.054  38.190  -3.412 0.511628
145994  42.599  38.532  -2.637 0.534884
145995  43.251  38.298  -2.902 0.511628
145996  43.948  38.028  -3.166 0.488372
145997  44.925  37.884  -2.951 0.488372
145998  45.850  37.773  -2.597 0.488372
145999  46.823  37.668  -2.307 0.488372
146000  43.801  38.817  -0.652 0.372093
146001  44.381  38.563  -0.878 0.395349
146002  45.035  38.401  -1.094 0.395349
146003  45.764  37.576  -0.433 0.372093
146004  45.757  37.949  -0.818 0.372093
146005  45.661  38.144  -1.292 0.395349
146006  46.340  37.926  -1.486 0.465116
146007  47.046  37.751  -1.744 0.465116
146008  47.728  37.456  -2.090 0.488372
146009  48.548  37.105  -1.930 0.372093
146010  49.336  36.641  -1.796 0.302326
146011  49.978  35.903  -1.654 0.302326
146012  49.194  35.875  -1.011 0.348837
146013  49.947  35.597  -1.244 0.302326
146014  50.545  35.257  -1.510 0.209302
146015  50.997  34.632  -1.362 0.186047
146016  51.352  33.986  -1.216 0.139535
146017  51.689  33.276  -1.079 0.116279
146018  43.256  36.489  2.428 0.209302
146019  43.917  36.234  2.265 0.186047
146020  44.588  36.007  2.110 0.232558
146021  45.156  35.715  2.973 0.186047
146022  45.232  35.713  2.414 0.209302
146023  45.272  35.766  1.909 0.232558
146024  45.960  35.493  1.681 0.255814
146025  46.627  35.291  1.464 0.255814
146026  47.362  35.085  1.232 0.302326
146027  47.744  34.868  4.512 0.162791
146028  47.837  34.956  3.959 0.162791
146029  47.928  34.934  3.377 0.162791
146030  49.319  34.327  3.351 0.186047
146031  48.663  34.628  3.081 0.186047
146032  47.975  34.835  2.748 0.209302
146033  48.046  34.750  2.120 0.209302
146034  48.075  34.754  1.554 0.232558
146035  48.126  34.843  1.010 0.325581
146036  48.857  34.659  0.753 0.325581
146037  49.583  34.442  0.460 0.348837
146038  50.324  34.227  0.194 0.255814
146039  50.838  33.597  0.968 0.186047
146040  50.959  33.729  0.430 0.255814
146041  50.907  33.959  -0.062 0.232558
146042  51.383  33.578  -0.354 0.232558
146043  51.725  33.092  -0.611 0.162791
146044  51.902  32.636  -0.863 0.069767
146045  52.093  31.930  -0.688 0.069767
146046  52.176  31.278  -0.467 0.046512
146047  52.165  30.711  -0.182 0.023256
146048  52.383  31.058  0.436 0.046512
146049  52.337  30.600  0.273 0.046512
146050  52.147  30.160  0.152 0.023256
146051  52.106  29.678  0.528 0.023256
146052  51.977  29.210  0.869 0.023256
146053  51.806  28.760  1.260 0.023256
146054  52.569  30.583  2.309 0.023256
146055  52.689  30.112  2.074 0.023256
146056  52.701  29.699  1.912 0.023256
146057  52.812  29.060  2.673 0.023256
146058  52.736  29.211  2.243 0.023256
146059  52.596  29.371  1.801 0.023256
146060  52.410  29.020  1.720 0.023256
146061  52.087  28.607  1.655 0.023256
146062  51.609  28.341  1.725 0.023256
146063  51.383  27.966  2.242 0.023256
146064  51.156  27.587  2.694 0.023256
153958  41.749  39.646  -5.979 0.488372
153959  41.947  40.074  -6.601 0.465116
153960  42.256  40.546  -7.138 0.465116
153961  42.985  38.880  -7.422 0.465116
153962  42.713  39.973  -7.563 0.465116
153963  42.668  41.064  -7.704 0.395349
153964  43.143  41.574  -8.206 0.418605
153965  43.632  41.983  -8.691 0.372093
153966  44.092  42.361  -9.163 0.302326
153967  45.240  36.991  -8.606 0.441860
153968  44.880  37.962  -9.093 0.465116
153969  44.695  38.929  -9.398 0.441860
153970  45.641  38.906  -10.286 0.348837
153971  45.142  39.446  -9.932 0.418605
153972  44.607  39.918  -9.597 0.441860
153973  44.586  40.899  -9.610 0.395349
153974  44.518  41.811  -9.649 0.279070
153975  44.393  42.649  -9.760 0.186047
153976  44.574  42.887  -10.435 0.116279
153977  44.594  43.030  -11.146 0.069767
153985  49.015  33.302  -9.992 0.023256
153986  48.695  33.863  -10.493 0.023256
153987  48.259  34.458  -10.943 0.046512
153988  48.272  33.898  -11.516 0.046512
153989  48.127  34.554  -11.496 0.046512
153990  47.865  35.124  -11.371 0.046512
153991  47.559  35.903  -11.772 0.046512
153992  47.266  36.769  -12.147 0.069767
153993  46.917  37.614  -12.444 0.046512
153994  47.088  33.347  -12.805 0.023256
153995  47.010  34.064  -12.876 0.023256
153996  46.879  34.944  -12.941 0.023256
153998  46.429  35.549  -13.211 0.023256
153999  46.849  35.730  -12.892 0.023256
154000  46.784  36.580  -12.847 0.023256
154001  46.673  37.507  -12.883 0.023256
154002  46.527  38.339  -12.785 0.046512
154003  46.094  39.084  -12.980 0.046512
154004  45.533  39.735  -13.136 0.023256

