#!ascii label  , from subject fsaverage vox2ras=TkReg
1009
53  -8.926  49.436  25.844 1.0000000000
251  -7.516  36.514  29.019 1.0000000000
252  -7.978  28.512  39.780 1.0000000000
731  -8.319  36.150  39.141 1.0000000000
733  -6.766  24.890  44.818 1.0000000000
1603  -8.377  42.452  27.103 1.0000000000
1604  -8.354  39.197  33.049 1.0000000000
1605  -8.733  32.913  34.861 1.0000000000
1608  -8.888  23.046  40.506 1.0000000000
1609  -8.402  19.208  45.214 1.0000000000
3031  -7.632  47.661  20.336 1.0000000000
3032  -7.896  46.752  23.485 1.0000000000
3044  -8.652  9.164  49.338 1.0000000000
3631  -9.286  42.476  32.110 1.0000000000
3632  -8.258  41.072  35.280 1.0000000000
3633  -9.225  31.877  39.679 1.0000000000
3634  -9.034  34.454  36.950 1.0000000000
3635  -9.139  30.653  37.257 1.0000000000
3637  -8.038  27.813  37.414 1.0000000000
3639  -7.208  25.802  39.651 1.0000000000
3641  -7.421  21.980  45.143 1.0000000000
3642  -7.973  20.414  47.422 1.0000000000
3643  -8.973  17.888  47.686 1.0000000000
4778  -7.537  39.577  27.815 1.0000000000
4779  -9.419  40.996  25.199 1.0000000000
5923  -7.161  39.400  38.301 1.0000000000
5925  -8.800  33.594  42.189 1.0000000000
5926  -8.266  29.168  42.224 1.0000000000
5927  -6.801  26.551  42.027 1.0000000000
6611  -8.360  33.634  30.512 1.0000000000
7579  -8.892  45.548  26.418 1.0000000000
7580  -9.120  44.138  29.193 1.0000000000
7581  -8.133  40.872  29.860 1.0000000000
7582  -7.425  37.906  31.301 1.0000000000
7583  -7.974  37.817  36.140 1.0000000000
7584  -8.263  36.200  34.213 1.0000000000
7585  -7.650  34.801  32.610 1.0000000000
7592  -9.711  20.302  41.047 1.0000000000
7593  -7.151  23.777  42.440 1.0000000000
7594  -8.677  21.043  42.918 1.0000000000
7595  -9.364  18.314  43.039 1.0000000000
9003  -9.404  11.455  52.472 1.0000000000
9060  -8.939  43.956  24.226 1.0000000000
10711  -7.749  48.269  23.207 1.0000000000
10712  -8.614  47.972  24.608 1.0000000000
10724  -9.281  10.231  49.582 1.0000000000
11311  -8.458  42.874  34.931 1.0000000000
11313  -8.838  29.926  39.750 1.0000000000
11314  -9.306  31.226  38.507 1.0000000000
11315  -8.806  29.578  38.522 1.0000000000
11316  -8.579  29.199  37.378 1.0000000000
11317  -7.973  28.248  38.525 1.0000000000
11318  -7.575  26.897  38.469 1.0000000000
11319  -7.216  27.351  39.567 1.0000000000
11321  -7.672  21.864  47.438 1.0000000000
12458  -7.400  38.149  28.258 1.0000000000
12459  -8.269  38.838  26.669 1.0000000000
12460  -8.355  37.386  27.194 1.0000000000
13716  -8.926  31.207  42.332 1.0000000000
13717  -8.347  29.942  43.597 1.0000000000
13718  -7.656  28.304  43.398 1.0000000000
14853  -8.493  46.550  20.810 1.0000000000
14854  -8.807  47.228  19.454 1.0000000000
16651  -9.055  46.015  28.911 1.0000000000
16652  -9.061  45.157  30.370 1.0000000000
16653  -8.870  40.749  32.495 1.0000000000
16654  -8.924  41.547  30.898 1.0000000000
16655  -8.350  40.003  31.406 1.0000000000
16656  -7.666  39.396  30.490 1.0000000000
16657  -7.887  38.489  32.068 1.0000000000
16658  -7.712  37.851  38.750 1.0000000000
16659  -7.531  38.623  37.209 1.0000000000
16660  -8.048  37.036  37.646 1.0000000000
16661  -9.112  33.599  35.853 1.0000000000
16662  -8.665  35.404  35.562 1.0000000000
16663  -8.581  34.627  34.590 1.0000000000
16664  -8.065  35.516  33.364 1.0000000000
16665  -8.205  33.908  33.777 1.0000000000
16666  -7.865  33.179  32.980 1.0000000000
16675  -8.973  23.901  39.284 1.0000000000
16680  -6.628  25.683  43.366 1.0000000000
16681  -6.581  25.187  42.231 1.0000000000
16682  -6.737  24.352  43.627 1.0000000000
16683  -7.920  20.587  45.106 1.0000000000
16684  -7.938  21.479  43.960 1.0000000000
16685  -8.425  20.117  44.056 1.0000000000
16686  -8.994  19.696  43.000 1.0000000000
16687  -8.875  18.729  44.124 1.0000000000
16688  -9.632  17.509  44.241 1.0000000000
16689  -9.130  17.961  45.376 1.0000000000
16691  -9.850  16.774  47.847 1.0000000000
16692  -10.125  16.040  49.128 1.0000000000
16694  -10.167  15.167  50.419 1.0000000000
20093  -8.593  44.006  26.783 1.0000000000
20094  -8.535  44.621  25.278 1.0000000000
20095  -8.720  43.157  25.651 1.0000000000
23888  -7.041  48.665  21.579 1.0000000000
23889  -7.521  47.089  21.974 1.0000000000
23890  -8.310  45.907  22.313 1.0000000000
24967  -9.220  44.397  31.863 1.0000000000
24968  -9.038  43.652  33.400 1.0000000000
24969  -8.946  41.760  33.700 1.0000000000
24970  -8.523  40.158  34.152 1.0000000000
24971  -8.946  34.175  39.454 1.0000000000
24972  -8.661  35.296  37.981 1.0000000000
24973  -9.249  33.394  38.326 1.0000000000
24974  -9.337  32.493  37.160 1.0000000000
24975  -9.113  31.831  35.988 1.0000000000
24976  -8.649  31.240  35.029 1.0000000000
24977  -8.775  30.139  36.181 1.0000000000
24978  -8.431  28.729  36.327 1.0000000000
24979  -8.350  27.237  36.548 1.0000000000
24981  -8.203  26.341  37.591 1.0000000000
24982  -8.130  25.263  38.777 1.0000000000
24983  -8.014  24.363  40.058 1.0000000000
24985  -6.966  23.456  45.007 1.0000000000
24986  -7.348  22.632  46.325 1.0000000000
24987  -7.716  21.175  46.334 1.0000000000
24988  -8.110  19.800  46.309 1.0000000000
24989  -8.623  18.532  46.422 1.0000000000
24990  -8.346  19.078  47.522 1.0000000000
27032  -7.972  40.988  27.452 1.0000000000
27033  -8.724  41.676  26.055 1.0000000000
27034  -8.462  40.208  26.401 1.0000000000
29185  -8.712  35.049  40.685 1.0000000000
29186  -9.089  32.658  40.923 1.0000000000
29187  -8.913  30.397  41.019 1.0000000000
29188  -8.063  28.749  40.922 1.0000000000
29189  -7.286  27.608  40.814 1.0000000000
29190  -7.453  27.827  42.062 1.0000000000
29191  -6.992  26.986  43.293 1.0000000000
29192  -6.816  26.263  44.636 1.0000000000
30785  -7.827  35.024  29.934 1.0000000000
30786  -8.534  36.029  28.111 1.0000000000
33187  -9.023  47.373  26.099 1.0000000000
33188  -9.147  46.773  27.517 1.0000000000
33189  -8.979  44.913  27.767 1.0000000000
33190  -8.683  43.264  28.168 1.0000000000
33191  -9.235  43.278  30.581 1.0000000000
33192  -8.829  42.367  29.518 1.0000000000
33193  -8.113  41.759  28.461 1.0000000000
33194  -7.574  40.326  28.913 1.0000000000
33195  -7.201  38.844  29.565 1.0000000000
33196  -7.159  37.223  30.266 1.0000000000
33197  -7.515  40.262  36.740 1.0000000000
33198  -7.905  39.450  35.664 1.0000000000
33199  -8.097  38.541  34.611 1.0000000000
33200  -8.444  36.139  36.625 1.0000000000
33201  -8.298  37.012  35.160 1.0000000000
33202  -8.060  37.729  33.581 1.0000000000
33203  -7.799  37.084  32.742 1.0000000000
33204  -7.412  36.377  32.061 1.0000000000
33205  -7.326  35.630  31.053 1.0000000000
33206  -7.698  34.062  31.544 1.0000000000
33207  -8.068  32.609  31.895 1.0000000000
33225  -6.785  26.185  40.847 1.0000000000
33226  -7.061  24.653  41.037 1.0000000000
33227  -7.982  23.414  41.438 1.0000000000
33228  -7.236  22.930  43.839 1.0000000000
33229  -7.988  22.412  42.736 1.0000000000
33230  -8.840  22.080  41.758 1.0000000000
33231  -9.251  20.663  41.942 1.0000000000
33232  -9.489  19.242  42.057 1.0000000000
33233  -9.912  17.854  42.215 1.0000000000
33237  -9.490  17.382  46.620 1.0000000000
37255  -10.089  13.937  51.652 1.0000000000
37256  -10.190  12.528  51.561 1.0000000000
37257  -9.773  11.269  51.275 1.0000000000
37284  -9.140  10.183  50.784 1.0000000000
37285  -8.627  9.095  50.503 1.0000000000
37422  -8.524  46.197  24.901 1.0000000000
37423  -8.348  45.290  23.785 1.0000000000
37424  -9.102  44.760  22.753 1.0000000000
37425  -9.336  42.513  24.762 1.0000000000
41431  -8.592  48.927  24.509 1.0000000000
41432  -8.884  48.710  25.208 1.0000000000
42033  -8.439  29.178  39.736 1.0000000000
42034  -8.839  29.749  39.124 1.0000000000
42035  -8.438  29.061  39.143 1.0000000000
42036  -8.413  28.934  38.525 1.0000000000
42037  -7.978  28.396  39.095 1.0000000000
42038  -7.598  27.810  39.028 1.0000000000
42039  -7.570  27.968  39.584 1.0000000000
43178  -7.428  37.338  28.541 1.0000000000
43179  -7.808  37.761  27.662 1.0000000000
43180  -7.894  36.979  28.041 1.0000000000
45573  -8.930  46.044  21.075 1.0000000000
45574  -9.116  46.358  20.382 1.0000000000
47371  -8.836  46.059  30.249 1.0000000000
47372  -8.927  45.684  30.974 1.0000000000
47373  -8.614  39.959  32.762 1.0000000000
47374  -8.661  40.317  31.907 1.0000000000
47375  -8.374  39.576  32.214 1.0000000000
47376  -8.059  39.256  31.724 1.0000000000
47377  -8.159  38.834  32.514 1.0000000000
47378  -8.044  37.016  38.957 1.0000000000
47379  -7.877  37.439  38.189 1.0000000000
47380  -8.168  36.595  38.400 1.0000000000
47381  -8.956  33.240  35.336 1.0000000000
47382  -8.836  34.142  35.226 1.0000000000
47383  -8.680  33.778  34.745 1.0000000000
47384  -8.432  34.267  34.177 1.0000000000
47385  -8.501  33.443  34.316 1.0000000000
47386  -8.238  33.119  33.942 1.0000000000
47387  -8.512  32.631  34.447 1.0000000000
47395  -8.938  23.476  39.904 1.0000000000
47396  -9.321  23.227  39.502 1.0000000000
47397  -9.294  22.812  40.081 1.0000000000
47399  -9.254  22.376  40.666 1.0000000000
47400  -6.667  25.284  44.116 1.0000000000
47401  -6.619  25.040  43.494 1.0000000000
47402  -6.724  24.603  44.209 1.0000000000
47403  -8.140  19.899  45.132 1.0000000000
47404  -8.143  20.348  44.560 1.0000000000
47405  -8.356  19.657  44.615 1.0000000000
47406  -8.627  19.424  44.093 1.0000000000
47407  -8.597  18.964  44.666 1.0000000000
47408  -8.962  18.339  44.742 1.0000000000
47409  -8.718  18.555  45.296 1.0000000000
47410  -9.497  16.926  49.588 1.0000000000
47411  -9.756  16.669  49.044 1.0000000000
47412  -9.833  16.295  49.675 1.0000000000
47413  -10.180  15.646  49.779 1.0000000000
47414  -9.863  15.862  50.318 1.0000000000
50813  -8.519  43.231  26.992 1.0000000000
50814  -8.593  43.560  26.199 1.0000000000
50815  -8.557  42.797  26.385 1.0000000000
55173  -7.880  47.564  23.412 1.0000000000
55175  -7.669  46.927  22.765 1.0000000000
55176  -7.872  46.475  22.154 1.0000000000
55177  -7.914  46.236  22.884 1.0000000000
55210  -8.835  9.580  48.840 1.0000000000
55212  -8.516  9.036  48.733 1.0000000000
55214  -8.389  8.589  49.270 1.0000000000
56973  -8.386  41.958  35.103 1.0000000000
56974  -8.727  42.327  34.346 1.0000000000
56975  -8.637  41.429  34.483 1.0000000000
56976  -8.765  40.916  33.908 1.0000000000
56977  -8.422  40.579  34.738 1.0000000000
56978  -9.161  33.030  39.587 1.0000000000
56979  -9.119  33.790  38.898 1.0000000000
56980  -9.301  32.661  39.004 1.0000000000
56981  -9.281  30.905  37.873 1.0000000000
56982  -9.358  31.867  37.833 1.0000000000
56983  -9.291  31.523  37.201 1.0000000000
56984  -9.274  32.120  36.548 1.0000000000
56985  -9.152  31.242  36.627 1.0000000000
56986  -8.982  31.003  36.115 1.0000000000
56987  -8.984  30.417  36.700 1.0000000000
56988  -8.297  28.533  37.428 1.0000000000
56989  -8.478  28.967  36.840 1.0000000000
56990  -8.277  28.278  36.889 1.0000000000
56991  -8.292  28.025  36.391 1.0000000000
56992  -8.158  27.534  36.949 1.0000000000
56993  -8.241  26.811  37.055 1.0000000000
56994  -8.025  27.100  37.458 1.0000000000
56995  -7.351  26.360  39.044 1.0000000000
56996  -7.745  26.079  38.579 1.0000000000
56997  -7.653  25.520  39.185 1.0000000000
56998  -8.074  24.789  39.398 1.0000000000
56999  -7.536  24.972  39.822 1.0000000000
57001  -7.196  23.367  46.294 1.0000000000
57002  -7.388  22.968  46.919 1.0000000000
57003  -7.772  21.118  47.453 1.0000000000
57004  -7.667  21.468  46.883 1.0000000000
57005  -7.853  20.751  46.884 1.0000000000
57006  -7.914  20.457  46.297 1.0000000000
57007  -8.059  20.070  46.878 1.0000000000
57008  -8.189  19.438  46.872 1.0000000000
57009  -8.147  19.723  47.461 1.0000000000
60413  -7.745  40.274  27.624 1.0000000000
60414  -8.150  40.553  26.932 1.0000000000
60415  -7.980  39.911  27.040 1.0000000000
60416  -8.875  38.479  26.205 1.0000000000
60417  -8.872  39.159  26.033 1.0000000000
64183  -8.619  34.812  42.104 1.0000000000
64184  -8.605  35.464  41.308 1.0000000000
64185  -8.825  34.322  41.482 1.0000000000
64186  -8.960  33.912  40.827 1.0000000000
64187  -8.992  33.145  41.566 1.0000000000
64188  -8.699  30.125  42.305 1.0000000000
64189  -8.978  30.752  41.682 1.0000000000
64190  -8.681  29.741  41.668 1.0000000000
64191  -8.550  29.497  40.985 1.0000000000
64192  -8.148  28.896  41.564 1.0000000000
64193  -7.736  28.274  41.468 1.0000000000
64194  -7.841  28.463  42.129 1.0000000000
64196  -7.282  27.602  43.362 1.0000000000
64198  -6.849  26.670  43.926 1.0000000000
64206  -6.988  26.167  45.928 1.0000000000
67600  -7.864  48.044  19.698 1.0000000000
67601  -9.432  47.037  19.076 1.0000000000
67602  -9.105  47.546  18.881 1.0000000000
67613  -8.082  34.317  30.248 1.0000000000
67614  -8.353  34.863  29.437 1.0000000000
67615  -8.619  34.198  29.755 1.0000000000
72991  -9.099  47.772  27.415 1.0000000000
72992  -9.100  47.453  28.107 1.0000000000
72993  -9.104  45.069  29.022 1.0000000000
72994  -9.088  45.426  28.323 1.0000000000
72995  -9.033  44.548  28.461 1.0000000000
72996  -8.869  44.069  27.962 1.0000000000
72997  -8.914  43.703  28.648 1.0000000000
72998  -9.315  43.412  32.001 1.0000000000
72999  -9.305  43.794  31.208 1.0000000000
73000  -9.322  42.836  31.336 1.0000000000
73001  -8.536  41.179  30.310 1.0000000000
73002  -8.894  41.917  30.223 1.0000000000
73003  -8.475  41.587  29.636 1.0000000000
73004  -8.442  42.085  28.968 1.0000000000
73005  -8.060  41.334  29.150 1.0000000000
73006  -7.816  41.049  28.654 1.0000000000
73007  -7.777  40.613  29.420 1.0000000000
73008  -7.518  38.625  30.861 1.0000000000
73009  -7.380  39.117  30.044 1.0000000000
73010  -7.284  38.337  30.445 1.0000000000
73011  -7.193  38.032  29.920 1.0000000000
73012  -7.237  37.565  30.845 1.0000000000
73014  -7.266  40.688  37.316 1.0000000000
73015  -7.246  39.830  37.491 1.0000000000
73016  -7.749  38.266  36.661 1.0000000000
73017  -7.672  39.089  36.421 1.0000000000
73018  -7.853  38.613  35.882 1.0000000000
73019  -8.043  38.967  35.127 1.0000000000
73020  -8.051  38.175  35.364 1.0000000000
73021  -8.860  34.894  37.461 1.0000000000
73022  -8.561  35.729  37.299 1.0000000000
73023  -8.735  35.316  36.793 1.0000000000
73024  -8.444  35.803  34.892 1.0000000000
73025  -8.429  36.199  35.367 1.0000000000
73026  -8.308  36.594  34.653 1.0000000000
73027  -8.196  37.376  34.358 1.0000000000
73028  -8.159  37.003  33.879 1.0000000000
73029  -7.976  37.368  33.121 1.0000000000
73030  -8.073  36.641  33.446 1.0000000000
73031  -7.875  35.147  33.004 1.0000000000
73032  -7.726  35.953  32.729 1.0000000000
73033  -7.539  35.578  32.361 1.0000000000
73034  -7.282  35.993  31.630 1.0000000000
73035  -7.427  35.191  31.909 1.0000000000
73036  -7.505  34.851  31.312 1.0000000000
73037  -7.623  34.423  32.100 1.0000000000
73038  -7.960  32.414  33.063 1.0000000000
73039  -7.861  32.849  32.451 1.0000000000
73040  -8.007  32.144  32.526 1.0000000000
73079  -9.847  19.603  41.117 1.0000000000
73080  -6.981  27.007  41.421 1.0000000000
73081  -6.974  26.941  40.792 1.0000000000
73082  -6.709  26.332  41.439 1.0000000000
73083  -6.784  24.464  42.322 1.0000000000
73084  -6.760  24.926  41.648 1.0000000000
73085  -7.078  24.225  41.757 1.0000000000
73086  -7.509  24.041  41.252 1.0000000000
73087  -7.511  23.585  41.924 1.0000000000
73088  -7.161  22.721  45.098 1.0000000000
73089  -7.030  23.191  44.445 1.0000000000
73090  -7.302  22.458  44.494 1.0000000000
73091  -8.276  21.228  43.441 1.0000000000
73092  -7.936  21.919  43.360 1.0000000000
73093  -8.363  21.726  42.894 1.0000000000
73094  -8.418  22.239  42.264 1.0000000000
73095  -8.745  21.551  42.366 1.0000000000
73096  -9.065  21.366  41.880 1.0000000000
73097  -8.975  20.858  42.421 1.0000000000
73098  -9.125  19.019  43.030 1.0000000000
73099  -9.233  19.463  42.525 1.0000000000
73100  -9.416  18.761  42.556 1.0000000000
73101  -9.690  18.544  42.103 1.0000000000
73102  -9.653  18.073  42.635 1.0000000000
73103  -9.925  17.405  42.761 1.0000000000
73104  -9.708  17.655  43.195 1.0000000000
73105  -9.801  17.161  44.846 1.0000000000
73110  -8.784  18.173  47.067 1.0000000000
73111  -9.002  17.890  46.498 1.0000000000
73112  -9.198  17.615  47.156 1.0000000000
82909  -9.970  12.595  52.132 1.0000000000
82910  -9.838  11.964  52.004 1.0000000000
82911  -10.028  11.850  51.420 1.0000000000
82979  -9.009  10.169  51.358 1.0000000000
82980  -8.701  9.596  51.169 1.0000000000
82981  -8.856  9.660  50.601 1.0000000000
83318  -8.965  46.424  26.236 1.0000000000
83319  -8.825  46.743  25.514 1.0000000000
83320  -8.745  45.875  25.606 1.0000000000
83321  -8.606  44.242  24.705 1.0000000000
83322  -8.405  44.954  24.505 1.0000000000
83323  -8.628  44.599  23.996 1.0000000000
83324  -8.677  44.980  23.280 1.0000000000
83325  -9.023  44.369  23.504 1.0000000000
83326  -9.060  41.311  25.621 1.0000000000
83327  -9.065  42.067  25.407 1.0000000000
83328  -9.406  41.785  25.007 1.0000000000
93009  -8.239  48.178  23.928 1.0000000000
93010  -8.255  47.322  24.053 1.0000000000
93032  -8.942  9.724  49.426 1.0000000000
94089  -8.137  42.444  35.672 1.0000000000
94091  -9.115  30.851  39.734 1.0000000000
94092  -9.298  31.548  39.109 1.0000000000
94093  -9.141  30.563  39.130 1.0000000000
94094  -9.125  30.330  38.509 1.0000000000
94095  -9.017  30.100  37.911 1.0000000000
94096  -8.906  29.891  37.316 1.0000000000
94097  -8.708  29.426  37.939 1.0000000000
94098  -8.369  28.772  37.972 1.0000000000
94099  -8.015  28.063  37.951 1.0000000000
94100  -7.810  27.397  37.898 1.0000000000
94101  -7.646  27.648  38.454 1.0000000000
94102  -7.307  27.185  39.001 1.0000000000
94103  -7.092  26.615  39.580 1.0000000000
94105  -7.535  22.581  47.472 1.0000000000
94108  -7.898  20.773  48.032 1.0000000000
94109  -8.065  20.077  48.006 1.0000000000
96152  -7.397  38.849  28.041 1.0000000000
96153  -7.813  39.198  27.218 1.0000000000
96154  -7.764  38.510  27.413 1.0000000000
96155  -8.269  38.154  26.875 1.0000000000
96156  -8.904  37.786  26.491 1.0000000000
98416  -8.935  32.392  42.282 1.0000000000
98417  -8.809  31.659  42.985 1.0000000000
98418  -8.715  30.546  42.978 1.0000000000
98419  -8.366  29.510  42.926 1.0000000000
98420  -7.947  28.732  42.809 1.0000000000
98421  -8.041  29.093  43.511 1.0000000000
100465  -8.644  46.887  20.121 1.0000000000
100466  -9.296  46.696  19.731 1.0000000000
100472  -8.642  32.978  30.740 1.0000000000
103699  -8.976  47.021  28.816 1.0000000000
103700  -8.877  46.544  29.529 1.0000000000
103701  -9.027  45.592  29.625 1.0000000000
103702  -9.141  44.645  29.763 1.0000000000
103703  -9.112  41.584  32.273 1.0000000000
103704  -9.217  41.930  31.500 1.0000000000
103705  -8.938  41.129  31.663 1.0000000000
103706  -8.638  40.765  31.104 1.0000000000
103707  -8.260  40.438  30.622 1.0000000000
103708  -7.869  40.149  30.168 1.0000000000
103709  -7.973  39.703  30.937 1.0000000000
103710  -7.778  38.922  31.288 1.0000000000
103711  -7.663  38.216  31.658 1.0000000000
103712  -7.426  38.619  38.544 1.0000000000
103713  -7.362  39.007  37.740 1.0000000000
103714  -7.594  38.226  37.974 1.0000000000
103715  -7.786  37.849  37.424 1.0000000000
103716  -7.986  37.419  36.887 1.0000000000
103717  -9.125  34.040  36.401 1.0000000000
103718  -8.872  34.921  36.264 1.0000000000
103719  -8.913  34.538  35.733 1.0000000000
103720  -8.673  35.027  35.054 1.0000000000
103721  -8.438  35.440  34.405 1.0000000000
103722  -8.216  35.837  33.764 1.0000000000
103723  -8.345  35.074  33.972 1.0000000000
103724  -8.155  34.701  33.588 1.0000000000
103725  -7.924  34.357  33.215 1.0000000000
103726  -7.753  34.000  32.821 1.0000000000
103727  -7.999  33.555  33.412 1.0000000000
103728  -8.050  32.768  33.536 1.0000000000
103743  -8.994  24.371  38.681 1.0000000000
103752  -6.667  26.112  42.683 1.0000000000
103753  -6.624  25.878  42.115 1.0000000000
103754  -6.582  25.443  42.795 1.0000000000
103755  -6.655  24.743  42.916 1.0000000000
103756  -6.875  24.037  43.023 1.0000000000
103757  -7.724  21.250  45.209 1.0000000000
103758  -7.638  21.725  44.541 1.0000000000
103759  -7.924  21.028  44.553 1.0000000000
103760  -8.212  20.787  44.008 1.0000000000
103761  -8.573  20.559  43.496 1.0000000000
103762  -8.863  20.376  42.962 1.0000000000
103763  -8.718  19.920  43.549 1.0000000000
103764  -8.888  19.187  43.566 1.0000000000
103765  -9.158  18.518  43.578 1.0000000000
103766  -9.485  17.887  43.640 1.0000000000
103767  -9.243  18.099  44.161 1.0000000000
103768  -9.386  17.742  44.810 1.0000000000
103769  -9.574  17.442  45.431 1.0000000000
103770  -9.200  17.605  48.300 1.0000000000
103771  -9.409  17.339  47.777 1.0000000000
103772  -9.627  16.994  48.427 1.0000000000
103773  -10.037  16.402  48.478 1.0000000000
103778  -10.429  14.466  50.437 1.0000000000
109895  -8.771  44.749  26.621 1.0000000000
109896  -8.667  45.050  25.871 1.0000000000
109897  -8.623  44.300  26.025 1.0000000000
109898  -8.633  43.890  25.448 1.0000000000
109899  -8.832  43.520  24.930 1.0000000000
117178  -7.176  48.004  20.939 1.0000000000
117179  -7.281  48.472  22.376 1.0000000000
117180  -7.228  47.818  21.750 1.0000000000
117181  -7.503  47.305  21.136 1.0000000000
117182  -7.918  46.724  21.353 1.0000000000
117183  -8.379  46.212  21.583 1.0000000000
117184  -8.828  45.706  21.796 1.0000000000
117231  -9.045  9.952  47.715 1.0000000000
119695  -8.997  45.319  31.758 1.0000000000
119697  -9.178  44.026  32.637 1.0000000000
119698  -9.233  43.057  32.778 1.0000000000
119699  -8.782  43.302  34.159 1.0000000000
119700  -9.039  42.699  33.545 1.0000000000
119701  -9.168  42.118  32.876 1.0000000000
119702  -8.978  41.213  33.081 1.0000000000
119703  -8.746  40.424  33.325 1.0000000000
119704  -8.486  39.633  33.590 1.0000000000
119705  -8.633  35.206  39.274 1.0000000000
119706  -8.468  35.689  38.558 1.0000000000
119707  -8.808  34.781  38.700 1.0000000000
119708  -9.005  34.395  38.184 1.0000000000
119709  -9.181  33.964  37.674 1.0000000000
119710  -9.346  32.298  38.433 1.0000000000
119711  -9.325  32.964  37.752 1.0000000000
119712  -9.251  33.500  37.085 1.0000000000
119713  -9.295  33.041  36.522 1.0000000000
119714  -9.181  32.683  35.918 1.0000000000
119715  -8.946  32.339  35.400 1.0000000000
119716  -8.715  32.054  34.955 1.0000000000
119717  -8.864  31.522  35.497 1.0000000000
119718  -8.755  30.708  35.583 1.0000000000
119720  -8.731  29.670  36.770 1.0000000000
119721  -8.561  29.438  36.230 1.0000000000
119723  -8.463  28.473  35.851 1.0000000000
119724  -8.419  27.756  35.955 1.0000000000
119729  -8.549  25.573  37.793 1.0000000000
119730  -7.826  26.620  37.963 1.0000000000
119731  -8.193  25.809  38.175 1.0000000000
119732  -8.593  25.068  38.427 1.0000000000
119733  -8.566  24.583  39.048 1.0000000000
119734  -8.534  24.138  39.653 1.0000000000
119735  -8.471  23.711  40.297 1.0000000000
119736  -6.906  24.489  45.487 1.0000000000
119737  -6.836  24.180  44.890 1.0000000000
119738  -6.982  23.770  45.609 1.0000000000
119739  -7.143  23.052  45.734 1.0000000000
119740  -7.323  22.324  45.715 1.0000000000
119741  -7.521  22.216  46.890 1.0000000000
119742  -7.504  21.887  46.303 1.0000000000
119743  -7.568  21.602  45.746 1.0000000000
119744  -7.799  20.880  45.746 1.0000000000
119745  -7.999  20.173  45.691 1.0000000000
119746  -8.228  19.527  45.754 1.0000000000
119747  -8.501  18.867  45.828 1.0000000000
119748  -8.337  19.175  46.358 1.0000000000
119749  -8.442  18.793  46.955 1.0000000000
119750  -8.623  18.476  47.595 1.0000000000
119752  -8.523  18.753  48.156 1.0000000000
119753  -8.831  18.187  48.201 1.0000000000
124514  -8.189  41.730  27.278 1.0000000000
124515  -8.481  42.043  26.556 1.0000000000
124516  -8.344  41.323  26.737 1.0000000000
124517  -8.598  40.914  26.261 1.0000000000
124518  -8.961  40.548  25.820 1.0000000000
124519  -8.351  39.537  26.507 1.0000000000
124520  -8.874  39.862  25.917 1.0000000000
129674  -7.623  38.269  39.325 1.0000000000
129676  -8.217  36.587  39.694 1.0000000000
129684  -8.405  36.080  40.486 1.0000000000
129685  -8.470  35.696  39.868 1.0000000000
129686  -8.817  34.683  40.034 1.0000000000
129687  -9.080  33.497  40.187 1.0000000000
129688  -9.164  32.221  40.260 1.0000000000
129689  -9.065  31.867  41.663 1.0000000000
129690  -9.085  31.455  40.990 1.0000000000
129691  -9.120  31.073  40.362 1.0000000000
129692  -8.856  30.111  40.359 1.0000000000
129693  -8.478  29.333  40.344 1.0000000000
129694  -7.988  28.648  40.348 1.0000000000
129695  -7.609  28.104  40.269 1.0000000000
129696  -7.640  28.178  40.877 1.0000000000
129697  -7.344  27.656  41.424 1.0000000000
129698  -7.082  27.198  41.993 1.0000000000
129699  -7.551  28.028  42.738 1.0000000000
129700  -7.195  27.386  42.670 1.0000000000
129701  -6.883  26.764  42.608 1.0000000000
129702  -6.764  26.341  43.291 1.0000000000
129703  -6.689  25.954  44.015 1.0000000000
129704  -6.724  25.560  44.746 1.0000000000
129712  -6.838  25.865  45.364 1.0000000000
129713  -6.848  25.180  45.420 1.0000000000
134027  -7.629  35.756  29.521 1.0000000000
134028  -7.996  36.238  28.540 1.0000000000
134029  -8.116  35.544  29.016 1.0000000000
134030  -8.718  35.370  28.559 1.0000000000
140731  -9.047  48.416  25.969 1.0000000000
140732  -9.086  48.102  26.719 1.0000000000
140733  -9.120  47.059  26.794 1.0000000000
140734  -9.064  46.139  26.959 1.0000000000
140735  -9.132  46.406  28.201 1.0000000000
140736  -9.084  45.820  27.637 1.0000000000
140737  -8.949  45.259  27.091 1.0000000000
140738  -8.807  44.437  27.273 1.0000000000
140739  -8.654  43.634  27.483 1.0000000000
140740  -8.474  42.857  27.663 1.0000000000
140741  -9.173  44.750  31.098 1.0000000000
140742  -9.228  44.204  30.477 1.0000000000
140743  -9.167  43.712  29.905 1.0000000000
140744  -9.167  42.356  30.783 1.0000000000
140745  -9.083  42.797  30.054 1.0000000000
140746  -9.021  43.260  29.375 1.0000000000
140747  -8.719  42.885  28.821 1.0000000000
140748  -8.454  42.492  28.316 1.0000000000
140749  -8.236  42.119  27.800 1.0000000000
140750  -7.940  41.421  27.942 1.0000000000
140751  -7.700  40.723  28.119 1.0000000000
140752  -7.456  39.998  28.385 1.0000000000
140753  -7.566  39.861  29.708 1.0000000000
140754  -7.357  39.584  29.222 1.0000000000
140755  -7.248  39.284  28.702 1.0000000000
140756  -7.215  38.517  28.976 1.0000000000
140757  -7.212  37.701  29.270 1.0000000000
140758  -7.230  36.877  29.635 1.0000000000
140761  -7.881  40.670  36.018 1.0000000000
140762  -7.450  39.430  36.936 1.0000000000
140763  -7.757  39.889  36.199 1.0000000000
140764  -8.077  40.219  35.483 1.0000000000
140765  -8.187  39.792  34.930 1.0000000000
140766  -8.283  39.358  34.370 1.0000000000
140767  -8.261  38.871  33.825 1.0000000000
140768  -8.325  36.137  37.826 1.0000000000
140769  -8.280  36.563  37.093 1.0000000000
140770  -8.205  36.987  36.393 1.0000000000
140771  -8.573  35.739  36.110 1.0000000000
140772  -8.350  36.582  35.908 1.0000000000
140773  -8.177  37.393  35.635 1.0000000000
140774  -8.165  37.775  34.822 1.0000000000
140775  -8.156  38.129  34.068 1.0000000000
140776  -8.167  38.468  33.288 1.0000000000
140777  -8.006  38.080  32.815 1.0000000000
140778  -7.796  37.808  32.392 1.0000000000
140779  -7.596  37.498  32.028 1.0000000000
140780  -7.907  36.311  33.077 1.0000000000
140781  -7.608  36.737  32.386 1.0000000000
140782  -7.349  37.160  31.641 1.0000000000
140783  -7.224  36.783  31.243 1.0000000000
140784  -7.196  36.423  30.697 1.0000000000
140785  -7.332  36.071  30.082 1.0000000000
140786  -7.499  35.305  30.462 1.0000000000
140787  -7.678  34.532  30.728 1.0000000000
140788  -7.922  33.807  30.981 1.0000000000
140789  -7.758  33.569  32.356 1.0000000000
140790  -7.885  33.299  31.758 1.0000000000
140791  -8.187  33.102  31.193 1.0000000000
140841  -7.268  27.520  40.174 1.0000000000
140842  -6.950  26.815  40.169 1.0000000000
140843  -6.905  25.988  40.242 1.0000000000
140844  -6.623  25.641  41.566 1.0000000000
140845  -6.789  25.390  40.956 1.0000000000
140846  -7.132  25.194  40.349 1.0000000000
140847  -7.513  24.506  40.533 1.0000000000
140848  -7.984  23.907  40.749 1.0000000000
140849  -8.452  23.249  40.964 1.0000000000
140850  -6.842  23.904  44.301 1.0000000000
140851  -6.959  23.648  43.758 1.0000000000
140852  -7.211  23.336  43.121 1.0000000000
140853  -7.561  22.207  43.895 1.0000000000
140854  -7.592  22.626  43.249 1.0000000000
140855  -7.567  23.097  42.585 1.0000000000
140856  -7.996  22.911  42.084 1.0000000000
140857  -8.440  22.764  41.600 1.0000000000
140858  -8.869  22.585  41.117 1.0000000000
140859  -9.173  21.893  41.271 1.0000000000
140860  -9.384  21.196  41.393 1.0000000000
140861  -9.515  20.507  41.461 1.0000000000
140862  -9.143  20.162  42.471 1.0000000000
140863  -9.376  19.955  41.999 1.0000000000
140864  -9.571  19.795  41.534 1.0000000000
140865  -9.759  19.066  41.607 1.0000000000
140877  -8.866  18.229  45.900 1.0000000000
140878  -9.300  17.668  45.984 1.0000000000
140879  -9.761  17.164  46.070 1.0000000000
140880  -9.662  17.108  47.228 1.0000000000
152733  -10.361  13.852  51.067 1.0000000000
152735  -10.200  13.246  51.627 1.0000000000
152736  -10.431  13.142  51.064 1.0000000000
152737  -10.362  12.449  51.003 1.0000000000
152819  -9.463  10.710  51.027 1.0000000000
152820  -9.578  10.699  50.425 1.0000000000
152821  -9.241  10.215  50.195 1.0000000000
152822  -8.927  9.698  50.018 1.0000000000
152823  -8.660  9.128  49.913 1.0000000000
152826  -8.435  8.533  49.868 1.0000000000
153228  -8.881  47.715  25.333 1.0000000000
153229  -8.562  47.057  24.760 1.0000000000
153230  -8.229  46.487  24.171 1.0000000000
153231  -8.506  45.389  25.078 1.0000000000
153232  -8.308  45.711  24.339 1.0000000000
153233  -8.087  46.010  23.602 1.0000000000
153234  -8.313  45.600  23.038 1.0000000000
153235  -8.722  45.341  22.522 1.0000000000
153237  -8.762  42.408  25.865 1.0000000000
153238  -8.991  42.802  25.172 1.0000000000
153239  -9.250  43.233  24.468 1.0000000000
153241  -9.573  42.929  24.047 1.0000000000
153242  -9.355  43.670  23.754 1.0000000000
153255  -8.430  36.707  27.648 1.0000000000
153256  -8.944  37.123  26.859 1.0000000000
111  -10.018  11.172  50.005 1.0000000000
507  -13.526  42.234  18.046 1.0000000000
1112  -9.336  45.487  21.252 1.0000000000
1120  -10.976  14.609  45.617 1.0000000000
1606  -8.829  26.622  35.855 1.0000000000
2166  -11.369  39.596  23.514 1.0000000000
3040  -10.941  12.974  47.904 1.0000000000
3041  -10.625  12.320  45.450 1.0000000000
3042  -9.689  10.806  47.363 1.0000000000
3636  -8.472  29.725  35.155 1.0000000000
3638  -9.009  24.897  38.046 1.0000000000
4773  -12.197  45.248  16.930 1.0000000000
4780  -9.493  38.130  25.830 1.0000000000
6609  -9.950  46.809  18.669 1.0000000000
6610  -11.583  44.126  19.583 1.0000000000
6612  -9.817  35.581  27.410 1.0000000000
6624  -10.596  15.950  43.481 1.0000000000
7586  -8.039  31.680  33.115 1.0000000000
7591  -10.069  22.106  39.041 1.0000000000
7596  -9.976  16.888  45.493 1.0000000000
7597  -10.594  15.545  48.022 1.0000000000
7598  -10.596  13.775  50.485 1.0000000000
9061  -10.722  42.671  22.400 1.0000000000
9062  -12.764  41.071  20.834 1.0000000000
10720  -10.599  12.072  49.017 1.0000000000
10721  -10.387  11.782  47.648 1.0000000000
10722  -9.834  10.894  48.672 1.0000000000
10723  -9.076  9.996  48.327 1.0000000000
12453  -12.903  43.753  17.455 1.0000000000
12454  -13.063  44.224  16.037 1.0000000000
14855  -9.713  46.132  19.933 1.0000000000
14857  -10.477  44.854  20.408 1.0000000000
14880  -10.819  15.288  44.516 1.0000000000
14881  -11.037  14.861  43.513 1.0000000000
14882  -11.072  14.170  44.545 1.0000000000
16667  -8.250  32.326  34.046 1.0000000000
16668  -8.451  28.257  35.420 1.0000000000
16669  -8.415  29.201  34.369 1.0000000000
16670  -8.620  27.700  34.764 1.0000000000
16676  -9.661  23.468  38.555 1.0000000000
16677  -9.594  22.575  39.708 1.0000000000
16678  -9.919  21.264  40.069 1.0000000000
16679  -9.495  21.662  40.850 1.0000000000
16693  -10.743  14.707  49.256 1.0000000000
20096  -10.370  40.350  24.397 1.0000000000
20097  -10.152  41.841  23.890 1.0000000000
20098  -11.161  41.144  23.083 1.0000000000
20099  -11.840  41.893  21.677 1.0000000000
20100  -12.206  40.333  22.282 1.0000000000
23904  -11.056  13.856  46.774 1.0000000000
23905  -10.955  13.448  45.601 1.0000000000
23906  -10.766  12.625  46.628 1.0000000000
23907  -10.254  11.616  46.339 1.0000000000
24980  -8.937  25.738  36.920 1.0000000000
27035  -9.394  39.541  25.448 1.0000000000
27036  -10.450  38.819  24.639 1.0000000000
30784  -12.621  43.213  18.786 1.0000000000
30787  -8.961  34.713  28.959 1.0000000000
30816  -10.464  16.673  42.398 1.0000000000
30821  -10.966  13.057  44.516 1.0000000000
33209  -8.299  30.631  34.138 1.0000000000
33219  -9.580  24.390  37.398 1.0000000000
33224  -10.070  18.876  41.177 1.0000000000
33234  -10.048  17.068  43.284 1.0000000000
33235  -10.311  16.366  44.381 1.0000000000
33236  -10.585  15.765  45.542 1.0000000000
33238  -10.299  16.319  46.719 1.0000000000
33239  -10.864  15.165  46.794 1.0000000000
33240  -11.048  14.290  48.058 1.0000000000
33241  -10.875  13.360  49.253 1.0000000000
33242  -10.498  12.396  50.388 1.0000000000
37426  -9.775  43.372  23.310 1.0000000000
37427  -10.061  44.183  21.828 1.0000000000
37428  -11.166  43.436  20.986 1.0000000000
37429  -12.261  42.603  20.246 1.0000000000
37430  -13.182  41.705  19.464 1.0000000000
37431  -9.525  36.905  26.555 1.0000000000
37432  -10.476  37.597  25.096 1.0000000000
37438  -13.567  40.084  19.957 1.0000000000
37439  -13.961  40.631  18.564 1.0000000000
41440  -10.323  11.604  49.533 1.0000000000
41441  -10.290  11.422  48.869 1.0000000000
41442  -9.956  11.024  49.332 1.0000000000
41443  -9.540  10.551  49.123 1.0000000000
41444  -9.664  10.694  49.795 1.0000000000
43173  -13.237  43.003  17.743 1.0000000000
43174  -13.367  43.226  17.052 1.0000000000
43175  -13.677  42.470  17.350 1.0000000000
43177  -13.938  41.707  17.602 1.0000000000
45575  -9.527  45.821  20.605 1.0000000000
45576  -10.103  45.513  20.156 1.0000000000
45577  -9.918  45.202  20.796 1.0000000000
45600  -10.900  14.950  45.047 1.0000000000
45601  -10.982  14.732  44.534 1.0000000000
45602  -11.025  14.390  45.077 1.0000000000
47388  -8.568  27.472  35.623 1.0000000000
47389  -8.508  28.006  35.071 1.0000000000
47390  -8.717  27.177  35.283 1.0000000000
47391  -8.862  26.902  35.003 1.0000000000
47392  -9.025  26.312  35.548 1.0000000000
47394  -9.109  25.899  36.057 1.0000000000
47398  -9.558  22.118  40.271 1.0000000000
50816  -10.851  39.983  23.904 1.0000000000
50817  -10.785  40.728  23.799 1.0000000000
50818  -11.307  40.367  23.324 1.0000000000
50819  -11.731  40.741  22.675 1.0000000000
50820  -11.811  39.962  22.946 1.0000000000
55200  -11.047  13.432  47.349 1.0000000000
55201  -10.957  13.208  46.734 1.0000000000
55202  -10.858  12.801  47.270 1.0000000000
55203  -10.031  11.265  47.494 1.0000000000
55204  -10.301  11.704  46.997 1.0000000000
55205  -9.985  11.221  46.838 1.0000000000
60418  -9.438  38.838  25.605 1.0000000000
60419  -9.933  39.175  25.043 1.0000000000
60420  -9.977  38.488  25.223 1.0000000000
67603  -9.677  47.314  18.413 1.0000000000
67605  -10.217  47.026  17.993 1.0000000000
67611  -12.241  44.006  18.531 1.0000000000
67612  -12.122  43.707  19.162 1.0000000000
67680  -10.490  16.285  42.942 1.0000000000
67681  -10.731  16.086  42.495 1.0000000000
67682  -10.755  15.738  43.000 1.0000000000
67688  -10.821  12.864  45.559 1.0000000000
67689  -10.947  13.249  45.068 1.0000000000
67690  -10.802  12.687  44.996 1.0000000000
73043  -8.585  30.440  35.105 1.0000000000
73044  -8.471  30.965  34.590 1.0000000000
73045  -8.440  30.191  34.634 1.0000000000
73046  -8.460  28.972  34.035 1.0000000000
73047  -8.379  29.675  33.860 1.0000000000
73065  -8.951  25.329  37.469 1.0000000000
73066  -9.251  25.082  37.152 1.0000000000
73067  -9.314  24.648  37.712 1.0000000000
73068  -9.896  22.788  38.818 1.0000000000
73069  -9.896  23.280  38.251 1.0000000000
73075  -9.808  20.792  40.575 1.0000000000
73076  -10.039  20.574  40.160 1.0000000000
73077  -9.945  20.098  40.632 1.0000000000
73078  -10.128  19.389  40.696 1.0000000000
73106  -9.987  16.925  44.314 1.0000000000
73107  -10.150  16.589  44.928 1.0000000000
73108  -10.443  16.050  44.957 1.0000000000
73109  -10.311  16.325  45.533 1.0000000000
73113  -10.257  16.174  47.929 1.0000000000
73114  -10.109  16.552  47.277 1.0000000000
73115  -10.440  15.960  47.362 1.0000000000
73116  -10.589  15.753  46.763 1.0000000000
73117  -10.725  15.377  47.397 1.0000000000
73118  -10.958  14.757  47.405 1.0000000000
73119  -10.847  14.936  48.026 1.0000000000
73120  -10.675  14.249  49.854 1.0000000000
73121  -10.852  14.031  49.309 1.0000000000
73122  -10.755  13.551  49.897 1.0000000000
73123  -10.733  12.852  49.852 1.0000000000
73124  -10.599  13.068  50.480 1.0000000000
83329  -10.437  42.307  23.168 1.0000000000
83330  -9.978  42.610  23.612 1.0000000000
83331  -10.216  43.069  22.857 1.0000000000
83332  -9.917  43.818  22.564 1.0000000000
83333  -10.379  43.460  22.122 1.0000000000
83334  -10.592  43.817  21.405 1.0000000000
83335  -10.934  43.066  21.705 1.0000000000
83336  -12.328  41.504  21.257 1.0000000000
83337  -12.039  42.296  20.927 1.0000000000
83338  -12.532  41.847  20.542 1.0000000000
83339  -12.729  42.160  19.858 1.0000000000
83340  -12.982  41.389  20.133 1.0000000000
83341  -9.127  35.816  27.745 1.0000000000
83342  -8.999  36.500  27.262 1.0000000000
83343  -9.652  36.237  26.974 1.0000000000
83345  -10.530  36.996  25.519 1.0000000000
83346  -10.975  37.299  24.735 1.0000000000
83347  -10.960  37.869  24.408 1.0000000000
83362  -13.796  40.362  19.291 1.0000000000
93024  -10.778  12.515  48.455 1.0000000000
93025  -10.693  12.340  47.789 1.0000000000
93026  -10.476  11.878  48.316 1.0000000000
93027  -10.112  11.319  48.160 1.0000000000
93028  -9.723  10.817  48.012 1.0000000000
93029  -9.345  10.368  47.866 1.0000000000
93030  -9.409  10.454  48.470 1.0000000000
93031  -9.124  10.123  48.906 1.0000000000
96143  -12.549  44.510  17.189 1.0000000000
96144  -12.672  44.751  16.461 1.0000000000
96145  -12.995  43.995  16.761 1.0000000000
100467  -9.834  46.475  19.284 1.0000000000
100469  -10.261  45.831  19.460 1.0000000000
100473  -8.924  33.508  30.019 1.0000000000
100512  -10.723  15.628  43.979 1.0000000000
100513  -10.873  15.415  43.490 1.0000000000
100514  -10.952  15.070  44.007 1.0000000000
100515  -11.078  14.505  44.046 1.0000000000
100516  -11.119  13.962  44.032 1.0000000000
103729  -8.098  31.987  33.584 1.0000000000
103730  -8.453  28.976  35.293 1.0000000000
103731  -8.406  29.473  34.710 1.0000000000
103732  -8.400  28.752  34.879 1.0000000000
103733  -8.482  28.466  34.561 1.0000000000
103734  -8.567  28.191  34.238 1.0000000000
103744  -9.367  24.176  38.290 1.0000000000
103745  -9.369  23.669  38.906 1.0000000000
103746  -9.628  23.010  39.147 1.0000000000
103747  -9.847  22.351  39.364 1.0000000000
103748  -10.004  21.685  39.557 1.0000000000
103749  -9.814  21.925  39.898 1.0000000000
103750  -9.724  21.439  40.447 1.0000000000
103751  -9.613  20.992  40.961 1.0000000000
103774  -10.400  15.782  48.583 1.0000000000
103775  -10.691  15.142  48.644 1.0000000000
103776  -10.467  15.394  49.214 1.0000000000
103777  -10.475  14.951  49.816 1.0000000000
109900  -9.880  40.704  24.808 1.0000000000
109901  -9.827  41.437  24.574 1.0000000000
109902  -10.285  41.124  24.193 1.0000000000
109903  -10.612  41.526  23.493 1.0000000000
109904  -10.932  41.911  22.768 1.0000000000
109905  -11.251  42.285  22.049 1.0000000000
109906  -11.511  41.516  22.387 1.0000000000
109907  -12.078  41.101  21.983 1.0000000000
109908  -12.517  40.743  21.574 1.0000000000
109910  -10.273  35.982  26.654 1.0000000000
117216  -11.061  14.252  46.189 1.0000000000
117217  -11.011  14.029  45.625 1.0000000000
117218  -11.018  13.609  46.205 1.0000000000
117219  -10.881  13.033  46.128 1.0000000000
117220  -10.669  12.474  46.027 1.0000000000
117221  -10.605  12.238  47.142 1.0000000000
117222  -10.497  12.059  46.521 1.0000000000
117223  -10.429  11.957  45.914 1.0000000000
119719  -8.603  29.951  35.654 1.0000000000
119722  -8.499  29.220  35.747 1.0000000000
119725  -8.570  26.940  36.215 1.0000000000
119726  -8.899  26.188  36.361 1.0000000000
119727  -8.597  26.485  36.727 1.0000000000
119728  -8.577  26.029  37.245 1.0000000000
124521  -9.395  40.243  25.334 1.0000000000
124522  -9.897  39.910  24.932 1.0000000000
124523  -10.415  39.548  24.521 1.0000000000
124524  -10.925  39.221  24.070 1.0000000000
134023  -12.047  44.999  17.643 1.0000000000
134024  -12.411  44.260  17.865 1.0000000000
134025  -12.763  43.521  18.104 1.0000000000
134026  -13.075  42.759  18.412 1.0000000000
134031  -9.383  35.171  28.151 1.0000000000
134032  -9.224  34.030  29.305 1.0000000000
134033  -9.595  34.477  28.582 1.0000000000
134112  -10.444  17.074  41.864 1.0000000000
134114  -10.726  16.448  41.938 1.0000000000
134123  -11.059  13.816  45.078 1.0000000000
134124  -11.063  13.611  44.542 1.0000000000
140795  -8.497  31.797  34.524 1.0000000000
140796  -8.285  31.494  34.081 1.0000000000
140797  -8.187  31.180  33.638 1.0000000000
140798  -8.351  29.917  34.226 1.0000000000
140799  -8.292  30.395  33.729 1.0000000000
140800  -8.240  30.930  33.198 1.0000000000
140823  -9.203  25.489  36.608 1.0000000000
140826  -9.648  23.944  37.963 1.0000000000
140839  -10.335  18.706  40.754 1.0000000000
140840  -10.267  18.224  41.244 1.0000000000
140866  -9.972  18.358  41.687 1.0000000000
140867  -10.181  17.705  41.765 1.0000000000
140868  -10.185  17.248  42.302 1.0000000000
140869  -10.241  16.855  42.821 1.0000000000
140870  -10.350  16.510  43.368 1.0000000000
140871  -9.844  17.275  43.759 1.0000000000
140872  -10.185  16.714  43.824 1.0000000000
140873  -10.466  16.164  43.916 1.0000000000
140874  -10.614  15.828  44.430 1.0000000000
140875  -10.705  15.496  44.999 1.0000000000
140876  -10.832  15.183  45.584 1.0000000000
140881  -9.937  16.860  46.677 1.0000000000
140882  -10.170  16.624  46.133 1.0000000000
140883  -10.469  16.065  46.140 1.0000000000
140884  -10.728  15.478  46.174 1.0000000000
140885  -10.936  14.859  46.196 1.0000000000
140886  -11.029  14.502  46.789 1.0000000000
140887  -11.085  14.089  47.397 1.0000000000
140888  -11.069  13.625  47.996 1.0000000000
140889  -10.892  14.490  48.676 1.0000000000
140890  -11.001  13.832  48.679 1.0000000000
140891  -10.978  13.157  48.568 1.0000000000
140892  -10.793  12.704  49.138 1.0000000000
140893  -10.576  12.222  49.710 1.0000000000
140894  -10.303  11.762  50.222 1.0000000000
152738  -10.191  11.779  50.877 1.0000000000
152739  -9.925  11.214  50.667 1.0000000000
153236  -9.190  45.138  21.952 1.0000000000
153240  -9.712  42.178  24.328 1.0000000000
153243  -9.463  44.111  23.016 1.0000000000
153244  -9.569  44.519  22.259 1.0000000000
153245  -9.712  44.859  21.498 1.0000000000
153246  -10.266  44.522  21.123 1.0000000000
153247  -10.826  44.153  20.705 1.0000000000
153248  -11.384  43.782  20.281 1.0000000000
153249  -11.503  42.689  21.343 1.0000000000
153250  -11.714  43.061  20.602 1.0000000000
153251  -11.950  43.397  19.859 1.0000000000
153252  -12.450  42.925  19.517 1.0000000000
153253  -12.907  42.465  19.170 1.0000000000
153254  -13.345  41.971  18.755 1.0000000000
153257  -9.452  37.539  26.168 1.0000000000
153258  -10.101  36.636  26.258 1.0000000000
153259  -10.001  37.274  25.845 1.0000000000
153260  -9.988  37.872  25.484 1.0000000000
153261  -10.472  38.174  24.816 1.0000000000
153262  -10.974  38.481  24.206 1.0000000000
153263  -11.400  38.855  23.658 1.0000000000
153271  -11.811  38.525  23.202 1.0000000000
153272  -11.852  39.224  23.079 1.0000000000
153273  -12.265  39.586  22.487 1.0000000000
153275  -12.918  40.298  21.115 1.0000000000
153279  -13.422  40.875  19.728 1.0000000000
153280  -13.591  41.173  19.042 1.0000000000
153281  -13.773  41.433  18.313 1.0000000000
