#!ascii label  , from subject fsaverage vox2ras=TkReg
752
92  7.604  19.342  46.805 1.0000000000
93  9.269  41.098  30.026 1.0000000000
454  8.185  31.446  38.888 1.0000000000
994  8.571  25.929  42.623 1.0000000000
1625  7.355  43.864  25.125 1.0000000000
2015  8.471  31.896  34.242 1.0000000000
2016  8.594  36.731  34.559 1.0000000000
2017  8.447  31.215  44.340 1.0000000000
2018  8.734  36.855  40.116 1.0000000000
2019  8.601  42.067  35.749 1.0000000000
2912  7.932  19.709  44.493 1.0000000000
2913  7.746  23.395  42.144 1.0000000000
2914  8.063  22.690  44.643 1.0000000000
4417  8.115  31.657  36.608 1.0000000000
4419  8.285  34.225  36.726 1.0000000000
4426  8.178  39.584  37.906 1.0000000000
4890  8.835  45.493  22.815 1.0000000000
6395  8.165  26.459  40.252 1.0000000000
6396  8.421  28.773  40.752 1.0000000000
7413  8.273  22.128  47.282 1.0000000000
7630  9.067  43.781  29.954 1.0000000000
7631  7.798  42.365  27.978 1.0000000000
7632  7.761  45.136  27.595 1.0000000000
7637  9.551  49.142  20.305 1.0000000000
8622  9.228  39.064  32.364 1.0000000000
8623  9.189  25.392  45.433 1.0000000000
8624  8.675  28.540  43.435 1.0000000000
8625  8.576  31.373  41.444 1.0000000000
8627  8.347  34.019  42.302 1.0000000000
8628  8.619  34.086  39.325 1.0000000000
8629  8.637  36.801  37.202 1.0000000000
8630  8.502  39.350  35.020 1.0000000000
8631  9.324  41.707  32.700 1.0000000000
8632  9.274  44.474  33.195 1.0000000000
9195  8.648  41.159  25.320 1.0000000000
10592  7.675  19.436  45.668 1.0000000000
10593  7.747  21.197  44.478 1.0000000000
10594  7.665  20.905  45.744 1.0000000000
10633  7.944  17.975  47.416 1.0000000000
10635  7.949  18.116  46.314 1.0000000000
10636  8.150  18.301  45.209 1.0000000000
10749  9.102  40.508  29.062 1.0000000000
12096  8.263  30.289  37.566 1.0000000000
12097  8.111  31.580  37.720 1.0000000000
12098  8.143  33.004  36.608 1.0000000000
12099  8.278  32.859  37.789 1.0000000000
14495  8.073  24.735  42.395 1.0000000000
14496  7.891  25.100  41.154 1.0000000000
14497  8.254  26.208  41.474 1.0000000000
14498  8.290  27.596  40.496 1.0000000000
14499  8.456  27.407  41.640 1.0000000000
16762  8.731  45.172  30.207 1.0000000000
16763  8.322  44.442  28.800 1.0000000000
19009  8.653  33.272  33.103 1.0000000000
19010  8.503  35.555  34.346 1.0000000000
19014  8.905  37.932  33.457 1.0000000000
19016  8.743  23.708  46.336 1.0000000000
19017  9.040  25.212  46.971 1.0000000000
19018  8.491  29.785  45.426 1.0000000000
19019  8.742  28.439  45.034 1.0000000000
19020  8.612  29.899  43.859 1.0000000000
19021  8.645  29.963  42.454 1.0000000000
19022  8.592  31.323  42.867 1.0000000000
19026  8.280  36.822  41.636 1.0000000000
19027  8.105  35.342  42.727 1.0000000000
19028  8.478  35.427  41.223 1.0000000000
19029  8.511  34.080  40.789 1.0000000000
19030  8.804  35.464  39.704 1.0000000000
19031  8.768  35.456  38.208 1.0000000000
19032  8.858  36.857  38.595 1.0000000000
19034  8.260  39.403  36.437 1.0000000000
19035  8.543  40.674  35.361 1.0000000000
19036  8.806  40.584  33.894 1.0000000000
19037  9.027  41.924  34.210 1.0000000000
19038  9.413  43.069  32.929 1.0000000000
19039  9.164  43.275  34.601 1.0000000000
20430  7.224  43.031  26.669 1.0000000000
20431  7.742  41.566  26.882 1.0000000000
20432  7.782  42.349  25.198 1.0000000000
23674  7.789  21.515  43.320 1.0000000000
23675  7.882  23.100  43.417 1.0000000000
23676  8.452  24.349  43.601 1.0000000000
23752  8.387  18.641  44.136 1.0000000000
26380  8.404  30.326  36.536 1.0000000000
26381  8.198  31.796  35.494 1.0000000000
26382  8.320  33.264  34.273 1.0000000000
26383  8.132  33.196  35.462 1.0000000000
26384  8.219  34.396  35.524 1.0000000000
26385  8.340  35.510  35.658 1.0000000000
26395  8.418  38.323  40.481 1.0000000000
26396  8.601  38.304  38.968 1.0000000000
26398  7.817  40.908  38.256 1.0000000000
27234  8.013  44.684  23.884 1.0000000000
30276  8.194  25.360  39.026 1.0000000000
30278  7.983  25.245  39.995 1.0000000000
30279  8.269  26.573  39.173 1.0000000000
30282  8.329  30.119  39.853 1.0000000000
32733  7.773  20.784  46.934 1.0000000000
33328  9.183  42.416  29.919 1.0000000000
33329  8.707  41.775  28.992 1.0000000000
33330  8.462  43.098  28.778 1.0000000000
33331  7.666  43.760  27.730 1.0000000000
33332  7.361  44.507  26.449 1.0000000000
33335  7.720  45.392  25.183 1.0000000000
33337  9.049  46.801  23.005 1.0000000000
36120  9.483  40.120  31.229 1.0000000000
36121  8.234  22.357  45.941 1.0000000000
36122  8.695  23.998  44.879 1.0000000000
36123  9.005  25.609  43.938 1.0000000000
36124  9.093  26.913  45.994 1.0000000000
36125  9.058  27.065  44.515 1.0000000000
36126  8.760  27.231  42.986 1.0000000000
36127  8.576  28.681  42.002 1.0000000000
36128  8.503  30.013  41.111 1.0000000000
36129  8.346  31.405  40.112 1.0000000000
36132  8.108  32.487  44.845 1.0000000000
36134  8.094  33.941  43.780 1.0000000000
36135  8.334  32.628  43.290 1.0000000000
36136  8.506  32.742  41.854 1.0000000000
36137  8.469  32.745  40.424 1.0000000000
36138  8.360  32.785  39.085 1.0000000000
36139  8.475  34.115  37.942 1.0000000000
36140  8.469  35.452  36.917 1.0000000000
36141  8.500  36.772  35.879 1.0000000000
36142  8.550  38.207  37.572 1.0000000000
36143  8.438  38.059  36.153 1.0000000000
36144  8.590  38.043  34.776 1.0000000000
36145  8.775  39.221  33.656 1.0000000000
36146  9.207  40.357  32.500 1.0000000000
36147  9.451  41.452  31.275 1.0000000000
36148  9.475  42.782  31.290 1.0000000000
36149  9.288  44.183  31.514 1.0000000000
36150  8.902  45.557  31.783 1.0000000000
36151  8.903  44.668  34.894 1.0000000000
37827  8.369  41.014  28.090 1.0000000000
37828  8.440  40.347  26.736 1.0000000000
41312  7.612  19.392  46.256 1.0000000000
41313  7.591  20.105  45.681 1.0000000000
41314  7.571  20.060  46.265 1.0000000000
41353  7.733  18.641  47.097 1.0000000000
41354  7.906  18.064  46.877 1.0000000000
41355  7.738  18.718  46.551 1.0000000000
41356  7.801  18.750  46.011 1.0000000000
41467  9.419  40.488  30.065 1.0000000000
41469  9.185  40.793  29.532 1.0000000000
42815  8.154  30.818  38.781 1.0000000000
42816  8.139  30.873  38.217 1.0000000000
42817  8.137  31.518  38.295 1.0000000000
42818  8.164  32.254  37.762 1.0000000000
42819  8.207  32.161  38.374 1.0000000000
45215  8.351  25.308  42.533 1.0000000000
45216  8.179  25.523  41.930 1.0000000000
45217  8.379  26.067  42.044 1.0000000000
45218  8.400  26.803  41.521 1.0000000000
45219  8.495  26.704  42.063 1.0000000000
47482  8.491  45.853  30.335 1.0000000000
49729  8.570  32.590  33.656 1.0000000000
49730  8.569  36.154  34.446 1.0000000000
49732  8.735  36.736  33.910 1.0000000000
49734  8.754  37.341  34.022 1.0000000000
49738  8.448  30.494  44.873 1.0000000000
49739  8.563  29.849  44.635 1.0000000000
49740  8.535  30.558  44.117 1.0000000000
49741  8.616  30.599  43.356 1.0000000000
49742  8.539  31.262  43.601 1.0000000000
49746  8.539  36.844  40.902 1.0000000000
49747  8.397  36.113  41.441 1.0000000000
49748  8.620  36.138  40.677 1.0000000000
49749  8.672  35.443  40.484 1.0000000000
49750  8.814  36.146  39.900 1.0000000000
49751  8.898  36.148  39.144 1.0000000000
49752  8.866  36.864  39.327 1.0000000000
49753  8.322  41.433  36.232 1.0000000000
49754  8.356  40.715  36.092 1.0000000000
49755  8.576  41.348  35.526 1.0000000000
49756  8.790  41.326  34.793 1.0000000000
49757  8.852  42.018  34.995 1.0000000000
49758  9.118  42.600  34.397 1.0000000000
49759  8.894  42.702  35.202 1.0000000000
51150  7.173  43.422  25.911 1.0000000000
51151  7.343  42.656  25.986 1.0000000000
51152  7.472  43.058  25.176 1.0000000000
54813  7.997  20.796  43.338 1.0000000000
54814  7.895  20.559  43.896 1.0000000000
54815  7.822  21.966  44.572 1.0000000000
54816  7.785  22.160  43.936 1.0000000000
54817  7.972  22.893  44.031 1.0000000000
54818  8.117  23.749  43.516 1.0000000000
54819  8.280  23.540  44.105 1.0000000000
54943  8.020  18.961  44.866 1.0000000000
54944  8.242  18.439  44.646 1.0000000000
54945  8.146  19.140  44.294 1.0000000000
54946  8.315  19.347  43.791 1.0000000000
59323  8.183  30.944  37.106 1.0000000000
59324  8.327  30.310  37.031 1.0000000000
59325  8.230  30.990  36.576 1.0000000000
59326  8.283  31.022  36.033 1.0000000000
59327  8.137  31.724  36.062 1.0000000000
59328  8.098  32.523  35.459 1.0000000000
59329  8.074  32.442  36.040 1.0000000000
59330  8.191  33.637  36.633 1.0000000000
59331  8.131  33.743  36.067 1.0000000000
59332  8.228  34.313  36.126 1.0000000000
59333  8.292  34.943  35.578 1.0000000000
59334  8.314  34.885  36.209 1.0000000000
59341  8.174  30.342  46.423 1.0000000000
59351  8.300  39.013  39.872 1.0000000000
59353  7.495  41.673  39.184 1.0000000000
59354  7.694  40.957  38.990 1.0000000000
60750  8.448  45.105  23.341 1.0000000000
60751  8.637  44.327  23.335 1.0000000000
60752  9.037  44.750  22.805 1.0000000000
66518  8.309  24.722  39.078 1.0000000000
66519  8.169  24.630  39.491 1.0000000000
66523  7.999  25.804  40.672 1.0000000000
66524  7.896  25.175  40.571 1.0000000000
66525  8.053  25.898  40.072 1.0000000000
66526  8.133  25.972  39.535 1.0000000000
66527  8.191  26.542  39.656 1.0000000000
66528  8.327  27.128  39.245 1.0000000000
66529  8.271  27.089  39.786 1.0000000000
66530  8.348  28.164  40.640 1.0000000000
66534  8.385  29.433  40.300 1.0000000000
73327  9.150  43.090  29.918 1.0000000000
73328  8.869  42.740  29.321 1.0000000000
73329  8.820  43.417  29.266 1.0000000000
73330  8.015  44.784  28.222 1.0000000000
73331  8.000  44.090  28.205 1.0000000000
73332  7.686  44.445  27.626 1.0000000000
73333  7.393  44.099  27.116 1.0000000000
73334  7.573  44.826  27.027 1.0000000000
73343  8.024  45.785  24.606 1.0000000000
73347  9.336  47.423  23.031 1.0000000000
73348  9.374  47.121  22.456 1.0000000000
73349  9.617  47.726  22.421 1.0000000000
73374  9.382  48.725  19.712 1.0000000000
80060  8.893  33.996  31.989 1.0000000000
80079  9.411  39.640  31.802 1.0000000000
80080  8.019  21.489  47.051 1.0000000000
80081  7.957  21.557  46.455 1.0000000000
80082  8.259  22.222  46.606 1.0000000000
80083  9.013  24.535  45.876 1.0000000000
80084  8.735  23.830  45.605 1.0000000000
80085  8.994  24.676  45.117 1.0000000000
80086  8.915  24.820  44.406 1.0000000000
80087  9.144  25.504  44.673 1.0000000000
80090  8.903  27.631  46.303 1.0000000000
80091  8.694  28.558  44.234 1.0000000000
80092  8.911  27.794  44.726 1.0000000000
80093  8.820  27.882  43.936 1.0000000000
80094  8.936  27.142  43.756 1.0000000000
80095  8.696  27.913  43.158 1.0000000000
80096  8.636  27.981  42.460 1.0000000000
80097  8.629  28.598  42.692 1.0000000000
80098  8.620  30.670  41.977 1.0000000000
80099  8.594  29.982  41.787 1.0000000000
80100  8.575  30.633  41.301 1.0000000000
80101  8.417  30.698  40.613 1.0000000000
80102  8.465  31.392  40.764 1.0000000000
80110  7.936  33.145  45.018 1.0000000000
80114  8.237  34.701  42.535 1.0000000000
80115  8.092  34.645  43.281 1.0000000000
80116  8.229  33.974  43.054 1.0000000000
80117  8.239  33.251  43.587 1.0000000000
80118  8.338  33.322  42.825 1.0000000000
80119  8.445  32.711  42.566 1.0000000000
80120  8.422  33.385  42.061 1.0000000000
80121  8.575  34.080  40.051 1.0000000000
80122  8.495  33.400  40.581 1.0000000000
80123  8.499  33.414  39.863 1.0000000000
80124  8.415  32.758  39.749 1.0000000000
80125  8.477  33.436  39.158 1.0000000000
80126  8.427  33.452  38.462 1.0000000000
80127  8.553  34.071  38.591 1.0000000000
80128  8.719  36.112  37.706 1.0000000000
80129  8.618  35.418  37.546 1.0000000000
80130  8.569  36.087  37.034 1.0000000000
80131  8.437  36.082  36.386 1.0000000000
80132  8.548  36.774  36.509 1.0000000000
80133  8.402  38.942  38.425 1.0000000000
80134  8.590  38.262  38.246 1.0000000000
80135  8.347  38.914  37.704 1.0000000000
80136  8.391  39.363  35.708 1.0000000000
80137  8.366  38.725  36.283 1.0000000000
80138  8.440  38.682  35.554 1.0000000000
80139  8.489  38.030  35.437 1.0000000000
80140  8.556  38.698  34.896 1.0000000000
80141  8.688  38.664  34.212 1.0000000000
80142  8.625  39.308  34.345 1.0000000000
80143  9.052  41.169  33.288 1.0000000000
80144  8.994  40.478  33.199 1.0000000000
80145  9.229  41.020  32.613 1.0000000000
80146  9.367  40.924  31.937 1.0000000000
80147  9.422  41.596  31.959 1.0000000000
80148  9.479  42.112  31.251 1.0000000000
80149  9.453  42.257  32.015 1.0000000000
80150  9.394  43.763  33.058 1.0000000000
80151  9.439  43.636  32.220 1.0000000000
80152  9.352  44.331  32.352 1.0000000000
80153  9.122  44.873  31.634 1.0000000000
80154  9.158  45.046  32.507 1.0000000000
84330  8.243  42.059  28.512 1.0000000000
84331  8.467  41.364  28.582 1.0000000000
84332  8.058  41.645  28.127 1.0000000000
84333  8.117  41.300  26.076 1.0000000000
84334  8.110  40.923  26.822 1.0000000000
84335  8.502  40.754  26.029 1.0000000000
92792  7.794  19.539  45.061 1.0000000000
92793  7.777  20.381  44.509 1.0000000000
92794  7.672  20.222  45.103 1.0000000000
92795  7.669  21.012  45.140 1.0000000000
92796  7.851  21.746  45.172 1.0000000000
92871  8.031  18.190  45.775 1.0000000000
92872  7.903  18.828  45.445 1.0000000000
95500  8.151  30.917  37.654 1.0000000000
95501  8.120  31.606  37.147 1.0000000000
95502  8.094  32.341  36.599 1.0000000000
95503  8.129  32.268  37.174 1.0000000000
95504  8.216  32.920  37.203 1.0000000000
95505  8.289  33.541  37.225 1.0000000000
99817  7.847  24.115  42.262 1.0000000000
99818  7.795  24.302  41.611 1.0000000000
99819  7.950  24.963  41.756 1.0000000000
99820  8.057  25.714  41.309 1.0000000000
99821  8.184  26.344  40.860 1.0000000000
99822  8.255  27.045  40.322 1.0000000000
99823  8.310  26.937  40.917 1.0000000000
99824  8.353  27.505  41.076 1.0000000000
99825  8.410  28.110  41.199 1.0000000000
103900  8.923  44.494  30.007 1.0000000000
103901  8.705  44.109  29.352 1.0000000000
103902  8.580  44.810  29.450 1.0000000000
103927  9.441  49.820  20.238 1.0000000000
103928  9.268  49.347  19.648 1.0000000000
107942  8.870  33.321  32.555 1.0000000000
107943  8.743  33.954  32.554 1.0000000000
107952  9.051  38.503  32.915 1.0000000000
107954  8.524  22.907  46.801 1.0000000000
107955  8.697  23.644  47.061 1.0000000000
107956  8.958  24.454  46.632 1.0000000000
107957  9.141  25.272  46.224 1.0000000000
107958  8.594  29.039  46.000 1.0000000000
107959  8.738  28.369  45.794 1.0000000000
107960  8.643  29.145  45.145 1.0000000000
107961  8.669  29.198  44.392 1.0000000000
107962  8.654  29.228  43.626 1.0000000000
107963  8.636  29.248  42.905 1.0000000000
107964  8.642  29.936  43.099 1.0000000000
107965  8.636  30.656  42.657 1.0000000000
107966  8.603  31.399  42.140 1.0000000000
107974  8.178  36.064  42.185 1.0000000000
107975  8.293  35.393  41.977 1.0000000000
107976  8.370  34.726  41.766 1.0000000000
107977  8.423  34.060  41.546 1.0000000000
107978  8.511  34.753  41.018 1.0000000000
107979  8.650  34.775  40.270 1.0000000000
107980  8.747  34.768  39.501 1.0000000000
107981  8.735  34.774  38.768 1.0000000000
107982  8.828  35.471  38.936 1.0000000000
107983  8.858  36.145  38.403 1.0000000000
107984  8.752  36.829  37.901 1.0000000000
107985  8.072  40.183  37.363 1.0000000000
107986  8.195  39.498  37.178 1.0000000000
107987  8.163  40.089  36.628 1.0000000000
107988  8.352  40.038  35.899 1.0000000000
107989  8.502  39.978  35.184 1.0000000000
107990  8.629  39.930  34.484 1.0000000000
107991  8.706  40.633  34.617 1.0000000000
107992  8.914  41.265  34.017 1.0000000000
107993  9.172  41.828  33.434 1.0000000000
107994  9.380  42.394  32.811 1.0000000000
107995  9.270  42.465  33.592 1.0000000000
107996  9.341  43.162  33.776 1.0000000000
107997  9.283  43.877  33.890 1.0000000000
110502  7.407  42.662  27.406 1.0000000000
110503  7.670  41.968  27.554 1.0000000000
110504  7.384  42.272  26.779 1.0000000000
110505  7.695  41.943  26.056 1.0000000000
110506  8.258  41.684  25.314 1.0000000000
116674  8.140  21.042  42.785 1.0000000000
116675  7.872  21.735  42.751 1.0000000000
116676  7.721  22.472  42.687 1.0000000000
116677  7.743  21.339  43.905 1.0000000000
116678  7.749  22.335  43.300 1.0000000000
116679  7.769  23.244  42.772 1.0000000000
116680  7.966  23.940  42.890 1.0000000000
116681  8.264  24.540  43.009 1.0000000000
116682  8.588  25.127  43.121 1.0000000000
116857  8.452  17.981  44.443 1.0000000000
122991  8.462  30.357  36.007 1.0000000000
122992  8.337  31.061  35.471 1.0000000000
122993  8.296  31.848  34.844 1.0000000000
122994  8.365  32.585  34.254 1.0000000000
122995  8.212  32.565  34.853 1.0000000000
122996  8.215  33.246  34.883 1.0000000000
122997  8.231  33.885  34.905 1.0000000000
122998  8.062  33.144  35.983 1.0000000000
122999  8.159  33.834  35.482 1.0000000000
123000  8.263  34.476  34.910 1.0000000000
123001  8.331  34.995  34.943 1.0000000000
123002  8.424  35.570  34.994 1.0000000000
123003  8.490  36.150  35.085 1.0000000000
123012  8.346  29.701  46.182 1.0000000000
123013  8.328  30.420  45.634 1.0000000000
123014  8.340  31.135  45.090 1.0000000000
123025  8.606  37.590  40.261 1.0000000000
123026  8.769  37.603  39.533 1.0000000000
123027  8.558  38.328  39.693 1.0000000000
123028  8.377  38.991  39.119 1.0000000000
123029  8.187  39.651  38.601 1.0000000000
123031  7.930  40.277  38.718 1.0000000000
123032  7.994  40.246  38.048 1.0000000000
124986  7.648  44.284  24.444 1.0000000000
124987  7.837  43.499  24.555 1.0000000000
124988  8.229  43.932  23.920 1.0000000000
132646  7.830  24.401  41.047 1.0000000000
132647  7.910  24.479  40.506 1.0000000000
132648  8.030  24.553  39.974 1.0000000000
132649  8.079  25.298  39.489 1.0000000000
132650  8.221  26.012  39.074 1.0000000000
132660  8.210  30.786  39.415 1.0000000000
139412  7.649  19.263  47.326 1.0000000000
139413  7.628  20.024  46.856 1.0000000000
139414  7.687  19.970  47.409 1.0000000000
139905  7.995  17.911  47.950 1.0000000000
139906  7.755  18.571  47.621 1.0000000000
141142  9.206  41.766  30.005 1.0000000000
141143  9.030  41.448  29.494 1.0000000000
141144  8.929  42.100  29.425 1.0000000000
141145  8.554  42.448  28.907 1.0000000000
141146  8.105  42.754  28.389 1.0000000000
141147  8.389  43.754  28.740 1.0000000000
141148  8.034  43.424  28.244 1.0000000000
141149  7.694  43.072  27.853 1.0000000000
141150  7.344  43.385  27.269 1.0000000000
141151  7.223  43.770  26.552 1.0000000000
141152  7.228  44.208  25.785 1.0000000000
141155  7.967  45.847  27.661 1.0000000000
141158  7.839  45.525  27.017 1.0000000000
141159  7.653  45.239  26.401 1.0000000000
141160  7.511  44.928  25.796 1.0000000000
141161  7.440  44.646  25.110 1.0000000000
141162  7.730  45.080  24.527 1.0000000000
141163  8.026  45.475  23.970 1.0000000000
141164  8.497  45.827  23.442 1.0000000000
141166  8.734  46.499  23.558 1.0000000000
141167  8.855  46.193  22.923 1.0000000000
141168  9.217  46.538  22.377 1.0000000000
141194  9.778  48.379  22.333 1.0000000000
149317  8.474  33.232  33.668 1.0000000000
149318  8.582  33.883  33.123 1.0000000000
149334  9.464  40.608  30.630 1.0000000000
149335  7.725  20.847  46.350 1.0000000000
149336  7.896  21.632  45.831 1.0000000000
149337  8.162  22.506  45.292 1.0000000000
149338  8.487  23.024  46.134 1.0000000000
149339  8.455  23.191  45.408 1.0000000000
149340  8.392  23.363  44.739 1.0000000000
149341  8.623  24.169  44.221 1.0000000000
149342  8.780  24.965  43.743 1.0000000000
149343  8.814  25.781  43.272 1.0000000000
149345  9.116  26.049  46.507 1.0000000000
149346  9.194  26.126  45.752 1.0000000000
149347  8.944  27.699  45.522 1.0000000000
149348  9.110  26.986  45.239 1.0000000000
149349  9.213  26.226  44.961 1.0000000000
149350  9.109  26.322  44.186 1.0000000000
149351  8.926  26.452  43.463 1.0000000000
149352  8.714  26.583  42.755 1.0000000000
149353  8.605  27.302  42.255 1.0000000000
149354  8.535  28.047  41.809 1.0000000000
149355  8.506  28.726  41.361 1.0000000000
149356  8.621  29.292  42.223 1.0000000000
149357  8.554  29.350  41.567 1.0000000000
149358  8.480  29.393  40.915 1.0000000000
149359  8.411  30.056  40.444 1.0000000000
149360  8.294  30.748  40.012 1.0000000000
149361  8.254  31.419  39.509 1.0000000000
149369  8.149  31.748  45.366 1.0000000000
149370  8.296  31.852  44.603 1.0000000000
149375  7.917  34.585  44.001 1.0000000000
149377  8.111  33.238  44.292 1.0000000000
149378  8.242  32.570  44.095 1.0000000000
149379  8.408  31.927  43.837 1.0000000000
149380  8.494  31.993  43.097 1.0000000000
149381  8.538  32.046  42.362 1.0000000000
149382  8.513  32.069  41.656 1.0000000000
149383  8.489  33.410  41.313 1.0000000000
149384  8.509  32.747  41.155 1.0000000000
149385  8.474  32.083  40.969 1.0000000000
149386  8.410  32.089  40.300 1.0000000000
149387  8.328  32.085  39.652 1.0000000000
149388  8.261  32.114  39.001 1.0000000000
149389  8.311  32.820  38.433 1.0000000000
149390  8.375  33.484  37.841 1.0000000000
149391  8.394  34.177  37.332 1.0000000000
149392  8.633  34.773  38.080 1.0000000000
149393  8.490  34.788  37.443 1.0000000000
149394  8.386  34.849  36.822 1.0000000000
149395  8.382  35.495  36.283 1.0000000000
149396  8.445  36.135  35.701 1.0000000000
149397  8.516  36.753  35.220 1.0000000000
149398  8.765  37.587  38.782 1.0000000000
149399  8.713  37.546  38.078 1.0000000000
149400  8.612  37.487  37.393 1.0000000000
149401  8.343  38.813  36.994 1.0000000000
149402  8.446  38.111  36.876 1.0000000000
149403  8.509  37.449  36.695 1.0000000000
149404  8.488  37.410  36.007 1.0000000000
149405  8.517  37.391  35.333 1.0000000000
149406  8.592  37.370  34.669 1.0000000000
149407  8.728  37.988  34.107 1.0000000000
149408  8.842  38.580  33.545 1.0000000000
149409  9.015  39.155  33.005 1.0000000000
149410  8.752  39.897  33.790 1.0000000000
149411  8.991  39.809  33.104 1.0000000000
149412  9.212  39.728  32.440 1.0000000000
149413  9.315  40.262  31.888 1.0000000000
149414  9.429  40.776  31.269 1.0000000000
149415  9.405  41.269  30.625 1.0000000000
149416  9.422  41.917  30.581 1.0000000000
149417  9.408  42.613  30.532 1.0000000000
149418  9.358  43.284  30.632 1.0000000000
149419  9.461  42.945  32.105 1.0000000000
149420  9.449  43.490  31.416 1.0000000000
149421  9.229  43.988  30.687 1.0000000000
149422  9.046  44.689  30.796 1.0000000000
149423  8.841  45.363  30.965 1.0000000000
149424  8.587  46.030  31.091 1.0000000000
149426  9.083  43.986  34.706 1.0000000000
149427  9.113  44.583  34.036 1.0000000000
149431  8.906  45.752  32.651 1.0000000000
149432  8.648  46.242  31.903 1.0000000000
154443  8.888  41.101  29.039 1.0000000000
154444  8.736  40.760  28.574 1.0000000000
154445  8.675  40.451  28.081 1.0000000000
154446  8.024  41.302  27.575 1.0000000000
154447  8.362  40.679  27.498 1.0000000000
154448  8.690  40.130  27.429 1.0000000000
263  9.817  46.820  20.513 1.0000000000
993  8.482  26.653  38.225 1.0000000000
1147  9.481  36.826  29.984 1.0000000000
2211  11.987  42.547  20.727 1.0000000000
3067  9.664  38.781  30.024 1.0000000000
3068  9.664  38.002  27.725 1.0000000000
3069  8.904  39.907  28.022 1.0000000000
4415  8.364  28.983  38.494 1.0000000000
4416  8.687  29.065  36.490 1.0000000000
4418  8.353  34.466  34.335 1.0000000000
4892  11.008  44.654  20.691 1.0000000000
6679  11.174  45.775  18.026 1.0000000000
8620  8.827  34.575  32.010 1.0000000000
8621  9.194  36.673  32.141 1.0000000000
10747  9.535  39.903  30.110 1.0000000000
10748  9.369  39.409  29.085 1.0000000000
12095  8.195  30.210  38.691 1.0000000000
12570  9.469  46.193  21.758 1.0000000000
12572  10.302  45.742  20.616 1.0000000000
14965  9.984  38.621  26.488 1.0000000000
19003  8.545  30.398  35.450 1.0000000000
19007  9.055  31.986  33.213 1.0000000000
19011  8.754  35.550  33.159 1.0000000000
19012  8.902  36.697  33.280 1.0000000000
19013  9.298  37.830  32.222 1.0000000000
20433  11.081  42.783  21.966 1.0000000000
20438  11.704  45.263  16.837 1.0000000000
20439  11.859  44.814  18.244 1.0000000000
23673  8.015  21.962  42.194 1.0000000000
23953  9.611  37.805  30.043 1.0000000000
23954  9.567  37.453  28.864 1.0000000000
23955  9.431  38.429  28.940 1.0000000000
23956  9.208  38.934  27.900 1.0000000000
23957  9.189  39.444  26.550 1.0000000000
26377  8.525  27.790  38.319 1.0000000000
26378  8.735  27.918  37.334 1.0000000000
26379  8.536  29.022  37.414 1.0000000000
27236  9.352  44.063  22.840 1.0000000000
27237  10.578  43.766  21.844 1.0000000000
27238  11.477  43.618  20.796 1.0000000000
30277  7.920  23.660  41.002 1.0000000000
30280  8.352  27.703  39.352 1.0000000000
30281  8.262  28.920  39.609 1.0000000000
33338  9.610  47.430  21.817 1.0000000000
33346  9.841  48.649  21.645 1.0000000000
33347  9.636  47.966  20.459 1.0000000000
33348  9.261  48.355  19.115 1.0000000000
36114  9.156  35.800  31.026 1.0000000000
36115  8.583  34.470  33.153 1.0000000000
36116  8.964  35.668  32.096 1.0000000000
36117  9.372  36.833  31.098 1.0000000000
36118  9.589  37.726  31.105 1.0000000000
36119  9.589  38.861  31.167 1.0000000000
37829  9.474  40.222  25.196 1.0000000000
37836  11.213  45.354  19.420 1.0000000000
37837  11.754  44.336  19.540 1.0000000000
37838  12.324  43.172  19.619 1.0000000000
41468  9.370  40.224  29.568 1.0000000000
43290  9.699  46.515  21.181 1.0000000000
43291  9.873  45.907  21.183 1.0000000000
45684  9.551  36.632  29.373 1.0000000000
45685  10.136  38.987  25.869 1.0000000000
49723  8.420  31.104  34.878 1.0000000000
49727  8.723  31.938  33.699 1.0000000000
49728  8.807  32.626  33.130 1.0000000000
49731  8.673  36.124  33.778 1.0000000000
49733  8.941  37.299  33.394 1.0000000000
51153  11.546  42.717  21.361 1.0000000000
55282  9.622  38.275  30.009 1.0000000000
55283  9.553  38.123  29.481 1.0000000000
55284  9.587  38.643  29.513 1.0000000000
55285  9.155  39.655  28.558 1.0000000000
55286  9.256  39.173  28.520 1.0000000000
55287  9.046  39.416  27.922 1.0000000000
55288  9.185  39.172  27.204 1.0000000000
55289  8.931  39.642  27.285 1.0000000000
59320  8.461  28.383  38.396 1.0000000000
59321  8.561  28.425  37.866 1.0000000000
59322  8.455  29.014  37.959 1.0000000000
60754  10.278  44.322  21.782 1.0000000000
60756  11.061  43.720  21.353 1.0000000000
66520  7.815  22.625  42.108 1.0000000000
66521  7.960  22.781  41.561 1.0000000000
66522  7.799  23.541  41.544 1.0000000000
66531  8.320  28.236  40.054 1.0000000000
66532  8.336  28.836  40.180 1.0000000000
66533  8.251  29.531  39.727 1.0000000000
67935  9.615  37.720  28.326 1.0000000000
67936  9.831  37.204  28.252 1.0000000000
73370  9.756  48.933  20.977 1.0000000000
73371  9.766  48.307  21.058 1.0000000000
73372  9.621  48.504  20.377 1.0000000000
80043  8.749  28.481  36.912 1.0000000000
80044  8.861  27.966  36.882 1.0000000000
80062  8.970  34.637  31.475 1.0000000000
80064  8.956  35.191  31.495 1.0000000000
80065  8.321  33.892  34.305 1.0000000000
80066  8.442  33.867  33.704 1.0000000000
80067  8.457  34.461  33.752 1.0000000000
80068  8.983  36.126  32.648 1.0000000000
80069  8.867  35.597  32.629 1.0000000000
80070  9.098  36.173  32.125 1.0000000000
80071  9.187  36.280  31.610 1.0000000000
80072  9.298  36.783  31.626 1.0000000000
80073  9.520  37.254  31.118 1.0000000000
80074  9.432  37.210  31.634 1.0000000000
80075  9.258  38.435  32.290 1.0000000000
80076  9.443  38.355  31.695 1.0000000000
80077  9.424  38.977  31.742 1.0000000000
80078  9.595  39.505  31.193 1.0000000000
84336  8.901  40.255  25.863 1.0000000000
84353  10.812  46.065  18.651 1.0000000000
84354  10.852  45.838  19.321 1.0000000000
84355  11.234  45.573  18.726 1.0000000000
84356  12.152  44.300  18.293 1.0000000000
84357  11.839  44.601  18.896 1.0000000000
84358  12.097  44.056  18.928 1.0000000000
84359  12.008  43.756  19.575 1.0000000000
93073  9.599  39.338  30.105 1.0000000000
93074  9.570  39.153  29.569 1.0000000000
93075  9.459  39.665  29.622 1.0000000000
93076  9.257  39.949  29.090 1.0000000000
93077  8.993  40.209  28.584 1.0000000000
95497  8.302  29.595  38.584 1.0000000000
95498  8.342  29.594  38.036 1.0000000000
95499  8.221  30.266  38.125 1.0000000000
96354  9.216  45.885  22.317 1.0000000000
96355  9.380  45.160  22.296 1.0000000000
96356  9.649  45.536  21.750 1.0000000000
96358  10.681  45.206  20.639 1.0000000000
99816  8.293  23.083  40.567 1.0000000000
100665  9.807  38.307  27.102 1.0000000000
107941  9.122  32.682  32.630 1.0000000000
107944  8.416  34.994  34.348 1.0000000000
107945  8.502  35.000  33.766 1.0000000000
107946  8.605  35.537  33.732 1.0000000000
107947  8.843  36.122  33.193 1.0000000000
107948  9.059  36.683  32.693 1.0000000000
107949  9.304  37.214  32.161 1.0000000000
107950  9.135  37.234  32.759 1.0000000000
107951  9.109  37.901  32.846 1.0000000000
110516  11.435  45.525  17.451 1.0000000000
110517  11.536  45.313  18.156 1.0000000000
110518  11.783  45.062  17.515 1.0000000000
110519  12.124  44.513  17.648 1.0000000000
117331  9.564  37.319  30.028 1.0000000000
117332  9.548  37.142  29.404 1.0000000000
117333  9.585  37.644  29.495 1.0000000000
117334  9.512  37.947  28.925 1.0000000000
117335  9.442  38.194  28.334 1.0000000000
117336  9.446  38.931  29.044 1.0000000000
117337  9.336  38.691  28.435 1.0000000000
117338  9.409  38.450  27.766 1.0000000000
117339  9.475  38.726  27.136 1.0000000000
117340  9.561  39.032  26.491 1.0000000000
117341  9.684  39.381  25.854 1.0000000000
122983  8.521  27.213  38.270 1.0000000000
122984  8.656  27.303  37.787 1.0000000000
122985  8.628  27.856  37.815 1.0000000000
122986  8.653  28.476  37.348 1.0000000000
122987  8.605  29.016  36.950 1.0000000000
122988  8.435  29.669  37.489 1.0000000000
122989  8.500  29.673  36.982 1.0000000000
122990  8.553  29.664  36.511 1.0000000000
124991  9.680  44.465  22.286 1.0000000000
124992  10.012  43.857  22.340 1.0000000000
124995  11.291  43.232  21.393 1.0000000000
124996  11.709  43.067  20.768 1.0000000000
132642  8.306  26.051  38.650 1.0000000000
132643  8.190  22.112  41.701 1.0000000000
132644  8.138  22.939  41.051 1.0000000000
132645  8.061  23.763  40.495 1.0000000000
132651  8.357  26.605  38.698 1.0000000000
132652  8.411  27.173  38.745 1.0000000000
132653  8.410  27.762  38.814 1.0000000000
132654  8.356  28.361  38.915 1.0000000000
132655  8.315  27.642  39.913 1.0000000000
132656  8.323  28.296  39.482 1.0000000000
132657  8.296  28.954  39.042 1.0000000000
132658  8.257  29.578  39.147 1.0000000000
132659  8.252  30.176  39.271 1.0000000000
134436  9.663  36.934  28.787 1.0000000000
134454  9.802  47.098  19.850 1.0000000000
134458  10.673  46.307  17.951 1.0000000000
134463  11.638  45.458  16.147 1.0000000000
141170  9.656  47.155  21.197 1.0000000000
141195  9.752  48.016  21.751 1.0000000000
141196  9.726  47.709  21.143 1.0000000000
141197  9.689  47.393  20.488 1.0000000000
149316  9.327  36.345  30.539 1.0000000000
149319  8.720  34.495  32.574 1.0000000000
149320  8.586  35.002  33.181 1.0000000000
149321  8.730  35.072  32.628 1.0000000000
149322  8.845  35.131  32.059 1.0000000000
149323  9.044  35.739  31.550 1.0000000000
149324  9.269  36.331  31.086 1.0000000000
149325  9.431  36.826  30.555 1.0000000000
149326  9.565  37.323  30.588 1.0000000000
149327  9.633  37.780  30.577 1.0000000000
149328  9.646  38.256  30.550 1.0000000000
149329  9.461  37.760  31.653 1.0000000000
149330  9.608  38.269  31.123 1.0000000000
149331  9.655  38.789  30.578 1.0000000000
149332  9.631  39.406  30.641 1.0000000000
149333  9.563  40.003  30.635 1.0000000000
154449  8.815  39.883  26.623 1.0000000000
154450  9.262  39.795  25.860 1.0000000000
154451  9.900  39.810  25.236 1.0000000000
154471  10.796  45.577  20.006 1.0000000000
154473  11.560  45.107  18.846 1.0000000000
154474  11.502  44.856  19.495 1.0000000000
154475  11.394  44.530  20.153 1.0000000000
154477  11.886  43.421  20.175 1.0000000000
