#!ascii label  , from subject fsaverage vox2ras=TkReg
752
92  7.604  19.342  46.805 0.2794117647
93  9.269  41.098  30.026 0.3529411765
454  8.185  31.446  38.888 0.5441176471
994  8.571  25.929  42.623 0.4411764706
1625  7.355  43.864  25.125 0.3235294118
2015  8.471  31.896  34.242 0.3088235294
2016  8.594  36.731  34.559 0.4705882353
2017  8.447  31.215  44.340 0.3382352941
2018  8.734  36.855  40.116 0.3529411765
2019  8.601  42.067  35.749 0.2794117647
2912  7.932  19.709  44.493 0.2941176471
2913  7.746  23.395  42.144 0.3529411765
2914  8.063  22.690  44.643 0.3088235294
4417  8.115  31.657  36.608 0.4852941176
4419  8.285  34.225  36.726 0.5294117647
4426  8.178  39.584  37.906 0.3235294118
4890  8.835  45.493  22.815 0.3529411765
6395  8.165  26.459  40.252 0.3970588235
6396  8.421  28.773  40.752 0.4852941176
7413  8.273  22.128  47.282 0.2647058824
7630  9.067  43.781  29.954 0.2941176471
7631  7.798  42.365  27.978 0.3088235294
7632  7.761  45.136  27.595 0.2941176471
7637  9.551  49.142  20.305 0.2647058824
8622  9.228  39.064  32.364 0.4558823529
8623  9.189  25.392  45.433 0.3088235294
8624  8.675  28.540  43.435 0.4264705882
8625  8.576  31.373  41.444 0.4264705882
8627  8.347  34.019  42.302 0.3676470588
8628  8.619  34.086  39.325 0.4705882353
8629  8.637  36.801  37.202 0.4558823529
8630  8.502  39.350  35.020 0.3529411765
8631  9.324  41.707  32.700 0.3823529412
8632  9.274  44.474  33.195 0.2941176471
9195  8.648  41.159  25.320 0.2647058824
10592  7.675  19.436  45.668 0.3088235294
10593  7.747  21.197  44.478 0.3235294118
10594  7.665  20.905  45.744 0.2941176471
10633  7.944  17.975  47.416 0.2794117647
10635  7.949  18.116  46.314 0.2647058824
10636  8.150  18.301  45.209 0.2794117647
10749  9.102  40.508  29.062 0.3382352941
12096  8.263  30.289  37.566 0.4411764706
12097  8.111  31.580  37.720 0.5000000000
12098  8.143  33.004  36.608 0.5000000000
12099  8.278  32.859  37.789 0.5147058824
14495  8.073  24.735  42.395 0.4264705882
14496  7.891  25.100  41.154 0.4411764706
14497  8.254  26.208  41.474 0.4264705882
14498  8.290  27.596  40.496 0.4117647059
14499  8.456  27.407  41.640 0.4558823529
16762  8.731  45.172  30.207 0.2794117647
16763  8.322  44.442  28.800 0.2794117647
19009  8.653  33.272  33.103 0.2794117647
19010  8.503  35.555  34.346 0.4705882353
19014  8.905  37.932  33.457 0.4705882353
19016  8.743  23.708  46.336 0.2794117647
19017  9.040  25.212  46.971 0.2647058824
19018  8.491  29.785  45.426 0.3529411765
19019  8.742  28.439  45.034 0.3382352941
19020  8.612  29.899  43.859 0.3823529412
19021  8.645  29.963  42.454 0.4117647059
19022  8.592  31.323  42.867 0.3970588235
19026  8.280  36.822  41.636 0.2941176471
19027  8.105  35.342  42.727 0.2941176471
19028  8.478  35.427  41.223 0.3676470588
19029  8.511  34.080  40.789 0.4264705882
19030  8.804  35.464  39.704 0.3970588235
19031  8.768  35.456  38.208 0.4558823529
19032  8.858  36.857  38.595 0.4117647059
19034  8.260  39.403  36.437 0.3676470588
19035  8.543  40.674  35.361 0.3235294118
19036  8.806  40.584  33.894 0.3970588235
19037  9.027  41.924  34.210 0.3382352941
19038  9.413  43.069  32.929 0.3235294118
19039  9.164  43.275  34.601 0.3088235294
20430  7.224  43.031  26.669 0.3529411765
20431  7.742  41.566  26.882 0.2794117647
20432  7.782  42.349  25.198 0.2941176471
23674  7.789  21.515  43.320 0.3088235294
23675  7.882  23.100  43.417 0.3382352941
23676  8.452  24.349  43.601 0.3529411765
23752  8.387  18.641  44.136 0.2647058824
26380  8.404  30.326  36.536 0.3970588235
26381  8.198  31.796  35.494 0.3676470588
26382  8.320  33.264  34.273 0.3823529412
26383  8.132  33.196  35.462 0.4264705882
26384  8.219  34.396  35.524 0.4705882353
26385  8.340  35.510  35.658 0.5147058824
26395  8.418  38.323  40.481 0.2647058824
26396  8.601  38.304  38.968 0.3382352941
26398  7.817  40.908  38.256 0.2647058824
27234  8.013  44.684  23.884 0.3088235294
30276  8.194  25.360  39.026 0.2941176471
30278  7.983  25.245  39.995 0.3235294118
30279  8.269  26.573  39.173 0.3676470588
30282  8.329  30.119  39.853 0.5147058824
32733  7.773  20.784  46.934 0.2647058824
33328  9.183  42.416  29.919 0.3235294118
33329  8.707  41.775  28.992 0.3382352941
33330  8.462  43.098  28.778 0.3235294118
33331  7.666  43.760  27.730 0.3529411765
33332  7.361  44.507  26.449 0.2941176471
33335  7.720  45.392  25.183 0.2794117647
33337  9.049  46.801  23.005 0.2941176471
36120  9.483  40.120  31.229 0.4117647059
36121  8.234  22.357  45.941 0.2647058824
36122  8.695  23.998  44.879 0.3088235294
36123  9.005  25.609  43.938 0.3529411765
36124  9.093  26.913  45.994 0.2941176471
36125  9.058  27.065  44.515 0.3676470588
36126  8.760  27.231  42.986 0.4264705882
36127  8.576  28.681  42.002 0.4852941176
36128  8.503  30.013  41.111 0.4558823529
36129  8.346  31.405  40.112 0.4411764706
36132  8.108  32.487  44.845 0.2794117647
36134  8.094  33.941  43.780 0.2647058824
36135  8.334  32.628  43.290 0.3676470588
36136  8.506  32.742  41.854 0.4264705882
36137  8.469  32.745  40.424 0.4705882353
36138  8.360  32.785  39.085 0.5000000000
36139  8.475  34.115  37.942 0.5294117647
36140  8.469  35.452  36.917 0.5000000000
36141  8.500  36.772  35.879 0.5000000000
36142  8.550  38.207  37.572 0.3676470588
36143  8.438  38.059  36.153 0.4264705882
36144  8.590  38.043  34.776 0.4411764706
36145  8.775  39.221  33.656 0.4117647059
36146  9.207  40.357  32.500 0.4117647059
36147  9.451  41.452  31.275 0.3970588235
36148  9.475  42.782  31.290 0.3382352941
36149  9.288  44.183  31.514 0.3088235294
36150  8.902  45.557  31.783 0.2941176471
36151  8.903  44.668  34.894 0.2647058824
37827  8.369  41.014  28.090 0.3235294118
37828  8.440  40.347  26.736 0.3088235294
41312  7.612  19.392  46.256 0.2794117647
41313  7.591  20.105  45.681 0.3088235294
41314  7.571  20.060  46.265 0.2941176471
41353  7.733  18.641  47.097 0.2647058824
41354  7.906  18.064  46.877 0.2794117647
41355  7.738  18.718  46.551 0.2794117647
41356  7.801  18.750  46.011 0.2647058824
41467  9.419  40.488  30.065 0.3676470588
41469  9.185  40.793  29.532 0.3235294118
42815  8.154  30.818  38.781 0.5000000000
42816  8.139  30.873  38.217 0.5000000000
42817  8.137  31.518  38.295 0.4852941176
42818  8.164  32.254  37.762 0.5000000000
42819  8.207  32.161  38.374 0.5000000000
45215  8.351  25.308  42.533 0.4264705882
45216  8.179  25.523  41.930 0.4411764706
45217  8.379  26.067  42.044 0.4411764706
45218  8.400  26.803  41.521 0.4411764706
45219  8.495  26.704  42.063 0.4411764706
47482  8.491  45.853  30.335 0.2647058824
49729  8.570  32.590  33.656 0.3088235294
49730  8.569  36.154  34.446 0.4705882353
49732  8.735  36.736  33.910 0.4264705882
49734  8.754  37.341  34.022 0.4558823529
49738  8.448  30.494  44.873 0.3088235294
49739  8.563  29.849  44.635 0.3676470588
49740  8.535  30.558  44.117 0.3382352941
49741  8.616  30.599  43.356 0.3823529412
49742  8.539  31.262  43.601 0.3823529412
49746  8.539  36.844  40.902 0.3382352941
49747  8.397  36.113  41.441 0.3676470588
49748  8.620  36.138  40.677 0.3676470588
49749  8.672  35.443  40.484 0.3970588235
49750  8.814  36.146  39.900 0.3970588235
49751  8.898  36.148  39.144 0.3970588235
49752  8.866  36.864  39.327 0.3676470588
49753  8.322  41.433  36.232 0.2647058824
49754  8.356  40.715  36.092 0.2794117647
49755  8.576  41.348  35.526 0.2941176471
49756  8.790  41.326  34.793 0.3382352941
49757  8.852  42.018  34.995 0.2941176471
49758  9.118  42.600  34.397 0.3235294118
49759  8.894  42.702  35.202 0.2794117647
51150  7.173  43.422  25.911 0.3088235294
51151  7.343  42.656  25.986 0.3676470588
51152  7.472  43.058  25.176 0.3382352941
54813  7.997  20.796  43.338 0.2794117647
54814  7.895  20.559  43.896 0.3235294118
54815  7.822  21.966  44.572 0.3088235294
54816  7.785  22.160  43.936 0.3088235294
54817  7.972  22.893  44.031 0.3235294118
54818  8.117  23.749  43.516 0.3529411765
54819  8.280  23.540  44.105 0.3088235294
54943  8.020  18.961  44.866 0.2647058824
54944  8.242  18.439  44.646 0.2794117647
54945  8.146  19.140  44.294 0.2647058824
54946  8.315  19.347  43.791 0.2647058824
59323  8.183  30.944  37.106 0.4411764706
59324  8.327  30.310  37.031 0.4117647059
59325  8.230  30.990  36.576 0.4558823529
59326  8.283  31.022  36.033 0.3529411765
59327  8.137  31.724  36.062 0.4117647059
59328  8.098  32.523  35.459 0.3823529412
59329  8.074  32.442  36.040 0.4411764706
59330  8.191  33.637  36.633 0.5000000000
59331  8.131  33.743  36.067 0.4705882353
59332  8.228  34.313  36.126 0.5000000000
59333  8.292  34.943  35.578 0.5294117647
59334  8.314  34.885  36.209 0.5147058824
59341  8.174  30.342  46.423 0.2647058824
59351  8.300  39.013  39.872 0.2941176471
59353  7.495  41.673  39.184 0.2647058824
59354  7.694  40.957  38.990 0.2647058824
60750  8.448  45.105  23.341 0.2794117647
60751  8.637  44.327  23.335 0.3088235294
60752  9.037  44.750  22.805 0.2941176471
66518  8.309  24.722  39.078 0.2794117647
66519  8.169  24.630  39.491 0.2941176471
66523  7.999  25.804  40.672 0.4264705882
66524  7.896  25.175  40.571 0.3823529412
66525  8.053  25.898  40.072 0.3970588235
66526  8.133  25.972  39.535 0.3529411765
66527  8.191  26.542  39.656 0.3970588235
66528  8.327  27.128  39.245 0.3970588235
66529  8.271  27.089  39.786 0.4117647059
66530  8.348  28.164  40.640 0.4558823529
66534  8.385  29.433  40.300 0.5147058824
73327  9.150  43.090  29.918 0.3235294118
73328  8.869  42.740  29.321 0.3382352941
73329  8.820  43.417  29.266 0.3088235294
73330  8.015  44.784  28.222 0.3088235294
73331  8.000  44.090  28.205 0.3382352941
73332  7.686  44.445  27.626 0.3235294118
73333  7.393  44.099  27.116 0.3382352941
73334  7.573  44.826  27.027 0.2941176471
73343  8.024  45.785  24.606 0.2647058824
73347  9.336  47.423  23.031 0.2647058824
73348  9.374  47.121  22.456 0.2941176471
73349  9.617  47.726  22.421 0.2794117647
73374  9.382  48.725  19.712 0.2794117647
80060  8.893  33.996  31.989 0.2941176471
80079  9.411  39.640  31.802 0.4558823529
80080  8.019  21.489  47.051 0.2647058824
80081  7.957  21.557  46.455 0.2794117647
80082  8.259  22.222  46.606 0.2647058824
80083  9.013  24.535  45.876 0.2794117647
80084  8.735  23.830  45.605 0.2794117647
80085  8.994  24.676  45.117 0.2941176471
80086  8.915  24.820  44.406 0.3382352941
80087  9.144  25.504  44.673 0.3529411765
80090  8.903  27.631  46.303 0.2647058824
80091  8.694  28.558  44.234 0.4117647059
80092  8.911  27.794  44.726 0.3382352941
80093  8.820  27.882  43.936 0.3970588235
80094  8.936  27.142  43.756 0.4117647059
80095  8.696  27.913  43.158 0.4117647059
80096  8.636  27.981  42.460 0.3970588235
80097  8.629  28.598  42.692 0.4264705882
80098  8.620  30.670  41.977 0.4264705882
80099  8.594  29.982  41.787 0.4411764706
80100  8.575  30.633  41.301 0.4264705882
80101  8.417  30.698  40.613 0.4411764706
80102  8.465  31.392  40.764 0.4264705882
80110  7.936  33.145  45.018 0.2794117647
80114  8.237  34.701  42.535 0.3529411765
80115  8.092  34.645  43.281 0.2941176471
80116  8.229  33.974  43.054 0.3382352941
80117  8.239  33.251  43.587 0.3235294118
80118  8.338  33.322  42.825 0.3823529412
80119  8.445  32.711  42.566 0.3970588235
80120  8.422  33.385  42.061 0.4264705882
80121  8.575  34.080  40.051 0.4411764706
80122  8.495  33.400  40.581 0.4558823529
80123  8.499  33.414  39.863 0.4558823529
80124  8.415  32.758  39.749 0.5000000000
80125  8.477  33.436  39.158 0.4852941176
80126  8.427  33.452  38.462 0.4705882353
80127  8.553  34.071  38.591 0.4705882353
80128  8.719  36.112  37.706 0.5000000000
80129  8.618  35.418  37.546 0.5000000000
80130  8.569  36.087  37.034 0.5000000000
80131  8.437  36.082  36.386 0.4852941176
80132  8.548  36.774  36.509 0.5000000000
80133  8.402  38.942  38.425 0.3088235294
80134  8.590  38.262  38.246 0.3823529412
80135  8.347  38.914  37.704 0.3529411765
80136  8.391  39.363  35.708 0.3676470588
80137  8.366  38.725  36.283 0.3823529412
80138  8.440  38.682  35.554 0.4264705882
80139  8.489  38.030  35.437 0.4411764706
80140  8.556  38.698  34.896 0.4264705882
80141  8.688  38.664  34.212 0.4264705882
80142  8.625  39.308  34.345 0.3823529412
80143  9.052  41.169  33.288 0.3676470588
80144  8.994  40.478  33.199 0.4264705882
80145  9.229  41.020  32.613 0.4117647059
80146  9.367  40.924  31.937 0.4411764706
80147  9.422  41.596  31.959 0.3823529412
80148  9.479  42.112  31.251 0.3823529412
80149  9.453  42.257  32.015 0.3676470588
80150  9.394  43.763  33.058 0.3235294118
80151  9.439  43.636  32.220 0.3235294118
80152  9.352  44.331  32.352 0.2941176471
80153  9.122  44.873  31.634 0.2941176471
80154  9.158  45.046  32.507 0.2941176471
84330  8.243  42.059  28.512 0.3382352941
84331  8.467  41.364  28.582 0.3382352941
84332  8.058  41.645  28.127 0.2794117647
84333  8.117  41.300  26.076 0.2794117647
84334  8.110  40.923  26.822 0.2647058824
84335  8.502  40.754  26.029 0.2647058824
92792  7.794  19.539  45.061 0.2941176471
92793  7.777  20.381  44.509 0.3235294118
92794  7.672  20.222  45.103 0.3235294118
92795  7.669  21.012  45.140 0.3088235294
92796  7.851  21.746  45.172 0.2941176471
92871  8.031  18.190  45.775 0.2794117647
92872  7.903  18.828  45.445 0.3088235294
95500  8.151  30.917  37.654 0.5000000000
95501  8.120  31.606  37.147 0.5000000000
95502  8.094  32.341  36.599 0.5000000000
95503  8.129  32.268  37.174 0.5000000000
95504  8.216  32.920  37.203 0.5294117647
95505  8.289  33.541  37.225 0.5441176471
99817  7.847  24.115  42.262 0.3970588235
99818  7.795  24.302  41.611 0.3823529412
99819  7.950  24.963  41.756 0.4264705882
99820  8.057  25.714  41.309 0.4411764706
99821  8.184  26.344  40.860 0.4264705882
99822  8.255  27.045  40.322 0.3823529412
99823  8.310  26.937  40.917 0.4117647059
99824  8.353  27.505  41.076 0.4264705882
99825  8.410  28.110  41.199 0.4558823529
103900  8.923  44.494  30.007 0.3088235294
103901  8.705  44.109  29.352 0.2647058824
103902  8.580  44.810  29.450 0.2647058824
103927  9.441  49.820  20.238 0.2794117647
103928  9.268  49.347  19.648 0.2647058824
107942  8.870  33.321  32.555 0.2794117647
107943  8.743  33.954  32.554 0.3088235294
107952  9.051  38.503  32.915 0.4852941176
107954  8.524  22.907  46.801 0.2794117647
107955  8.697  23.644  47.061 0.2647058824
107956  8.958  24.454  46.632 0.2647058824
107957  9.141  25.272  46.224 0.2647058824
107958  8.594  29.039  46.000 0.3088235294
107959  8.738  28.369  45.794 0.3088235294
107960  8.643  29.145  45.145 0.3529411765
107961  8.669  29.198  44.392 0.3823529412
107962  8.654  29.228  43.626 0.4117647059
107963  8.636  29.248  42.905 0.4411764706
107964  8.642  29.936  43.099 0.3823529412
107965  8.636  30.656  42.657 0.4117647059
107966  8.603  31.399  42.140 0.4264705882
107974  8.178  36.064  42.185 0.2941176471
107975  8.293  35.393  41.977 0.3088235294
107976  8.370  34.726  41.766 0.3823529412
107977  8.423  34.060  41.546 0.4117647059
107978  8.511  34.753  41.018 0.3676470588
107979  8.650  34.775  40.270 0.3970588235
107980  8.747  34.768  39.501 0.4117647059
107981  8.735  34.774  38.768 0.4411764706
107982  8.828  35.471  38.936 0.4117647059
107983  8.858  36.145  38.403 0.4411764706
107984  8.752  36.829  37.901 0.4264705882
107985  8.072  40.183  37.363 0.3235294118
107986  8.195  39.498  37.178 0.3529411765
107987  8.163  40.089  36.628 0.2941176471
107988  8.352  40.038  35.899 0.3235294118
107989  8.502  39.978  35.184 0.3382352941
107990  8.629  39.930  34.484 0.3823529412
107991  8.706  40.633  34.617 0.3529411765
107992  8.914  41.265  34.017 0.3382352941
107993  9.172  41.828  33.434 0.3676470588
107994  9.380  42.394  32.811 0.3823529412
107995  9.270  42.465  33.592 0.3382352941
107996  9.341  43.162  33.776 0.3088235294
107997  9.283  43.877  33.890 0.3088235294
110502  7.407  42.662  27.406 0.2941176471
110503  7.670  41.968  27.554 0.2941176471
110504  7.384  42.272  26.779 0.3382352941
110505  7.695  41.943  26.056 0.3088235294
110506  8.258  41.684  25.314 0.2794117647
116674  8.140  21.042  42.785 0.2647058824
116675  7.872  21.735  42.751 0.3088235294
116676  7.721  22.472  42.687 0.3382352941
116677  7.743  21.339  43.905 0.3382352941
116678  7.749  22.335  43.300 0.3676470588
116679  7.769  23.244  42.772 0.3382352941
116680  7.966  23.940  42.890 0.3382352941
116681  8.264  24.540  43.009 0.3529411765
116682  8.588  25.127  43.121 0.3970588235
116857  8.452  17.981  44.443 0.2647058824
122991  8.462  30.357  36.007 0.3235294118
122992  8.337  31.061  35.471 0.3382352941
122993  8.296  31.848  34.844 0.3235294118
122994  8.365  32.585  34.254 0.3382352941
122995  8.212  32.565  34.853 0.3676470588
122996  8.215  33.246  34.883 0.4117647059
122997  8.231  33.885  34.905 0.4264705882
122998  8.062  33.144  35.983 0.4558823529
122999  8.159  33.834  35.482 0.4411764706
123000  8.263  34.476  34.910 0.4411764706
123001  8.331  34.995  34.943 0.4852941176
123002  8.424  35.570  34.994 0.4852941176
123003  8.490  36.150  35.085 0.5147058824
123012  8.346  29.701  46.182 0.2941176471
123013  8.328  30.420  45.634 0.3088235294
123014  8.340  31.135  45.090 0.2941176471
123025  8.606  37.590  40.261 0.2941176471
123026  8.769  37.603  39.533 0.3382352941
123027  8.558  38.328  39.693 0.3088235294
123028  8.377  38.991  39.119 0.2941176471
123029  8.187  39.651  38.601 0.2794117647
123031  7.930  40.277  38.718 0.2647058824
123032  7.994  40.246  38.048 0.2941176471
124986  7.648  44.284  24.444 0.3088235294
124987  7.837  43.499  24.555 0.3235294118
124988  8.229  43.932  23.920 0.2794117647
132646  7.830  24.401  41.047 0.3529411765
132647  7.910  24.479  40.506 0.3235294118
132648  8.030  24.553  39.974 0.2941176471
132649  8.079  25.298  39.489 0.3088235294
132650  8.221  26.012  39.074 0.3088235294
132660  8.210  30.786  39.415 0.5147058824
139412  7.649  19.263  47.326 0.2794117647
139413  7.628  20.024  46.856 0.2794117647
139414  7.687  19.970  47.409 0.2647058824
139905  7.995  17.911  47.950 0.2647058824
139906  7.755  18.571  47.621 0.2794117647
141142  9.206  41.766  30.005 0.3676470588
141143  9.030  41.448  29.494 0.3382352941
141144  8.929  42.100  29.425 0.3382352941
141145  8.554  42.448  28.907 0.3235294118
141146  8.105  42.754  28.389 0.3235294118
141147  8.389  43.754  28.740 0.3235294118
141148  8.034  43.424  28.244 0.3382352941
141149  7.694  43.072  27.853 0.3235294118
141150  7.344  43.385  27.269 0.3235294118
141151  7.223  43.770  26.552 0.3382352941
141152  7.228  44.208  25.785 0.3235294118
141155  7.967  45.847  27.661 0.2647058824
141158  7.839  45.525  27.017 0.2647058824
141159  7.653  45.239  26.401 0.2647058824
141160  7.511  44.928  25.796 0.2941176471
141161  7.440  44.646  25.110 0.3235294118
141162  7.730  45.080  24.527 0.2794117647
141163  8.026  45.475  23.970 0.3088235294
141164  8.497  45.827  23.442 0.3235294118
141166  8.734  46.499  23.558 0.2647058824
141167  8.855  46.193  22.923 0.3235294118
141168  9.217  46.538  22.377 0.2941176471
141194  9.778  48.379  22.333 0.2794117647
149317  8.474  33.232  33.668 0.3088235294
149318  8.582  33.883  33.123 0.3088235294
149334  9.464  40.608  30.630 0.4264705882
149335  7.725  20.847  46.350 0.2941176471
149336  7.896  21.632  45.831 0.2794117647
149337  8.162  22.506  45.292 0.2941176471
149338  8.487  23.024  46.134 0.2647058824
149339  8.455  23.191  45.408 0.2941176471
149340  8.392  23.363  44.739 0.3088235294
149341  8.623  24.169  44.221 0.3382352941
149342  8.780  24.965  43.743 0.3676470588
149343  8.814  25.781  43.272 0.4117647059
149345  9.116  26.049  46.507 0.2647058824
149346  9.194  26.126  45.752 0.2941176471
149347  8.944  27.699  45.522 0.2647058824
149348  9.110  26.986  45.239 0.3088235294
149349  9.213  26.226  44.961 0.3235294118
149350  9.109  26.322  44.186 0.3676470588
149351  8.926  26.452  43.463 0.4264705882
149352  8.714  26.583  42.755 0.4264705882
149353  8.605  27.302  42.255 0.4264705882
149354  8.535  28.047  41.809 0.4411764706
149355  8.506  28.726  41.361 0.4705882353
149356  8.621  29.292  42.223 0.4705882353
149357  8.554  29.350  41.567 0.4852941176
149358  8.480  29.393  40.915 0.4852941176
149359  8.411  30.056  40.444 0.5000000000
149360  8.294  30.748  40.012 0.4705882353
149361  8.254  31.419  39.509 0.5294117647
149369  8.149  31.748  45.366 0.2647058824
149370  8.296  31.852  44.603 0.3088235294
149375  7.917  34.585  44.001 0.2794117647
149377  8.111  33.238  44.292 0.2647058824
149378  8.242  32.570  44.095 0.3529411765
149379  8.408  31.927  43.837 0.3676470588
149380  8.494  31.993  43.097 0.3823529412
149381  8.538  32.046  42.362 0.3823529412
149382  8.513  32.069  41.656 0.4264705882
149383  8.489  33.410  41.313 0.4411764706
149384  8.509  32.747  41.155 0.4558823529
149385  8.474  32.083  40.969 0.4411764706
149386  8.410  32.089  40.300 0.4705882353
149387  8.328  32.085  39.652 0.5000000000
149388  8.261  32.114  39.001 0.5588235294
149389  8.311  32.820  38.433 0.5441176471
149390  8.375  33.484  37.841 0.5588235294
149391  8.394  34.177  37.332 0.5294117647
149392  8.633  34.773  38.080 0.4705882353
149393  8.490  34.788  37.443 0.5000000000
149394  8.386  34.849  36.822 0.5147058824
149395  8.382  35.495  36.283 0.5000000000
149396  8.445  36.135  35.701 0.4852941176
149397  8.516  36.753  35.220 0.4705882353
149398  8.765  37.587  38.782 0.3970588235
149399  8.713  37.546  38.078 0.3970588235
149400  8.612  37.487  37.393 0.4117647059
149401  8.343  38.813  36.994 0.3676470588
149402  8.446  38.111  36.876 0.3823529412
149403  8.509  37.449  36.695 0.4264705882
149404  8.488  37.410  36.007 0.4411764706
149405  8.517  37.391  35.333 0.4411764706
149406  8.592  37.370  34.669 0.4411764706
149407  8.728  37.988  34.107 0.4558823529
149408  8.842  38.580  33.545 0.4558823529
149409  9.015  39.155  33.005 0.4264705882
149410  8.752  39.897  33.790 0.4117647059
149411  8.991  39.809  33.104 0.4411764706
149412  9.212  39.728  32.440 0.4558823529
149413  9.315  40.262  31.888 0.4411764706
149414  9.429  40.776  31.269 0.4411764706
149415  9.405  41.269  30.625 0.3823529412
149416  9.422  41.917  30.581 0.3970588235
149417  9.408  42.613  30.532 0.3382352941
149418  9.358  43.284  30.632 0.3088235294
149419  9.461  42.945  32.105 0.3382352941
149420  9.449  43.490  31.416 0.3235294118
149421  9.229  43.988  30.687 0.3088235294
149422  9.046  44.689  30.796 0.2941176471
149423  8.841  45.363  30.965 0.2941176471
149424  8.587  46.030  31.091 0.2794117647
149426  9.083  43.986  34.706 0.2941176471
149427  9.113  44.583  34.036 0.2794117647
149431  8.906  45.752  32.651 0.2647058824
149432  8.648  46.242  31.903 0.2794117647
154443  8.888  41.101  29.039 0.3088235294
154444  8.736  40.760  28.574 0.3382352941
154445  8.675  40.451  28.081 0.3235294118
154446  8.024  41.302  27.575 0.2794117647
154447  8.362  40.679  27.498 0.2941176471
154448  8.690  40.130  27.429 0.3235294118
263  9.817  46.820  20.513 0.2647058824
993  8.482  26.653  38.225 0.2647058824
1147  9.481  36.826  29.984 0.2941176471
2211  11.987  42.547  20.727 0.2647058824
3067  9.664  38.781  30.024 0.3235294118
3068  9.664  38.002  27.725 0.2647058824
3069  8.904  39.907  28.022 0.3382352941
4415  8.364  28.983  38.494 0.4264705882
4416  8.687  29.065  36.490 0.2647058824
4418  8.353  34.466  34.335 0.4264705882
4892  11.008  44.654  20.691 0.2794117647
6679  11.174  45.775  18.026 0.2794117647
8620  8.827  34.575  32.010 0.3235294118
8621  9.194  36.673  32.141 0.3823529412
10747  9.535  39.903  30.110 0.3529411765
10748  9.369  39.409  29.085 0.3235294118
12095  8.195  30.210  38.691 0.4411764706
12570  9.469  46.193  21.758 0.2647058824
12572  10.302  45.742  20.616 0.2647058824
14965  9.984  38.621  26.488 0.2647058824
19003  8.545  30.398  35.450 0.2941176471
19007  9.055  31.986  33.213 0.2647058824
19011  8.754  35.550  33.159 0.3823529412
19012  8.902  36.697  33.280 0.3970588235
19013  9.298  37.830  32.222 0.4411764706
20433  11.081  42.783  21.966 0.2647058824
20438  11.704  45.263  16.837 0.2647058824
20439  11.859  44.814  18.244 0.2647058824
23673  8.015  21.962  42.194 0.2794117647
23953  9.611  37.805  30.043 0.3235294118
23954  9.567  37.453  28.864 0.2941176471
23955  9.431  38.429  28.940 0.2941176471
23956  9.208  38.934  27.900 0.2794117647
23957  9.189  39.444  26.550 0.2941176471
26377  8.525  27.790  38.319 0.3676470588
26378  8.735  27.918  37.334 0.2941176471
26379  8.536  29.022  37.414 0.3529411765
27236  9.352  44.063  22.840 0.2794117647
27237  10.578  43.766  21.844 0.2647058824
27238  11.477  43.618  20.796 0.2647058824
30277  7.920  23.660  41.002 0.2941176471
30280  8.352  27.703  39.352 0.4264705882
30281  8.262  28.920  39.609 0.4558823529
33338  9.610  47.430  21.817 0.2794117647
33346  9.841  48.649  21.645 0.2647058824
33347  9.636  47.966  20.459 0.2794117647
33348  9.261  48.355  19.115 0.2647058824
36114  9.156  35.800  31.026 0.3088235294
36115  8.583  34.470  33.153 0.3529411765
36116  8.964  35.668  32.096 0.3382352941
36117  9.372  36.833  31.098 0.3529411765
36118  9.589  37.726  31.105 0.3676470588
36119  9.589  38.861  31.167 0.3676470588
37829  9.474  40.222  25.196 0.2794117647
37836  11.213  45.354  19.420 0.2794117647
37837  11.754  44.336  19.540 0.2941176471
37838  12.324  43.172  19.619 0.2647058824
41468  9.370  40.224  29.568 0.3382352941
43290  9.699  46.515  21.181 0.3235294118
43291  9.873  45.907  21.183 0.2941176471
45684  9.551  36.632  29.373 0.3088235294
45685  10.136  38.987  25.869 0.2647058824
49723  8.420  31.104  34.878 0.3088235294
49727  8.723  31.938  33.699 0.2794117647
49728  8.807  32.626  33.130 0.2941176471
49731  8.673  36.124  33.778 0.4558823529
49733  8.941  37.299  33.394 0.4264705882
51153  11.546  42.717  21.361 0.2647058824
55282  9.622  38.275  30.009 0.3529411765
55283  9.553  38.123  29.481 0.3088235294
55284  9.587  38.643  29.513 0.3382352941
55285  9.155  39.655  28.558 0.3235294118
55286  9.256  39.173  28.520 0.3235294118
55287  9.046  39.416  27.922 0.3235294118
55288  9.185  39.172  27.204 0.2941176471
55289  8.931  39.642  27.285 0.3088235294
59320  8.461  28.383  38.396 0.3970588235
59321  8.561  28.425  37.866 0.3382352941
59322  8.455  29.014  37.959 0.3823529412
60754  10.278  44.322  21.782 0.2647058824
60756  11.061  43.720  21.353 0.2647058824
66520  7.815  22.625  42.108 0.3382352941
66521  7.960  22.781  41.561 0.3088235294
66522  7.799  23.541  41.544 0.3529411765
66531  8.320  28.236  40.054 0.4558823529
66532  8.336  28.836  40.180 0.5000000000
66533  8.251  29.531  39.727 0.4705882353
67935  9.615  37.720  28.326 0.2794117647
67936  9.831  37.204  28.252 0.2794117647
73370  9.756  48.933  20.977 0.2647058824
73371  9.766  48.307  21.058 0.3088235294
73372  9.621  48.504  20.377 0.2794117647
80043  8.749  28.481  36.912 0.2647058824
80044  8.861  27.966  36.882 0.2794117647
80062  8.970  34.637  31.475 0.2647058824
80064  8.956  35.191  31.495 0.3088235294
80065  8.321  33.892  34.305 0.3970588235
80066  8.442  33.867  33.704 0.3529411765
80067  8.457  34.461  33.752 0.3529411765
80068  8.983  36.126  32.648 0.3676470588
80069  8.867  35.597  32.629 0.3676470588
80070  9.098  36.173  32.125 0.3676470588
80071  9.187  36.280  31.610 0.3382352941
80072  9.298  36.783  31.626 0.3823529412
80073  9.520  37.254  31.118 0.3529411765
80074  9.432  37.210  31.634 0.3676470588
80075  9.258  38.435  32.290 0.4411764706
80076  9.443  38.355  31.695 0.4264705882
80077  9.424  38.977  31.742 0.4264705882
80078  9.595  39.505  31.193 0.4117647059
84336  8.901  40.255  25.863 0.2647058824
84353  10.812  46.065  18.651 0.2794117647
84354  10.852  45.838  19.321 0.2941176471
84355  11.234  45.573  18.726 0.2941176471
84356  12.152  44.300  18.293 0.2647058824
84357  11.839  44.601  18.896 0.2647058824
84358  12.097  44.056  18.928 0.2647058824
84359  12.008  43.756  19.575 0.2647058824
93073  9.599  39.338  30.105 0.3529411765
93074  9.570  39.153  29.569 0.3235294118
93075  9.459  39.665  29.622 0.3382352941
93076  9.257  39.949  29.090 0.3088235294
93077  8.993  40.209  28.584 0.3235294118
95497  8.302  29.595  38.584 0.4264705882
95498  8.342  29.594  38.036 0.4264705882
95499  8.221  30.266  38.125 0.4411764706
96354  9.216  45.885  22.317 0.2794117647
96355  9.380  45.160  22.296 0.2941176471
96356  9.649  45.536  21.750 0.2647058824
96358  10.681  45.206  20.639 0.2647058824
99816  8.293  23.083  40.567 0.2647058824
100665  9.807  38.307  27.102 0.2794117647
107941  9.122  32.682  32.630 0.2794117647
107944  8.416  34.994  34.348 0.4558823529
107945  8.502  35.000  33.766 0.4264705882
107946  8.605  35.537  33.732 0.3970588235
107947  8.843  36.122  33.193 0.3823529412
107948  9.059  36.683  32.693 0.3970588235
107949  9.304  37.214  32.161 0.4117647059
107950  9.135  37.234  32.759 0.4411764706
107951  9.109  37.901  32.846 0.4705882353
110516  11.435  45.525  17.451 0.2794117647
110517  11.536  45.313  18.156 0.2794117647
110518  11.783  45.062  17.515 0.2647058824
110519  12.124  44.513  17.648 0.2647058824
117331  9.564  37.319  30.028 0.2941176471
117332  9.548  37.142  29.404 0.2941176471
117333  9.585  37.644  29.495 0.3088235294
117334  9.512  37.947  28.925 0.2941176471
117335  9.442  38.194  28.334 0.2941176471
117336  9.446  38.931  29.044 0.3382352941
117337  9.336  38.691  28.435 0.3235294118
117338  9.409  38.450  27.766 0.2794117647
117339  9.475  38.726  27.136 0.2794117647
117340  9.561  39.032  26.491 0.2941176471
117341  9.684  39.381  25.854 0.2794117647
122983  8.521  27.213  38.270 0.3235294118
122984  8.656  27.303  37.787 0.3088235294
122985  8.628  27.856  37.815 0.3676470588
122986  8.653  28.476  37.348 0.3235294118
122987  8.605  29.016  36.950 0.2941176471
122988  8.435  29.669  37.489 0.3676470588
122989  8.500  29.673  36.982 0.3382352941
122990  8.553  29.664  36.511 0.3235294118
124991  9.680  44.465  22.286 0.2941176471
124992  10.012  43.857  22.340 0.2794117647
124995  11.291  43.232  21.393 0.2647058824
124996  11.709  43.067  20.768 0.2647058824
132642  8.306  26.051  38.650 0.2794117647
132643  8.190  22.112  41.701 0.2647058824
132644  8.138  22.939  41.051 0.2647058824
132645  8.061  23.763  40.495 0.2647058824
132651  8.357  26.605  38.698 0.3235294118
132652  8.411  27.173  38.745 0.3823529412
132653  8.410  27.762  38.814 0.3676470588
132654  8.356  28.361  38.915 0.4117647059
132655  8.315  27.642  39.913 0.4117647059
132656  8.323  28.296  39.482 0.4558823529
132657  8.296  28.954  39.042 0.4558823529
132658  8.257  29.578  39.147 0.4705882353
132659  8.252  30.176  39.271 0.5000000000
134436  9.663  36.934  28.787 0.2647058824
134454  9.802  47.098  19.850 0.2647058824
134458  10.673  46.307  17.951 0.2647058824
134463  11.638  45.458  16.147 0.2647058824
141170  9.656  47.155  21.197 0.2647058824
141195  9.752  48.016  21.751 0.2941176471
141196  9.726  47.709  21.143 0.2794117647
141197  9.689  47.393  20.488 0.2647058824
149316  9.327  36.345  30.539 0.2941176471
149319  8.720  34.495  32.574 0.3235294118
149320  8.586  35.002  33.181 0.3529411765
149321  8.730  35.072  32.628 0.3529411765
149322  8.845  35.131  32.059 0.3235294118
149323  9.044  35.739  31.550 0.3235294118
149324  9.269  36.331  31.086 0.3235294118
149325  9.431  36.826  30.555 0.3235294118
149326  9.565  37.323  30.588 0.3382352941
149327  9.633  37.780  30.577 0.3382352941
149328  9.646  38.256  30.550 0.3382352941
149329  9.461  37.760  31.653 0.3970588235
149330  9.608  38.269  31.123 0.3235294118
149331  9.655  38.789  30.578 0.3382352941
149332  9.631  39.406  30.641 0.3676470588
149333  9.563  40.003  30.635 0.3970588235
154449  8.815  39.883  26.623 0.3235294118
154450  9.262  39.795  25.860 0.2647058824
154451  9.900  39.810  25.236 0.2794117647
154471  10.796  45.577  20.006 0.2647058824
154473  11.560  45.107  18.846 0.2794117647
154474  11.502  44.856  19.495 0.2941176471
154475  11.394  44.530  20.153 0.2647058824
154477  11.886  43.421  20.175 0.2647058824
