#!ascii label  , from subject fsaverage vox2ras=TkReg
1884
1689  -52.478  -85.049  24.381 0.0344827586
33740  -52.907  -83.923  24.182 0.0344827586
33742  -53.226  -83.696  23.147 0.0344827586
33743  -53.149  -85.002  23.506 0.0344827586
47800  -52.136  -85.104  24.915 0.0344827586
74301  -53.171  -83.454  24.705 0.0344827586
74302  -53.161  -83.280  24.037 0.0344827586
74307  -53.423  -83.660  22.670 0.0344827586
74309  -53.146  -84.329  23.214 0.0344827586
120302  -52.440  -84.606  24.846 0.0344827586
142334  -52.698  -84.494  24.229 0.0344827586
142339  -53.258  -82.934  22.924 0.0344827586
142340  -53.246  -83.120  23.489 0.0344827586
142341  -53.068  -83.797  23.616 0.0344827586
142342  -52.944  -84.430  23.755 0.0344827586
142343  -52.831  -85.022  23.937 0.0344827586
295  -48.185  -82.476  46.203 0.2758620690
764  -56.616  -78.258  28.788 0.0689655172
776  -51.987  -82.717  39.551 0.1724137931
928  -48.560  -77.859  50.504 0.3103448276
1685  -47.507  -86.038  45.308 0.1034482759
1923  -47.355  -81.360  51.113 0.1034482759
2696  -52.713  -79.343  36.913 0.4137931034
2697  -54.108  -77.800  33.937 0.3448275862
2698  -56.693  -78.790  31.093 0.0689655172
3765  -47.113  -83.826  49.173 0.1724137931
3766  -46.335  -85.736  48.883 0.1034482759
3767  -47.909  -84.094  45.895 0.2758620690
3768  -54.596  -82.675  36.253 0.0344827586
3769  -52.234  -84.393  38.953 0.0344827586
4226  -48.084  -78.254  48.092 0.3448275862
5984  -55.817  -78.552  24.307 0.0344827586
6003  -49.115  -81.118  43.225 0.4137931034
6004  -49.517  -82.781  42.861 0.2758620690
6005  -51.077  -81.246  39.843 0.4137931034
6006  -54.122  -80.993  36.780 0.1034482759
6009  -56.897  -80.194  29.797 0.0689655172
6010  -56.461  -79.269  26.596 0.0689655172
6279  -49.425  -77.289  52.841 0.1034482759
7772  -49.737  -84.263  42.373 0.1034482759
7782  -53.519  -82.587  24.013 0.0344827586
8375  -47.793  -81.861  48.708 0.2758620690
8376  -48.060  -79.601  50.849 0.2068965517
8377  -48.065  -79.913  48.317 0.3793103448
8378  -48.266  -80.505  45.862 0.4137931034
10378  -54.432  -77.282  32.503 0.3448275862
11445  -47.670  -83.184  47.753 0.2413793103
11446  -47.470  -84.040  47.549 0.2068965517
11447  -48.034  -83.342  46.102 0.2758620690
13814  -56.563  -78.588  26.532 0.0344827586
13815  -56.087  -78.114  24.753 0.0689655172
13816  -56.550  -78.006  27.110 0.0344827586
13845  -49.602  -80.309  41.622 0.4482758621
13846  -49.957  -81.253  41.552 0.4137931034
13847  -50.606  -80.404  40.033 0.4827586207
13848  -54.461  -79.304  35.418 0.1724137931
13849  -53.466  -80.185  36.900 0.1724137931
13850  -55.223  -80.124  35.302 0.0344827586
13851  -55.612  -81.025  35.033 0.0344827586
13852  -56.447  -80.333  33.238 0.0344827586
13853  -56.659  -80.563  31.314 0.0344827586
13854  -56.967  -79.901  31.913 0.0689655172
13856  -57.046  -79.234  29.021 0.0689655172
13857  -56.882  -78.929  27.751 0.0689655172
13858  -56.161  -78.923  25.428 0.0344827586
14308  -49.288  -75.154  48.556 0.3793103448
17058  -46.788  -85.902  47.194 0.1034482759
17061  -46.179  -87.830  46.136 0.0689655172
17062  -47.333  -86.953  44.813 0.0689655172
17063  -50.696  -82.657  40.970 0.3103448276
17064  -49.641  -83.454  42.547 0.2068965517
17065  -50.915  -83.500  40.930 0.1379310345
18433  -47.191  -82.575  50.106 0.1379310345
18436  -48.158  -79.448  52.055 0.1724137931
18438  -47.972  -78.264  46.769 0.3793103448
18439  -48.083  -78.988  48.146 0.3448275862
18440  -48.114  -79.107  46.929 0.3793103448
18441  -48.098  -80.151  47.118 0.3793103448
18442  -48.208  -79.429  45.598 0.4137931034
18443  -48.443  -79.722  44.289 0.4482758621
23264  -55.869  -77.513  30.325 0.1724137931
23265  -56.050  -77.299  28.982 0.1379310345
23284  -51.176  -79.510  38.496 0.4827586207
23285  -51.847  -78.608  36.867 0.4137931034
23286  -53.514  -78.490  35.407 0.3448275862
23287  -55.259  -78.678  33.885 0.2413793103
23288  -56.523  -79.025  32.319 0.0689655172
23289  -55.655  -78.192  32.639 0.1379310345
23290  -55.829  -77.898  31.467 0.1724137931
25209  -46.360  -84.422  50.558 0.1034482759
25211  -46.801  -84.730  49.032 0.1724137931
25212  -47.161  -84.865  47.391 0.2068965517
25213  -47.695  -85.019  45.694 0.2068965517
25214  -53.477  -82.654  38.045 0.0689655172
25215  -52.234  -83.573  39.420 0.1034482759
25216  -53.444  -83.570  37.631 0.0689655172
26036  -47.283  -81.080  52.367 0.0689655172
26037  -48.489  -77.201  49.042 0.3448275862
26038  -48.237  -78.112  49.220 0.3103448276
26039  -48.050  -77.389  47.902 0.3793103448
29367  -48.640  -81.784  44.685 0.3448275862
29368  -48.734  -82.693  44.551 0.2758620690
29369  -49.344  -82.009  43.062 0.3103448276
29370  -50.302  -82.023  41.308 0.3793103448
29371  -51.551  -81.934  39.673 0.2758620690
29372  -51.988  -80.253  38.330 0.4137931034
29373  -52.443  -81.070  38.331 0.2068965517
29374  -52.985  -81.854  38.203 0.1034482759
29375  -54.596  -81.873  36.638 0.0344827586
29382  -57.112  -79.575  30.506 0.0689655172
29383  -56.841  -79.763  28.244 0.0689655172
29384  -55.986  -79.839  25.906 0.0689655172
29385  -55.569  -79.478  24.544 0.0689655172
30015  -48.827  -76.139  48.846 0.3793103448
32445  -53.524  -70.985  52.398 0.0344827586
33710  -48.672  -83.441  44.363 0.2758620690
33711  -48.613  -84.197  44.156 0.2068965517
33712  -48.564  -85.085  43.768 0.1034482759
33713  -51.047  -84.355  40.714 0.1379310345
33714  -49.866  -85.150  42.015 0.1034482759
33715  -48.591  -86.021  43.385 0.0689655172
33741  -53.404  -82.239  22.843 0.0344827586
35410  -47.451  -82.894  48.946 0.2068965517
35411  -47.922  -82.227  47.560 0.3103448276
35416  -48.028  -79.649  49.510 0.2413793103
35417  -47.802  -80.637  49.674 0.2068965517
35418  -47.969  -80.906  48.545 0.3103448276
35419  -48.077  -81.165  47.300 0.3448275862
35420  -48.270  -81.484  46.057 0.3793103448
35421  -48.603  -80.834  44.542 0.4482758621
35422  -48.927  -80.064  43.013 0.4482758621
42165  -47.953  -82.848  46.959 0.2413793103
42166  -47.847  -83.256  46.878 0.2758620690
42167  -48.131  -82.924  46.139 0.2758620690
44534  -56.720  -78.498  27.699 0.0689655172
44535  -56.645  -78.373  26.839 0.0689655172
44536  -56.598  -78.148  27.956 0.0689655172
44565  -49.823  -79.894  40.843 0.4827586207
44566  -50.063  -80.405  40.828 0.4482758621
44567  -50.309  -79.959  40.061 0.4482758621
44569  -54.866  -79.720  35.349 0.1034482759
44570  -55.690  -79.787  34.437 0.0344827586
44571  -55.935  -80.212  34.304 0.0344827586
44572  -56.416  -79.908  33.339 0.0344827586
44573  -56.706  -80.088  32.538 0.0689655172
44574  -56.619  -79.693  32.781 0.0689655172
44575  -56.694  -78.426  29.368 0.0689655172
44577  -56.835  -78.643  28.315 0.0689655172
44578  -56.728  -78.749  27.163 0.0689655172
47778  -47.107  -85.999  46.232 0.1034482759
47780  -46.989  -86.469  45.978 0.1034482759
47781  -46.875  -86.908  45.686 0.0689655172
47782  -47.455  -86.457  45.010 0.1034482759
47783  -51.310  -82.692  40.247 0.2068965517
47784  -50.771  -83.057  40.964 0.2068965517
47785  -51.451  -83.108  40.231 0.1379310345
49150  -47.086  -81.614  51.830 0.1034482759
49155  -48.555  -78.208  51.148 0.2068965517
49157  -48.405  -78.333  50.564 0.2413793103
49158  -48.023  -78.325  46.158 0.3793103448
49159  -48.038  -78.655  46.827 0.3793103448
49160  -48.099  -78.759  46.176 0.3793103448
49161  -48.162  -79.274  46.272 0.3793103448
49162  -48.152  -78.899  45.488 0.4137931034
54134  -55.297  -77.111  30.788 0.3793103448
54168  -53.227  -77.707  34.566 0.4137931034
54169  -52.940  -78.106  35.332 0.4137931034
54170  -53.826  -78.125  34.643 0.3793103448
54171  -54.406  -78.549  34.672 0.3103448276
54172  -54.741  -78.242  33.883 0.3103448276
54173  -55.493  -78.410  33.245 0.2068965517
54174  -54.921  -77.971  33.244 0.3103448276
54175  -54.504  -77.031  31.838 0.3448275862
54176  -55.195  -77.553  31.960 0.3448275862
54177  -55.267  -77.324  31.373 0.3793103448
54178  -55.867  -77.676  30.891 0.2068965517
57375  -46.796  -84.097  49.871 0.1034482759
57376  -46.609  -84.540  49.819 0.1379310345
57377  -46.960  -84.257  49.081 0.1379310345
57378  -47.657  -84.067  46.780 0.2413793103
57379  -47.323  -84.443  47.459 0.2068965517
57380  -47.551  -84.466  46.621 0.2413793103
57381  -47.406  -84.914  46.572 0.2068965517
57382  -47.804  -84.521  45.810 0.2758620690
57383  -54.076  -82.689  37.217 0.0344827586
57384  -53.517  -83.138  37.900 0.1034482759
58755  -48.363  -76.783  48.380 0.3793103448
58756  -48.225  -77.293  48.466 0.3793103448
58757  -48.102  -76.895  47.803 0.3793103448
64487  -56.151  -77.871  25.029 0.0689655172
64575  -48.896  -81.479  43.968 0.4137931034
64576  -48.966  -81.933  43.894 0.3103448276
64577  -49.259  -81.582  43.134 0.4137931034
64578  -50.477  -81.263  40.701 0.4482758621
64579  -50.122  -81.666  41.443 0.4137931034
64580  -50.675  -81.656  40.596 0.3793103448
64581  -50.908  -81.980  40.475 0.3448275862
64582  -51.316  -81.594  39.793 0.3448275862
64583  -51.898  -79.449  37.691 0.4137931034
64584  -51.579  -79.908  38.438 0.4482758621
64585  -52.354  -79.797  37.631 0.4137931034
64586  -53.817  -80.553  36.852 0.1034482759
64587  -52.956  -80.618  37.602 0.2413793103
64588  -53.249  -81.009  37.566 0.1034482759
64589  -52.700  -81.448  38.263 0.1379310345
64590  -53.543  -81.436  37.482 0.1034482759
64591  -53.829  -81.864  37.462 0.1034482759
64592  -54.398  -81.429  36.706 0.0689655172
64594  -55.667  -81.421  34.832 0.0344827586
64595  -55.948  -81.459  33.747 0.0344827586
64600  -56.854  -80.360  30.570 0.0689655172
64602  -56.662  -80.450  29.422 0.0689655172
64604  -56.669  -80.294  28.618 0.0689655172
64605  -56.667  -78.888  31.700 0.0689655172
64606  -56.920  -79.325  31.481 0.0689655172
64607  -56.979  -79.174  30.766 0.0689655172
64608  -56.864  -79.295  27.880 0.0689655172
64609  -57.011  -79.490  28.616 0.0689655172
64610  -56.695  -79.513  27.441 0.0689655172
64611  -56.485  -79.785  27.099 0.0689655172
64612  -56.277  -79.541  26.242 0.0689655172
64614  -56.039  -79.347  25.542 0.0689655172
64615  -55.969  -78.733  24.856 0.0344827586
64616  -55.630  -78.982  24.330 0.0344827586
64617  -55.437  -78.778  23.669 0.0344827586
65963  -48.928  -76.516  49.549 0.3793103448
65964  -49.171  -76.051  49.423 0.3793103448
74228  -49.080  -82.758  43.697 0.2758620690
74229  -48.748  -83.074  44.440 0.2758620690
74230  -49.124  -83.104  43.616 0.2758620690
74231  -49.663  -83.850  42.480 0.1724137931
74232  -49.118  -83.833  43.367 0.2413793103
74233  -49.103  -84.227  43.223 0.1724137931
74234  -48.584  -84.604  43.939 0.1724137931
74235  -49.142  -84.671  43.088 0.1379310345
74236  -52.275  -83.989  39.231 0.1034482759
74237  -51.627  -83.958  40.077 0.1034482759
74238  -51.686  -84.391  39.895 0.1034482759
74240  -50.441  -85.154  41.146 0.0689655172
74241  -49.826  -85.548  41.765 0.1034482759
74242  -49.221  -85.568  42.675 0.1034482759
74244  -48.533  -86.452  43.139 0.0689655172
78053  -53.655  -70.817  51.887 0.0344827586
78340  -47.491  -82.227  49.414 0.2413793103
78341  -47.331  -82.756  49.540 0.1724137931
78342  -47.637  -82.405  48.858 0.2413793103
78343  -47.713  -82.570  48.281 0.2758620690
78344  -47.861  -82.026  48.143 0.2758620690
78348  -48.101  -79.544  51.462 0.2068965517
78353  -48.127  -78.194  48.648 0.3448275862
78355  -48.106  -78.542  48.724 0.3103448276
78356  -48.095  -79.433  48.209 0.3448275862
78357  -48.127  -79.278  48.783 0.3103448276
78358  -48.042  -79.731  48.865 0.2413793103
78359  -47.925  -80.145  49.613 0.2068965517
78360  -47.967  -80.271  48.989 0.2413793103
78361  -47.888  -80.790  49.111 0.2413793103
78362  -48.018  -80.423  48.434 0.3448275862
78363  -48.149  -80.319  46.482 0.4137931034
78364  -48.087  -80.660  47.197 0.3793103448
78365  -48.158  -80.813  46.554 0.4137931034
78366  -48.154  -81.312  46.685 0.4137931034
78367  -48.282  -80.995  45.958 0.4137931034
78368  -48.447  -81.172  45.295 0.4137931034
78369  -48.413  -80.660  45.202 0.4137931034
78371  -48.614  -79.892  43.699 0.4482758621
78372  -48.765  -79.529  42.813 0.4482758621
92407  -53.560  -77.364  33.706 0.4137931034
92408  -54.309  -77.530  33.160 0.3448275862
94329  -47.400  -83.495  48.430 0.2068965517
94330  -47.276  -83.951  48.356 0.2068965517
94331  -47.563  -83.614  47.596 0.2413793103
94332  -47.749  -83.667  46.859 0.2758620690
94333  -47.993  -83.710  46.069 0.2758620690
98594  -56.242  -78.553  25.448 0.0344827586
98595  -55.979  -78.342  24.563 0.0344827586
98596  -56.378  -78.380  25.714 0.0344827586
98597  -56.385  -78.100  25.961 0.0344827586
98598  -56.368  -77.807  26.158 0.0689655172
98649  -49.342  -80.698  42.418 0.4482758621
98650  -49.507  -81.189  42.363 0.4137931034
98651  -49.775  -80.845  41.586 0.4482758621
98652  -50.279  -80.845  40.784 0.4827586207
98653  -50.883  -80.828  39.924 0.4827586207
98654  -53.593  -79.281  36.211 0.2413793103
98655  -53.119  -79.767  36.919 0.3103448276
98656  -53.975  -79.704  36.175 0.1724137931
98657  -54.351  -80.113  36.147 0.0689655172
98658  -54.685  -80.547  36.119 0.0689655172
98659  -54.933  -81.021  36.049 0.0344827586
98660  -55.448  -80.601  35.214 0.0344827586
98661  -56.056  -80.664  34.161 0.0344827586
98662  -56.421  -80.726  33.005 0.0344827586
98663  -56.486  -80.822  32.058 0.0344827586
98664  -56.615  -80.460  32.292 0.0689655172
98665  -56.844  -80.232  31.593 0.0689655172
98666  -56.988  -80.077  30.859 0.0689655172
98667  -56.771  -78.723  30.563 0.0689655172
98670  -56.975  -79.094  28.395 0.0689655172
98671  -56.732  -79.126  27.173 0.0689655172
98672  -56.307  -79.121  26.006 0.0689655172
98673  -56.573  -78.940  26.575 0.0689655172
98674  -56.357  -78.738  25.986 0.0344827586
99478  -50.416  -75.662  51.699 0.1034482759
99482  -49.418  -75.573  49.233 0.3793103448
99483  -49.668  -75.077  49.029 0.3793103448
99484  -49.482  -74.635  48.382 0.3793103448
104432  -46.537  -85.834  48.051 0.1034482759
104439  -46.748  -87.387  45.458 0.0689655172
104441  -50.030  -82.749  41.906 0.3103448276
104442  -49.595  -83.103  42.712 0.2413793103
104443  -50.127  -83.100  41.774 0.2413793103
104444  -50.231  -83.474  41.711 0.2068965517
104445  -50.349  -83.862  41.642 0.1379310345
106909  -47.344  -82.056  49.989 0.1379310345
106910  -47.653  -81.710  49.292 0.2068965517
106912  -48.181  -79.365  52.655 0.0689655172
106913  -48.328  -79.019  51.955 0.1379310345
106914  -48.228  -79.114  51.368 0.1724137931
106915  -48.166  -79.205  50.758 0.2068965517
106916  -47.998  -78.236  47.416 0.3793103448
106917  -48.046  -78.581  48.143 0.3103448276
106918  -48.023  -78.623  47.470 0.3793103448
106919  -48.084  -79.043  47.508 0.3793103448
106920  -48.121  -79.561  47.644 0.3793103448
106921  -48.101  -80.043  47.746 0.3793103448
106922  -48.161  -79.633  47.049 0.3793103448
106923  -48.165  -79.801  46.391 0.4137931034
106924  -48.224  -79.983  45.754 0.4137931034
106925  -48.369  -80.125  45.063 0.4137931034
106926  -48.312  -79.565  44.927 0.4137931034
115724  -56.318  -77.920  29.650 0.0689655172
115725  -56.404  -77.866  28.972 0.1034482759
115726  -55.952  -77.425  29.645 0.1724137931
115768  -50.539  -79.506  39.232 0.4827586207
115769  -50.787  -79.061  38.473 0.4827586207
115770  -51.517  -79.040  37.696 0.4827586207
115771  -52.291  -78.957  36.888 0.4137931034
115772  -52.071  -78.150  36.066 0.4137931034
115773  -52.641  -78.522  36.092 0.4482758621
115774  -53.154  -78.868  36.163 0.3448275862
115775  -54.015  -78.890  35.440 0.2068965517
115776  -54.894  -78.970  34.661 0.1724137931
115777  -55.716  -79.120  33.828 0.0689655172
115778  -56.341  -79.270  32.992 0.0689655172
115779  -55.947  -78.823  33.134 0.0689655172
115780  -56.130  -78.605  32.514 0.0689655172
115781  -56.243  -78.500  31.969 0.0689655172
115782  -55.089  -77.742  32.575 0.3103448276
115783  -55.763  -78.056  32.018 0.1724137931
115784  -56.299  -78.382  31.370 0.1379310345
115785  -56.350  -78.242  30.850 0.1034482759
115786  -56.344  -78.092  30.246 0.0689655172
120265  -46.591  -85.217  48.971 0.1724137931
120266  -47.143  -84.388  48.279 0.2068965517
120267  -46.995  -84.815  48.205 0.2068965517
120268  -46.787  -85.269  48.155 0.1724137931
120269  -46.984  -85.351  47.319 0.1724137931
120270  -47.246  -85.460  46.396 0.1724137931
120271  -47.597  -85.543  45.514 0.1034482759
120272  -52.737  -82.694  38.794 0.1034482759
120273  -52.166  -83.116  39.489 0.1034482759
120274  -52.886  -83.159  38.712 0.1034482759
120275  -52.923  -83.630  38.579 0.1034482759
120276  -52.847  -83.989  38.281 0.0344827586
122192  -47.313  -81.193  51.750 0.1034482759
122193  -48.527  -77.527  49.782 0.3448275862
122194  -48.389  -78.013  49.889 0.3103448276
122195  -48.347  -77.672  49.111 0.3793103448
122196  -48.132  -77.777  48.549 0.3793103448
122197  -48.047  -77.840  47.993 0.3793103448
122200  -47.996  -77.848  47.358 0.4137931034
130075  -56.379  -77.713  28.134 0.0689655172
130076  -56.322  -77.586  27.264 0.1034482759
130179  -48.413  -82.121  45.458 0.2758620690
130180  -48.432  -82.575  45.379 0.2758620690
130181  -48.676  -82.264  44.649 0.2758620690
130182  -49.013  -82.358  43.823 0.2758620690
130183  -49.426  -82.416  42.982 0.3103448276
130184  -49.668  -81.637  42.291 0.4137931034
130185  -49.805  -82.061  42.209 0.3793103448
130186  -49.922  -82.446  42.166 0.3793103448
130187  -50.507  -82.336  41.130 0.3103448276
130188  -51.151  -82.307  40.287 0.2413793103
130189  -51.775  -82.304  39.564 0.1724137931
130190  -50.883  -79.969  39.293 0.4827586207
130191  -51.277  -80.383  39.156 0.4827586207
130192  -51.543  -80.768  39.056 0.4482758621
130193  -52.674  -80.212  37.613 0.3448275862
130194  -52.202  -80.682  38.313 0.3448275862
130195  -51.744  -81.146  39.037 0.3448275862
130196  -51.960  -81.509  39.054 0.2068965517
130197  -52.175  -81.828  38.903 0.1379310345
130198  -52.483  -82.259  38.862 0.1034482759
130199  -53.268  -82.273  38.171 0.1034482759
130200  -54.004  -82.281  37.382 0.0689655172
130201  -54.639  -82.346  36.561 0.0344827586
130202  -55.190  -81.405  35.867 0.0344827586
130203  -55.226  -81.828  35.711 0.0344827586
130212  -56.470  -80.911  30.998 0.0344827586
130218  -56.821  -79.470  32.142 0.0689655172
130219  -57.017  -79.733  31.176 0.0689655172
130220  -57.047  -79.918  30.121 0.0689655172
130222  -57.116  -79.743  29.425 0.0689655172
130223  -56.936  -80.029  29.036 0.0689655172
130224  -56.603  -80.048  27.922 0.0689655172
130225  -56.204  -80.090  26.812 0.0689655172
130230  -55.848  -79.171  24.931 0.0344827586
131927  -48.744  -77.702  51.115 0.2068965517
131930  -49.750  -76.836  52.680 0.1034482759
131933  -49.509  -76.977  52.101 0.1379310345
131936  -48.723  -77.360  50.420 0.3103448276
131938  -48.642  -76.654  48.942 0.3793103448
131939  -48.528  -76.252  48.273 0.3793103448
131941  -48.647  -75.668  48.130 0.4137931034
138585  -53.239  -71.717  52.746 0.0344827586
142244  -48.360  -83.026  45.341 0.2758620690
142245  -48.331  -83.387  45.259 0.2758620690
142246  -48.281  -83.758  45.166 0.2758620690
142247  -49.135  -83.460  43.503 0.2758620690
142248  -48.643  -83.846  44.381 0.2758620690
142249  -48.208  -84.153  45.060 0.2413793103
142250  -48.139  -84.565  44.942 0.2068965517
142251  -48.084  -85.087  44.790 0.1034482759
142252  -48.031  -85.569  44.576 0.1034482759
142253  -51.573  -83.530  40.171 0.1379310345
142254  -50.997  -83.909  40.831 0.1379310345
142255  -50.449  -84.257  41.524 0.1034482759
142256  -51.057  -84.794  40.534 0.1034482759
142257  -50.487  -84.751  41.374 0.1379310345
142258  -49.821  -84.707  42.219 0.1034482759
142259  -49.206  -85.144  42.905 0.1034482759
142260  -48.559  -85.603  43.613 0.1034482759
142261  -48.010  -86.022  44.328 0.1034482759
142262  -47.959  -86.487  44.106 0.0689655172
142263  -47.851  -86.958  43.925 0.0689655172
142337  -53.482  -82.363  23.387 0.0344827586
146887  -53.381  -71.560  52.236 0.0344827586
147233  -46.980  -83.702  49.793 0.1034482759
147234  -47.021  -83.062  50.231 0.1034482759
147235  -47.157  -83.255  49.660 0.1379310345
147236  -47.274  -83.367  49.052 0.1724137931
147237  -47.543  -83.055  48.393 0.2068965517
147238  -47.803  -82.727  47.685 0.2758620690
147239  -48.001  -82.400  46.917 0.3103448276
147246  -47.533  -80.702  52.321 0.1034482759
147247  -47.541  -80.791  51.688 0.1034482759
147249  -48.291  -78.448  49.941 0.3103448276
147250  -48.211  -78.836  50.004 0.2758620690
147251  -48.123  -79.212  50.080 0.2413793103
147252  -48.108  -78.887  48.766 0.3103448276
147253  -48.103  -79.221  49.430 0.3103448276
147254  -48.030  -79.579  50.166 0.2068965517
147256  -47.754  -80.513  50.338 0.1724137931
147257  -47.599  -81.001  50.395 0.1724137931
147258  -47.691  -81.112  49.751 0.1724137931
147259  -47.802  -81.238  49.210 0.2413793103
147260  -47.898  -81.373  48.630 0.2758620690
147261  -48.072  -80.529  47.841 0.3448275862
147262  -48.044  -81.062  47.949 0.3103448276
147263  -47.978  -81.502  48.015 0.3448275862
147264  -48.042  -81.650  47.407 0.3448275862
147265  -48.090  -81.860  46.813 0.3103448276
147266  -48.222  -82.013  46.158 0.3448275862
147267  -48.438  -81.650  45.383 0.3793103448
147268  -48.662  -81.349  44.609 0.4482758621
147269  -48.836  -81.016  43.933 0.4482758621
147270  -48.530  -80.288  44.443 0.4482758621
147271  -48.754  -80.478  43.865 0.4482758621
147272  -49.038  -80.599  43.153 0.4482758621
147273  -49.268  -80.178  42.336 0.4482758621
2299  -64.215  -68.696  0.949 0.0344827586
21073  -63.631  -70.006  -1.011 0.0344827586
27621  -64.922  -67.970  1.982 0.0344827586
51792  -63.840  -69.017  0.487 0.0344827586
51793  -63.885  -69.344  -0.094 0.0344827586
51794  -64.270  -68.995  0.326 0.0344827586
86261  -63.705  -70.376  -1.508 0.0344827586
111661  -63.954  -69.698  -0.612 0.0344827586
125889  -64.574  -68.350  1.453 0.0344827586
30  -51.617  -76.286  33.324 0.5517241379
288  -42.210  -53.935  19.878 0.2758620690
404  -47.628  -74.783  44.979 0.4482758621
405  -45.237  -69.384  35.274 0.6551724138
555  -45.447  -64.606  21.183 0.4827586207
765  -55.512  -76.407  21.628 0.0689655172
766  -53.121  -74.322  27.586 0.4482758621
775  -49.970  -79.475  40.042 0.4827586207
915  -49.007  -70.250  44.798 0.4482758621
1223  -44.293  -66.686  28.391 0.5517241379
1224  -41.063  -61.086  28.402 0.6551724138
1225  -43.183  -52.300  12.191 0.1379310345
1226  -45.666  -58.570  13.881 0.2068965517
1667  -54.841  -74.045  15.254 0.0689655172
1670  -43.106  -56.733  27.277 0.4482758621
1904  -48.048  -75.829  39.297 0.5862068966
1905  -48.047  -73.515  34.326 0.5862068966
1906  -46.630  -71.993  40.370 0.4827586207
1924  -48.075  -78.412  45.411 0.3793103448
2301  -48.831  -70.879  27.968 0.5172413793
2302  -50.365  -69.019  21.833 0.3793103448
2304  -41.624  -59.554  20.538 0.5862068966
2684  -54.505  -76.804  31.221 0.4137931034
2685  -55.113  -76.175  28.564 0.3103448276
2686  -52.516  -75.169  30.293 0.4137931034
2695  -50.750  -77.873  36.667 0.4827586207
3143  -42.342  -62.599  32.306 0.5517241379
3144  -42.776  -60.006  31.939 0.5517241379
3737  -55.773  -74.606  22.456 0.1379310345
3738  -54.923  -75.224  18.288 0.0689655172
4184  -47.362  -75.270  42.365 0.4827586207
4185  -47.129  -74.080  39.963 0.5172413793
4186  -47.148  -73.190  42.640 0.4827586207
4188  -47.866  -68.619  42.636 0.4827586207
4225  -48.254  -76.392  47.733 0.3793103448
4227  -47.770  -76.718  45.202 0.4482758621
4228  -47.948  -76.967  42.368 0.4827586207
5107  -46.599  -71.565  34.785 0.5862068966
5108  -48.364  -72.098  31.203 0.6896551724
5109  -46.657  -70.169  31.525 0.6206896552
5110  -44.378  -65.617  24.813 0.5862068966
5111  -47.265  -67.786  24.853 0.5862068966
5112  -48.072  -66.833  21.661 0.4827586207
5115  -42.359  -55.375  23.769 0.4482758621
5116  -40.761  -57.477  24.229 0.5172413793
5117  -41.238  -56.613  20.225 0.4137931034
5119  -47.552  -60.666  15.075 0.1724137931
5985  -54.471  -77.557  20.664 0.0689655172
5986  -56.202  -77.582  25.276 0.0689655172
5987  -55.533  -75.544  25.629 0.2068965517
5988  -53.890  -73.370  24.987 0.4137931034
6254  -48.868  -74.248  47.189 0.4137931034
6255  -48.257  -72.476  45.005 0.4827586207
6808  -44.273  -66.893  35.313 0.5172413793
6809  -44.609  -68.047  31.979 0.6206896552
6810  -43.058  -65.481  32.073 0.6206896552
6811  -42.168  -64.178  28.424 0.6206896552
6812  -42.100  -63.219  24.644 0.6551724138
6813  -42.401  -52.887  15.975 0.1724137931
6814  -42.482  -56.088  16.328 0.2758620690
6815  -43.968  -55.794  12.866 0.2068965517
7729  -53.796  -76.626  17.465 0.0689655172
7738  -45.389  -55.936  26.158 0.4137931034
7739  -44.930  -54.263  22.910 0.2413793103
7742  -44.499  -52.444  19.410 0.1379310345
7743  -44.343  -50.626  15.918 0.1034482759
8324  -49.420  -76.313  36.055 0.5862068966
8325  -49.631  -75.043  33.646 0.6206896552
8326  -48.085  -74.653  36.735 0.5862068966
8327  -46.913  -72.964  37.441 0.5862068966
8328  -46.060  -70.665  37.889 0.5172413793
8329  -47.575  -70.899  42.644 0.4827586207
8330  -46.603  -69.570  40.293 0.5172413793
8331  -45.488  -68.232  37.892 0.5517241379
8379  -48.570  -78.951  42.654 0.4482758621
8380  -48.923  -77.474  39.348 0.4827586207
9459  -50.389  -73.901  30.695 0.5172413793
9460  -50.984  -72.709  27.614 0.4137931034
9461  -51.686  -71.687  24.693 0.3793103448
9462  -46.788  -68.856  28.182 0.6206896552
9463  -49.509  -69.965  24.803 0.4482758621
9464  -52.541  -70.711  22.064 0.3448275862
9465  -53.704  -69.781  19.529 0.3103448276
9468  -41.453  -58.436  27.997 0.5172413793
9469  -40.656  -60.167  24.372 0.6206896552
9470  -43.150  -62.224  20.889 0.5517241379
9471  -43.482  -59.013  17.116 0.3103448276
9472  -45.081  -61.531  17.888 0.4482758621
9473  -47.164  -63.557  18.393 0.3448275862
10364  -53.020  -76.382  32.206 0.3793103448
10365  -53.471  -75.909  30.626 0.4482758621
10366  -52.131  -75.657  31.809 0.4482758621
10375  -51.134  -77.048  35.000 0.5517241379
10376  -52.320  -77.699  35.295 0.4827586207
10377  -52.817  -76.960  33.586 0.4482758621
11414  -53.533  -80.114  18.552 0.0344827586
11416  -53.332  -78.864  18.332 0.0689655172
11417  -55.358  -73.519  22.498 0.2068965517
11418  -55.649  -74.172  20.736 0.1379310345
11421  -55.197  -72.180  21.061 0.2413793103
11457  -53.552  -80.532  19.598 0.0344827586
11864  -47.364  -75.027  43.702 0.4827586207
11865  -47.137  -74.301  42.569 0.4482758621
11866  -47.363  -73.945  43.848 0.4827586207
11905  -47.993  -75.598  46.409 0.4482758621
11906  -47.904  -76.583  46.546 0.4482758621
11907  -47.670  -75.767  45.120 0.4482758621
11908  -47.531  -75.929  43.827 0.4827586207
12787  -45.937  -70.535  35.126 0.6206896552
12788  -46.632  -70.890  33.154 0.5517241379
12789  -45.767  -69.894  33.426 0.6551724138
12790  -44.809  -65.135  22.912 0.4827586207
12791  -46.262  -66.282  23.111 0.5172413793
12792  -46.769  -65.753  21.432 0.5172413793
12793  -48.780  -66.229  20.154 0.4137931034
12794  -47.444  -65.096  19.893 0.3793103448
12795  -42.158  -54.742  21.949 0.3103448276
12796  -41.363  -55.843  22.220 0.4137931034
12797  -41.467  -55.259  20.018 0.3448275862
13817  -54.105  -75.188  28.119 0.4137931034
13818  -55.347  -75.917  27.174 0.2413793103
13819  -54.408  -74.736  26.757 0.3448275862
13820  -54.699  -74.357  25.383 0.3103448276
13821  -53.496  -73.869  26.299 0.4137931034
15187  -43.967  -65.588  35.422 0.4827586207
15188  -43.637  -66.265  33.775 0.5517241379
15189  -43.263  -64.806  33.850 0.5517241379
15190  -41.612  -61.880  30.443 0.5517241379
15191  -41.922  -63.302  30.330 0.6206896552
15192  -41.448  -62.569  28.411 0.6206896552
15193  -41.998  -63.739  26.605 0.6206896552
15194  -41.195  -62.093  26.480 0.6896551724
15195  -42.681  -52.642  14.133 0.1379310345
15196  -42.726  -54.312  14.243 0.1724137931
15197  -43.405  -54.118  12.451 0.1724137931
16969  -54.558  -78.973  14.700 0.0689655172
16972  -55.106  -77.019  21.239 0.0689655172
16973  -54.017  -77.042  19.118 0.0689655172
16974  -54.692  -76.378  19.429 0.0689655172
16975  -54.812  -74.610  16.730 0.0689655172
16976  -54.248  -75.276  16.333 0.0689655172
16993  -45.092  -55.125  24.592 0.2758620690
16998  -49.110  -52.669  19.316 0.0689655172
17003  -44.404  -51.436  17.600 0.1034482759
17004  -45.796  -51.061  17.394 0.1034482759
18314  -48.677  -76.058  37.635 0.5862068966
18315  -48.689  -75.534  36.420 0.6206896552
18316  -48.013  -75.235  38.004 0.6206896552
18317  -46.809  -73.096  40.230 0.4827586207
18318  -47.030  -73.516  38.735 0.5517241379
18319  -46.588  -72.487  38.974 0.5517241379
18320  -46.467  -71.888  37.692 0.5517241379
18321  -46.392  -71.354  39.093 0.5172413793
18323  -47.917  -71.698  43.845 0.4827586207
18324  -48.305  -70.506  43.735 0.4827586207
18326  -47.153  -69.011  41.373 0.5172413793
18327  -46.622  -68.355  40.263 0.5172413793
18328  -46.078  -68.898  39.124 0.5172413793
18329  -46.009  -67.663  39.004 0.4827586207
18330  -45.367  -67.019  37.866 0.4482758621
18444  -48.222  -78.585  43.976 0.4482758621
18445  -47.934  -76.357  40.840 0.5172413793
18446  -48.347  -77.159  40.775 0.4482758621
18447  -48.495  -76.619  39.229 0.5172413793
18448  -49.171  -76.902  37.638 0.5172413793
21082  -48.821  -74.341  33.965 0.6206896552
21083  -49.949  -74.505  32.197 0.6206896552
21084  -49.017  -73.714  32.425 0.6206896552
21085  -48.602  -71.443  29.564 0.5862068966
21086  -49.599  -72.402  29.368 0.5517241379
21087  -49.890  -71.859  27.829 0.5172413793
21088  -51.331  -72.198  26.128 0.3793103448
21089  -50.196  -71.369  26.235 0.4482758621
21090  -44.416  -67.317  30.214 0.5862068966
21091  -45.568  -68.527  30.225 0.5862068966
21092  -45.603  -67.843  28.380 0.5172413793
21093  -48.786  -68.380  23.169 0.5172413793
21094  -48.426  -68.882  24.785 0.4827586207
21095  -49.852  -69.485  23.279 0.5172413793
21096  -50.961  -70.421  23.285 0.4137931034
21097  -51.488  -69.966  21.940 0.4137931034
21098  -53.153  -70.266  20.774 0.3103448276
21099  -51.968  -69.419  20.643 0.3793103448
21106  -42.831  -58.160  29.484 0.5517241379
21107  -42.187  -57.458  27.693 0.4827586207
21108  -40.677  -58.331  22.326 0.5517241379
21109  -40.547  -58.810  24.364 0.5517241379
21110  -40.904  -59.771  22.296 0.5517241379
21111  -41.550  -61.206  22.471 0.5862068966
21112  -42.207  -60.828  20.712 0.5517241379
21113  -43.775  -57.327  14.894 0.2068965517
21114  -42.884  -57.483  16.650 0.2758620690
21115  -44.593  -58.805  15.510 0.2413793103
21116  -48.535  -61.614  15.826 0.1724137931
21117  -46.302  -61.088  16.439 0.3103448276
21118  -47.361  -62.128  17.015 0.2758620690
21119  -46.058  -62.550  18.173 0.3793103448
21120  -48.369  -63.065  17.374 0.3103448276
23266  -54.870  -76.490  29.900 0.3448275862
23267  -53.747  -75.465  29.226 0.4137931034
23268  -52.864  -74.718  28.975 0.4482758621
23283  -50.329  -78.621  38.394 0.4827586207
24091  -42.429  -61.194  32.205 0.5172413793
24092  -41.657  -60.421  30.384 0.5517241379
24094  -44.174  -53.883  10.868 0.1034482759
25159  -55.761  -75.653  22.098 0.1379310345
25160  -55.169  -75.782  19.787 0.1034482759
25161  -55.453  -75.118  20.348 0.1034482759
25162  -55.334  -74.587  18.799 0.1034482759
25163  -55.179  -74.002  17.214 0.0689655172
25177  -48.903  -51.605  17.929 0.1034482759
25178  -47.254  -50.822  17.038 0.1034482759
25964  -47.599  -75.604  40.881 0.5172413793
25965  -47.547  -75.009  39.687 0.5517241379
25966  -47.219  -74.726  41.194 0.4827586207
25967  -46.970  -73.661  41.403 0.4482758621
25968  -46.865  -72.595  41.507 0.4827586207
25970  -48.464  -69.380  43.755 0.4827586207
26040  -47.956  -77.465  46.676 0.4137931034
26041  -47.961  -77.559  45.294 0.4482758621
26042  -48.008  -77.614  43.875 0.4137931034
26043  -47.763  -76.809  43.840 0.4482758621
26044  -47.643  -76.152  42.374 0.5172413793
27625  -47.385  -72.554  34.575 0.5517241379
27626  -48.203  -72.742  32.741 0.6206896552
27627  -47.457  -71.778  32.912 0.5517241379
27628  -47.583  -71.095  31.316 0.5517241379
27629  -47.684  -70.470  29.747 0.5862068966
27630  -44.265  -66.099  26.687 0.5517241379
27631  -45.681  -67.238  26.737 0.5517241379
27632  -45.832  -66.678  24.931 0.5172413793
27633  -47.584  -67.319  23.187 0.4827586207
27634  -49.235  -67.934  21.738 0.4827586207
27636  -49.870  -67.380  20.157 0.4137931034
27637  -50.596  -66.739  18.916 0.3793103448
27639  -42.640  -56.111  25.628 0.4482758621
27640  -41.660  -56.926  25.937 0.4482758621
27641  -41.382  -56.333  24.023 0.4137931034
27642  -40.863  -57.102  22.237 0.5172413793
27643  -41.209  -58.029  20.341 0.5517241379
27645  -46.559  -59.610  14.455 0.2413793103
29326  -55.096  -78.125  22.459 0.0344827586
29327  -55.555  -77.568  22.951 0.0689655172
29328  -55.942  -77.068  23.487 0.0689655172
29329  -56.074  -77.100  27.312 0.1379310345
29330  -56.008  -76.698  25.524 0.0689655172
29331  -55.934  -76.177  23.772 0.1379310345
29332  -55.590  -75.091  24.018 0.1724137931
29333  -55.050  -73.933  23.899 0.2413793103
29334  -54.308  -72.849  23.637 0.3448275862
29386  -55.049  -79.074  23.239 0.0344827586
29954  -48.151  -74.435  46.150 0.4482758621
29955  -47.871  -73.603  45.054 0.4827586207
29956  -48.618  -73.290  46.106 0.4137931034
30016  -48.501  -75.307  47.512 0.4137931034
31246  -44.709  -68.204  35.431 0.5862068966
31247  -44.894  -68.735  33.739 0.6206896552
31248  -44.154  -67.472  33.795 0.6206896552
31249  -43.694  -66.812  32.096 0.6206896552
31250  -43.423  -66.107  30.278 0.5862068966
31251  -42.542  -64.065  32.263 0.5862068966
31252  -42.583  -64.814  30.242 0.6206896552
31253  -43.155  -65.514  28.376 0.6551724138
31254  -43.036  -65.001  26.618 0.6206896552
31255  -43.090  -64.528  24.742 0.6206896552
31256  -43.492  -63.979  22.816 0.5862068966
31257  -42.270  -53.301  17.849 0.1724137931
31258  -41.891  -54.717  17.972 0.2758620690
31259  -42.226  -54.475  16.055 0.2068965517
31260  -43.124  -55.948  14.538 0.2068965517
31261  -44.731  -57.290  13.309 0.2068965517
31262  -44.969  -55.621  11.231 0.1724137931
31263  -45.846  -57.124  11.729 0.2068965517
31264  -46.691  -58.278  12.219 0.1724137931
33595  -53.600  -77.966  18.713 0.1034482759
33598  -54.298  -75.829  17.815 0.0689655172
33620  -44.150  -56.193  26.724 0.4482758621
33621  -43.786  -55.515  25.144 0.3793103448
33622  -43.506  -54.685  23.403 0.2758620690
33623  -43.309  -53.807  21.549 0.2758620690
33631  -44.715  -53.331  21.140 0.2413793103
33632  -43.187  -52.993  19.636 0.2068965517
33633  -43.061  -52.211  17.820 0.1724137931
33634  -43.104  -51.562  16.037 0.1379310345
33635  -43.152  -51.061  14.239 0.1034482759
33636  -45.663  -50.135  15.845 0.1034482759
33637  -44.212  -49.947  14.222 0.1034482759
35264  -50.398  -76.373  34.686 0.5862068966
35265  -50.537  -75.758  33.399 0.5862068966
35266  -49.505  -75.710  34.843 0.6206896552
35267  -48.737  -74.932  35.167 0.6206896552
35268  -48.053  -74.069  35.503 0.5862068966
35269  -47.548  -74.404  38.338 0.5862068966
35270  -47.459  -73.840  37.125 0.5862068966
35271  -47.385  -73.237  35.907 0.5862068966
35272  -46.831  -72.272  36.108 0.5862068966
35273  -46.212  -71.168  36.416 0.5862068966
35274  -45.666  -70.026  36.635 0.6206896552
35275  -47.565  -72.811  43.878 0.4827586207
35276  -47.288  -72.079  42.724 0.4827586207
35277  -46.972  -71.439  41.602 0.4827586207
35278  -47.748  -69.745  42.549 0.4827586207
35279  -47.104  -70.255  41.519 0.4827586207
35280  -46.602  -70.739  40.332 0.4827586207
35281  -46.173  -70.114  39.171 0.4827586207
35282  -45.757  -69.467  37.959 0.5172413793
35283  -45.239  -68.846  36.638 0.5862068966
35284  -44.850  -67.577  36.638 0.5172413793
35285  -44.665  -66.354  36.672 0.4827586207
35423  -49.177  -79.254  41.377 0.4827586207
35424  -48.254  -77.866  42.432 0.4482758621
35425  -48.735  -78.182  40.973 0.4482758621
35426  -49.394  -78.465  39.658 0.4482758621
35427  -49.671  -77.781  37.971 0.4827586207
35428  -49.987  -77.074  36.266 0.4827586207
38613  -51.001  -75.119  31.962 0.5172413793
38614  -51.382  -74.520  30.526 0.4482758621
38615  -51.739  -73.996  29.093 0.4482758621
38616  -49.365  -73.046  30.911 0.5862068966
38617  -50.674  -73.243  29.161 0.4482758621
38618  -52.079  -73.498  27.519 0.4482758621
38619  -52.441  -72.996  26.135 0.3793103448
38620  -52.823  -72.467  24.730 0.4482758621
38621  -53.268  -71.967  23.534 0.3448275862
38622  -45.591  -69.193  31.833 0.6551724138
38623  -46.654  -69.515  29.970 0.6551724138
38624  -47.887  -69.920  28.060 0.6206896552
38625  -46.923  -68.231  26.573 0.5172413793
38626  -48.111  -69.374  26.413 0.5172413793
38627  -49.105  -70.444  26.381 0.4827586207
38628  -50.567  -70.874  24.707 0.4827586207
38629  -52.056  -71.180  23.352 0.4482758621
38630  -53.712  -71.447  22.201 0.3448275862
38631  -54.213  -71.059  20.971 0.2758620690
38641  -42.158  -59.091  29.982 0.5517241379
38642  -40.998  -59.644  28.350 0.5517241379
38643  -40.957  -57.901  26.083 0.5172413793
38644  -40.621  -59.104  26.255 0.5862068966
38645  -40.702  -60.598  26.424 0.6206896552
38646  -41.256  -61.679  24.478 0.6551724138
38647  -42.529  -62.653  22.581 0.6206896552
38648  -44.274  -63.572  21.021 0.5862068966
38649  -41.752  -56.196  18.183 0.3103448276
38650  -42.021  -57.765  18.417 0.3793103448
38651  -42.459  -59.327  18.733 0.5172413793
38652  -45.409  -59.992  15.980 0.2758620690
38653  -44.233  -60.388  17.477 0.4482758621
38654  -43.111  -60.665  19.102 0.4482758621
38655  -44.016  -61.918  19.291 0.4482758621
38656  -45.092  -63.051  19.451 0.4827586207
38657  -46.202  -64.094  19.634 0.4482758621
38658  -48.371  -64.521  18.645 0.3448275862
41084  -52.282  -76.317  32.734 0.4827586207
41085  -52.521  -76.020  31.943 0.4482758621
41086  -51.881  -75.986  32.587 0.4827586207
41095  -51.379  -76.656  34.139 0.5862068966
41096  -51.880  -76.983  34.313 0.4482758621
41097  -52.145  -76.604  33.449 0.4482758621
41098  -52.925  -76.656  32.923 0.4137931034
41546  -46.172  -52.585  7.450 0.0344827586
42134  -53.491  -79.506  19.036 0.0344827586
42135  -53.408  -79.425  18.329 0.0689655172
42136  -53.515  -79.013  19.078 0.0344827586
42177  -53.564  -79.770  19.627 0.0344827586
42178  -53.532  -80.350  19.063 0.0344827586
42584  -47.471  -74.914  44.347 0.4827586207
42585  -47.363  -74.515  43.764 0.4827586207
42586  -47.503  -74.374  44.414 0.4827586207
42625  -47.800  -75.172  45.710 0.4482758621
42626  -47.812  -75.690  45.760 0.4482758621
42627  -47.634  -75.274  45.056 0.4482758621
42628  -47.497  -75.379  44.445 0.4827586207
43507  -45.598  -69.978  35.217 0.6551724138
43508  -45.833  -70.207  34.288 0.6206896552
43509  -45.484  -69.663  34.390 0.6551724138
43510  -45.131  -64.885  22.043 0.4827586207
43511  -45.791  -65.446  22.122 0.4827586207
43512  -46.111  -65.145  21.261 0.4827586207
43513  -47.108  -65.415  20.607 0.4137931034
43514  -46.419  -64.850  20.455 0.4827586207
43515  -42.180  -54.311  20.939 0.3103448276
43516  -41.706  -54.917  21.036 0.3448275862
43517  -41.814  -54.571  19.979 0.2758620690
44537  -53.611  -74.733  27.868 0.4137931034
44538  -54.264  -74.967  27.484 0.3448275862
44539  -53.747  -74.514  27.167 0.4137931034
44540  -53.899  -74.235  26.478 0.3793103448
44541  -53.304  -74.082  26.941 0.4482758621
45908  -43.607  -65.197  34.624 0.4827586207
45910  -41.270  -61.512  29.441 0.5517241379
45911  -41.417  -62.235  29.456 0.5517241379
45912  -41.199  -61.809  28.371 0.5862068966
45913  -41.292  -62.254  27.419 0.6551724138
45914  -41.008  -61.558  27.394 0.6551724138
45915  -42.900  -52.489  13.211 0.1379310345
45916  -42.932  -53.379  13.194 0.1379310345
45917  -43.246  -53.223  12.269 0.1379310345
47692  -55.342  -76.728  21.439 0.0689655172
47693  -54.881  -76.679  20.257 0.0689655172
47694  -55.133  -76.395  20.489 0.0689655172
47695  -54.796  -74.340  15.963 0.0689655172
47696  -54.572  -74.601  15.731 0.0689655172
47697  -54.597  -74.345  14.969 0.0689655172
47698  -54.422  -74.449  14.067 0.0689655172
47699  -54.701  -74.056  14.282 0.0689655172
47701  -54.965  -73.715  14.504 0.0689655172
47718  -48.310  -52.243  18.862 0.0689655172
47724  -46.727  -51.383  17.920 0.0689655172
49034  -48.362  -75.933  38.469 0.5862068966
49035  -48.354  -75.647  37.818 0.5862068966
49036  -48.046  -75.531  38.644 0.6206896552
49037  -46.688  -72.558  40.301 0.4827586207
49038  -46.679  -72.761  39.589 0.5172413793
49039  -46.551  -72.238  39.692 0.4827586207
49040  -46.488  -71.928  39.029 0.5172413793
49041  -46.530  -71.667  39.714 0.4827586207
49042  -48.908  -70.795  44.839 0.4482758621
49043  -48.525  -70.904  44.299 0.4827586207
49044  -48.683  -70.314  44.269 0.4482758621
49045  -46.933  -67.538  40.865 0.4482758621
49046  -46.932  -68.110  40.854 0.4827586207
49047  -46.632  -67.750  40.259 0.5172413793
49048  -46.326  -68.005  39.616 0.5172413793
49049  -46.320  -67.409  39.586 0.4137931034
49163  -48.230  -79.012  44.809 0.4137931034
49164  -48.134  -78.495  44.660 0.4137931034
49165  -47.996  -76.090  40.071 0.5172413793
49166  -48.159  -76.471  40.045 0.5172413793
49167  -48.269  -76.220  39.280 0.5862068966
49168  -48.577  -76.333  38.451 0.5517241379
51802  -48.424  -73.899  34.128 0.5862068966
51803  -48.888  -74.002  33.193 0.6206896552
51804  -48.482  -73.567  33.351 0.6206896552
51805  -48.707  -71.157  28.800 0.5862068966
51806  -49.222  -71.658  28.683 0.5517241379
51807  -49.342  -71.372  27.885 0.4482758621
51808  -50.021  -71.597  27.028 0.4482758621
51809  -49.483  -71.134  27.086 0.4827586207
51810  -44.332  -67.011  29.401 0.5862068966
51811  -44.936  -67.597  29.321 0.5517241379
51812  -44.954  -67.288  28.380 0.5517241379
51813  -49.589  -68.716  22.518 0.4827586207
51814  -49.326  -68.933  23.218 0.5172413793
51815  -50.089  -69.242  22.577 0.4827586207
51816  -50.633  -69.742  22.592 0.3793103448
51817  -50.908  -69.524  21.912 0.4137931034
51818  -51.774  -69.737  21.287 0.3793103448
51819  -51.153  -69.298  21.226 0.3793103448
51827  -42.627  -57.042  27.506 0.4482758621
51828  -41.041  -58.908  21.388 0.5517241379
51829  -40.729  -59.016  22.433 0.5517241379
51830  -41.271  -59.665  21.429 0.5517241379
51831  -41.527  -60.350  21.483 0.5862068966
51832  -41.888  -60.230  20.616 0.5517241379
51833  -44.714  -58.016  14.375 0.2068965517
51834  -44.200  -58.073  15.196 0.2413793103
51835  -45.128  -58.658  14.703 0.2413793103
51837  -47.957  -61.846  16.391 0.2758620690
51838  -48.479  -62.347  16.690 0.2758620690
51839  -47.833  -62.587  17.202 0.3103448276
51840  -49.022  -62.803  16.877 0.2413793103
54135  -55.418  -77.020  30.161 0.3103448276
54136  -54.775  -76.667  30.556 0.3793103448
54137  -52.996  -75.503  30.440 0.4482758621
54138  -53.639  -75.705  29.944 0.4137931034
54139  -53.147  -75.288  29.729 0.4482758621
54140  -53.293  -75.081  29.110 0.4482758621
54141  -52.678  -74.925  29.622 0.4482758621
54165  -50.557  -78.249  37.568 0.5172413793
54166  -51.056  -78.644  37.668 0.4482758621
54167  -51.309  -78.251  36.902 0.4137931034
55512  -42.583  -60.571  32.112 0.5172413793
55513  -42.049  -60.799  31.349 0.5517241379
55514  -42.157  -60.182  31.174 0.5517241379
55516  -44.358  -53.010  10.003 0.1034482759
57292  -55.837  -75.163  22.282 0.1379310345
57293  -55.636  -75.392  21.206 0.1379310345
57294  -55.693  -74.902  21.419 0.1379310345
57295  -55.630  -73.893  19.944 0.1379310345
57296  -55.497  -74.405  19.795 0.1379310345
57297  -55.486  -74.195  18.950 0.1034482759
57298  -55.268  -74.307  17.963 0.0689655172
57299  -55.398  -73.938  18.192 0.1034482759
57300  -55.325  -73.639  17.424 0.0689655172
57318  -51.493  -51.939  17.898 0.0344827586
57322  -49.717  -51.544  17.730 0.0344827586
57323  -48.803  -51.065  17.278 0.0344827586
58634  -47.457  -75.438  41.633 0.5172413793
58635  -47.384  -75.207  41.044 0.5517241379
58636  -47.289  -75.005  41.788 0.4827586207
58637  -47.072  -73.769  42.621 0.4482758621
58638  -47.042  -73.978  41.975 0.4827586207
58639  -47.020  -73.431  42.035 0.4827586207
58640  -46.926  -73.144  41.490 0.4827586207
58641  -47.029  -72.876  42.087 0.4827586207
58758  -47.842  -76.650  45.916 0.4482758621
58759  -47.936  -77.039  46.639 0.4137931034
58760  -47.876  -77.095  45.997 0.4137931034
58761  -47.937  -77.504  45.992 0.4482758621
58762  -47.873  -77.146  45.254 0.4482758621
58763  -47.895  -77.192  44.567 0.4482758621
58764  -47.738  -76.755  44.525 0.4482758621
58765  -47.440  -75.566  43.067 0.4482758621
58766  -47.561  -76.010  43.082 0.4827586207
58767  -47.501  -75.688  42.367 0.5172413793
58768  -47.615  -75.846  41.637 0.5172413793
61402  -47.038  -72.100  34.617 0.5862068966
61403  -47.410  -72.159  33.731 0.5517241379
61404  -47.034  -71.689  33.823 0.5862068966
61405  -46.666  -70.546  32.331 0.5862068966
61406  -47.071  -70.980  32.201 0.5172413793
61407  -47.126  -70.628  31.416 0.4827586207
61408  -47.624  -70.758  30.524 0.5862068966
61409  -47.157  -70.318  30.657 0.6551724138
61410  -44.258  -65.831  25.720 0.5517241379
61411  -44.974  -66.414  25.828 0.5517241379
61412  -45.084  -66.151  24.874 0.5517241379
61413  -47.181  -66.565  22.377 0.5517241379
61414  -46.957  -66.830  23.165 0.5517241379
61415  -47.821  -67.090  22.430 0.4827586207
61416  -48.426  -67.633  22.449 0.5172413793
61417  -48.702  -67.367  21.638 0.4482758621
61418  -49.523  -67.652  20.930 0.3793103448
61419  -48.967  -67.090  20.872 0.4482758621
61420  -49.216  -65.918  19.451 0.3793103448
61421  -49.710  -66.512  19.510 0.3793103448
61425  -42.523  -55.721  24.678 0.4137931034
61426  -41.985  -56.132  24.862 0.4137931034
61427  -41.838  -55.816  23.942 0.4137931034
61428  -41.176  -56.173  21.188 0.4827586207
61429  -41.082  -56.440  22.114 0.4827586207
61430  -41.008  -56.819  21.201 0.4827586207
61431  -40.892  -57.530  21.316 0.5172413793
61432  -41.195  -57.332  20.317 0.5172413793
64484  -55.203  -78.631  23.071 0.0344827586
64486  -55.466  -78.333  23.416 0.0344827586
64488  -55.810  -77.866  23.828 0.0689655172
64489  -55.944  -77.617  24.129 0.0689655172
64490  -55.806  -77.374  23.232 0.0689655172
64491  -56.092  -77.353  24.425 0.0689655172
64492  -55.604  -76.735  28.817 0.2413793103
64493  -56.051  -77.214  28.210 0.1034482759
64494  -55.698  -76.614  28.074 0.2413793103
64495  -55.437  -75.733  26.389 0.1724137931
64497  -55.844  -76.135  25.642 0.1034482759
64498  -55.974  -76.422  24.651 0.0689655172
64501  -55.579  -75.299  24.864 0.1379310345
64502  -54.264  -73.844  25.169 0.3103448276
64503  -54.873  -74.085  24.650 0.3448275862
64504  -54.506  -73.559  24.452 0.3448275862
64505  -54.691  -73.375  23.768 0.2758620690
64506  -54.109  -73.116  24.313 0.3793103448
65834  -48.502  -74.307  46.676 0.4137931034
65835  -48.384  -73.824  46.116 0.4137931034
65836  -48.762  -73.729  46.626 0.4137931034
65965  -49.092  -74.713  47.891 0.4137931034
65966  -48.881  -75.202  48.025 0.4137931034
65967  -48.675  -74.794  47.365 0.4137931034
65968  -48.334  -74.892  46.841 0.4137931034
68602  -44.478  -67.562  35.352 0.5517241379
68603  -44.435  -67.847  34.637 0.5862068966
68604  -44.141  -67.188  34.576 0.5517241379
68605  -43.359  -65.910  32.967 0.5517241379
68606  -43.567  -66.522  32.943 0.6206896552
68607  -43.410  -66.165  32.079 0.5862068966
68608  -43.570  -66.441  31.211 0.6551724138
68609  -43.200  -65.811  31.189 0.6206896552
68611  -42.751  -63.716  33.000 0.5172413793
68612  -42.430  -63.363  32.299 0.5862068966
68613  -41.950  -63.682  29.319 0.6206896552
68614  -42.210  -64.082  30.271 0.6206896552
68615  -42.345  -64.477  29.294 0.5862068966
68616  -42.811  -65.149  29.258 0.6206896552
68617  -42.626  -64.861  28.399 0.6206896552
68618  -43.062  -65.251  27.520 0.6551724138
68619  -42.518  -64.603  27.507 0.6551724138
68620  -41.996  -63.456  25.690 0.6206896552
68621  -42.483  -64.203  25.722 0.6206896552
68622  -42.548  -63.994  24.798 0.6206896552
68623  -43.251  -64.275  23.797 0.6551724138
68624  -42.734  -63.707  23.754 0.6206896552
68625  -42.287  -53.101  16.881 0.1724137931
68626  -42.117  -53.823  16.910 0.1724137931
68627  -42.242  -53.698  15.968 0.1724137931
68628  -43.253  -55.063  13.493 0.1724137931
68629  -42.885  -55.144  14.359 0.1724137931
68630  -43.528  -55.895  13.684 0.2068965517
68631  -43.869  -56.640  13.900 0.2068965517
68632  -44.323  -56.593  13.088 0.2068965517
68633  -44.994  -54.653  10.274 0.1034482759
68634  -44.519  -54.762  11.021 0.1724137931
68635  -45.418  -55.507  10.464 0.1379310345
68639  -46.284  -57.757  11.926 0.1724137931
73958  -53.711  -78.154  19.419 0.0689655172
73959  -53.970  -77.707  19.687 0.1034482759
73960  -53.886  -76.826  18.345 0.0689655172
73965  -55.074  -75.487  19.037 0.1034482759
73966  -54.782  -75.797  18.814 0.1034482759
73967  -54.684  -75.509  18.058 0.0689655172
73968  -54.030  -75.428  15.371 0.0689655172
73969  -53.985  -75.712  16.071 0.0689655172
74016  -44.964  -56.349  27.238 0.4137931034
74017  -44.776  -56.048  26.467 0.4137931034
74018  -43.969  -55.865  25.939 0.4137931034
74019  -44.586  -55.691  25.691 0.3793103448
74020  -45.027  -54.721  23.739 0.2413793103
74021  -44.250  -54.841  23.988 0.2413793103
74022  -44.185  -54.429  23.134 0.2758620690
74023  -43.420  -54.250  22.485 0.3103448276
74024  -44.089  -53.981  22.264 0.3103448276
74044  -45.508  -53.195  20.870 0.1724137931
74045  -44.619  -52.876  20.252 0.1724137931
74046  -43.923  -53.103  20.463 0.2068965517
74047  -43.802  -52.666  19.581 0.1724137931
74048  -43.100  -52.603  18.720 0.1724137931
74049  -43.728  -52.276  18.713 0.1724137931
74050  -44.331  -50.994  16.695 0.1034482759
74051  -43.699  -51.377  16.827 0.1034482759
74052  -43.639  -51.034  15.931 0.1034482759
74053  -43.087  -51.336  15.175 0.1034482759
74054  -43.610  -50.751  15.180 0.1034482759
74055  -47.190  -50.277  16.307 0.1034482759
74056  -46.443  -50.431  16.475 0.1034482759
74305  -53.494  -82.231  22.352 0.0344827586
77984  -49.889  -76.392  35.363 0.5862068966
77985  -49.955  -76.037  34.723 0.5862068966
77986  -49.440  -76.009  35.436 0.5517241379
77987  -48.338  -75.098  36.592 0.5862068966
77988  -48.705  -75.249  35.814 0.6206896552
77989  -48.391  -74.812  35.963 0.6206896552
77990  -48.396  -74.519  35.315 0.6206896552
77991  -48.078  -74.386  36.125 0.5862068966
77992  -47.328  -74.541  39.830 0.5517241379
77993  -47.585  -74.705  38.962 0.5862068966
77994  -47.327  -74.259  39.144 0.5862068966
77995  -46.956  -73.239  38.118 0.5517241379
77996  -47.229  -73.688  37.950 0.5862068966
77997  -47.177  -73.396  37.305 0.5862068966
77998  -47.410  -73.530  36.532 0.5862068966
77999  -47.135  -73.121  36.650 0.5862068966
78000  -47.095  -72.799  35.975 0.5862068966
78001  -46.874  -72.640  36.770 0.5862068966
78002  -46.257  -71.296  37.796 0.5862068966
78003  -46.355  -71.563  37.073 0.5517241379
78004  -46.082  -70.918  37.152 0.5862068966
78005  -45.935  -70.589  36.561 0.6206896552
78006  -45.893  -70.302  37.279 0.6206896552
78007  -48.043  -73.036  45.058 0.4482758621
78008  -47.706  -73.234  44.490 0.4827586207
78009  -47.833  -72.665  44.484 0.4827586207
78010  -47.752  -71.317  43.272 0.4827586207
78011  -47.568  -71.890  43.311 0.4827586207
78012  -47.438  -71.502  42.691 0.4827586207
78013  -47.148  -71.753  42.147 0.4827586207
78014  -47.269  -71.152  42.117 0.4827586207
78015  -48.185  -68.982  43.213 0.4827586207
78016  -48.115  -69.513  43.163 0.5172413793
78017  -47.821  -69.167  42.555 0.5172413793
78018  -46.882  -69.286  40.842 0.5172413793
78019  -47.151  -69.599  41.429 0.4827586207
78020  -46.873  -69.893  40.884 0.5172413793
78021  -46.843  -70.494  40.928 0.4827586207
78022  -46.627  -70.155  40.297 0.4827586207
78023  -46.406  -70.449  39.719 0.4827586207
78024  -46.361  -69.844  39.723 0.4827586207
78025  -45.857  -68.527  38.457 0.5517241379
78026  -45.887  -69.162  38.551 0.5172413793
78027  -45.633  -68.838  37.909 0.5517241379
78028  -45.509  -69.148  37.312 0.5517241379
78029  -45.315  -68.529  37.300 0.5517241379
78030  -45.014  -68.208  36.639 0.5517241379
78031  -45.143  -67.937  37.314 0.5172413793
78032  -45.241  -66.452  37.893 0.4482758621
78033  -44.993  -66.718  37.278 0.4827586207
78370  -48.486  -79.313  43.490 0.4482758621
78373  -49.073  -79.667  42.169 0.4482758621
78374  -48.863  -79.118  41.993 0.4482758621
78375  -47.979  -77.280  43.098 0.4482758621
78376  -48.114  -77.712  43.130 0.4482758621
78377  -48.124  -77.344  42.300 0.4827586207
78378  -48.585  -77.326  40.058 0.4827586207
78379  -48.525  -77.665  40.864 0.4827586207
78380  -48.765  -77.799  40.220 0.4827586207
78381  -49.040  -78.333  40.340 0.4827586207
78382  -49.139  -77.958  39.501 0.4827586207
78383  -49.514  -78.096  38.794 0.4827586207
78384  -49.273  -77.634  38.647 0.4827586207
78385  -49.273  -76.603  36.836 0.5172413793
78386  -49.523  -77.007  36.936 0.5172413793
78387  -49.712  -76.715  36.130 0.5862068966
78388  -50.224  -76.758  35.462 0.5862068966
86287  -50.070  -75.422  33.510 0.5862068966
86288  -50.756  -75.445  32.707 0.6206896552
86289  -50.298  -75.114  32.809 0.6206896552
86290  -50.133  -74.207  31.472 0.5862068966
86291  -50.642  -74.532  31.352 0.5517241379
86292  -50.836  -74.258  30.660 0.4827586207
86293  -51.585  -74.264  29.803 0.4482758621
86294  -51.057  -73.944  29.901 0.4482758621
86295  -48.283  -72.362  31.891 0.6551724138
86296  -48.731  -72.908  31.769 0.6206896552
86297  -48.886  -72.564  31.044 0.6206896552
86298  -50.307  -72.600  28.504 0.5172413793
86299  -50.122  -72.829  29.251 0.4827586207
86300  -50.840  -72.971  28.360 0.4827586207
86301  -51.389  -73.307  28.265 0.4827586207
86302  -51.549  -73.114  27.537 0.4137931034
86303  -52.255  -73.286  26.812 0.4137931034
86304  -51.728  -72.833  26.804 0.4137931034
86305  -51.534  -71.936  25.370 0.4482758621
86306  -52.089  -72.328  25.384 0.3448275862
86307  -52.292  -72.039  24.681 0.4137931034
86308  -53.043  -72.198  24.096 0.4482758621
86309  -52.462  -71.794  24.055 0.4137931034
86310  -44.721  -68.392  32.917 0.6206896552
86311  -45.151  -69.000  32.786 0.6206896552
86312  -45.070  -68.617  31.971 0.6206896552
86313  -46.126  -68.690  29.233 0.5862068966
86314  -46.138  -69.055  30.098 0.5862068966
86315  -46.699  -69.196  29.168 0.6206896552
86316  -47.256  -69.664  29.051 0.6206896552
86317  -47.318  -69.402  28.144 0.5862068966
86318  -46.420  -67.468  25.797 0.5172413793
86319  -46.333  -67.725  26.648 0.5517241379
86320  -47.059  -67.988  25.734 0.5172413793
86321  -48.967  -69.461  24.783 0.4482758621
86322  -48.183  -69.107  25.535 0.5172413793
86323  -48.740  -69.678  25.611 0.4482758621
86324  -48.612  -69.913  26.432 0.4827586207
86325  -49.311  -70.214  25.597 0.4482758621
86326  -49.863  -70.683  25.464 0.4482758621
86327  -50.054  -70.444  24.748 0.4482758621
86328  -51.746  -70.566  22.629 0.3793103448
86329  -51.503  -70.817  23.334 0.4482758621
86330  -52.269  -70.929  22.694 0.3793103448
86331  -52.839  -71.272  22.759 0.4137931034
86332  -53.112  -71.063  22.138 0.3448275862
86333  -53.992  -71.248  21.588 0.2758620690
86334  -53.384  -70.868  21.539 0.3448275862
86335  -53.456  -70.021  20.142 0.3448275862
86336  -54.028  -70.447  20.243 0.2758620690
86337  -54.306  -70.252  19.607 0.3103448276
86340  -51.199  -68.130  19.690 0.3793103448
86341  -51.718  -68.617  19.829 0.3793103448
86358  -42.110  -58.223  28.768 0.5517241379
86359  -42.462  -58.569  29.739 0.5517241379
86360  -41.804  -58.746  28.953 0.5517241379
86361  -41.531  -59.328  29.169 0.5517241379
86362  -41.137  -59.044  28.186 0.5517241379
86363  -41.068  -57.119  25.084 0.5172413793
86364  -41.266  -57.391  26.023 0.5517241379
86365  -40.783  -57.670  25.157 0.5172413793
86366  -40.509  -59.492  24.363 0.5862068966
86367  -40.520  -59.013  25.346 0.5517241379
86368  -40.525  -59.715  25.415 0.5517241379
86369  -40.583  -59.859  26.360 0.6206896552
86370  -40.645  -60.429  25.441 0.6551724138
86371  -40.870  -61.159  25.506 0.6551724138
86372  -40.907  -60.931  24.411 0.6551724138
86373  -42.285  -61.733  21.691 0.5862068966
86374  -42.025  -61.917  22.531 0.5862068966
86375  -42.813  -62.403  21.708 0.5862068966
86376  -43.372  -63.156  21.780 0.6206896552
86377  -43.723  -62.918  20.937 0.5862068966
86378  -42.085  -55.348  17.101 0.2413793103
86379  -41.801  -55.412  18.031 0.3103448276
86380  -42.135  -56.108  17.242 0.2413793103
86381  -43.135  -58.232  16.906 0.2758620690
86382  -42.431  -57.579  17.538 0.3103448276
86383  -42.641  -58.367  17.748 0.3448275862
86384  -42.214  -58.582  18.569 0.4482758621
86385  -42.983  -59.195  17.901 0.3793103448
86386  -47.078  -60.176  14.773 0.2068965517
86387  -45.983  -59.811  15.250 0.2413793103
86388  -46.479  -60.349  15.475 0.2413793103
86389  -45.743  -61.321  17.138 0.4137931034
86390  -45.320  -60.825  16.907 0.4482758621
86391  -44.672  -60.928  17.660 0.4482758621
86392  -43.649  -60.477  18.267 0.4827586207
86393  -44.073  -61.111  18.446 0.4137931034
86394  -43.593  -61.275  19.192 0.5172413793
86395  -44.542  -61.716  18.583 0.4137931034
86396  -46.595  -63.072  18.292 0.3448275862
86397  -45.519  -62.799  18.782 0.5172413793
86398  -46.089  -63.307  18.885 0.4137931034
86399  -45.649  -63.586  19.557 0.4482758621
86400  -46.643  -63.806  19.008 0.4137931034
86401  -47.271  -64.305  19.106 0.3793103448
86402  -47.719  -64.025  18.533 0.3448275862
92384  -53.691  -76.528  31.672 0.3793103448
92385  -53.971  -76.351  30.918 0.3793103448
92386  -53.227  -76.097  31.331 0.4482758621
92387  -52.784  -75.704  31.160 0.4137931034
92388  -52.324  -75.374  31.046 0.4482758621
92403  -50.915  -77.452  35.817 0.5172413793
92404  -51.480  -77.784  35.990 0.4137931034
92405  -51.687  -77.375  35.150 0.4482758621
92406  -52.586  -77.313  34.449 0.4482758621
92409  -53.656  -77.093  33.037 0.3793103448
92410  -53.720  -76.803  32.379 0.4137931034
93214  -45.226  -52.842  8.664 0.0689655172
94279  -55.597  -74.085  22.462 0.1724137931
94280  -55.697  -74.419  21.556 0.1379310345
94281  -55.642  -73.929  21.654 0.1379310345
94282  -55.653  -73.665  20.901 0.1379310345
94284  -55.670  -73.290  19.421 0.1034482759
95084  -47.294  -75.150  43.033 0.4827586207
95085  -47.236  -74.803  42.489 0.4827586207
95086  -47.265  -74.660  43.123 0.4827586207
95087  -47.225  -74.109  43.202 0.4482758621
95088  -47.245  -73.557  43.230 0.4482758621
95157  -48.131  -76.011  47.094 0.4482758621
95158  -48.019  -76.504  47.140 0.4137931034
95159  -47.967  -76.106  46.471 0.4482758621
95160  -47.828  -76.183  45.841 0.4482758621
95161  -47.732  -76.262  45.182 0.4137931034
95162  -47.644  -76.313  44.526 0.4137931034
95163  -47.564  -75.855  44.504 0.4827586207
95164  -47.429  -75.479  43.768 0.4827586207
96745  -46.257  -71.054  34.977 0.6206896552
96746  -46.625  -71.246  34.006 0.5862068966
96747  -46.221  -70.737  34.111 0.6206896552
96748  -46.209  -70.407  33.270 0.6206896552
96749  -46.195  -70.075  32.422 0.6206896552
96750  -44.557  -65.371  23.860 0.5172413793
96751  -45.272  -65.948  23.964 0.5172413793
96752  -45.536  -65.707  23.017 0.5172413793
96753  -46.485  -66.048  22.318 0.5172413793
96754  -47.428  -66.321  21.587 0.5172413793
96755  -48.342  -66.566  20.946 0.4482758621
96756  -47.763  -66.046  20.766 0.4827586207
96757  -48.164  -65.666  20.047 0.4137931034
96758  -48.554  -65.384  19.381 0.3793103448
96759  -42.244  -55.056  22.868 0.3793103448
96760  -41.756  -55.544  23.007 0.4137931034
96761  -41.692  -55.301  22.066 0.3793103448
96762  -41.388  -55.547  21.131 0.4137931034
96763  -41.317  -55.963  20.150 0.4137931034
98599  -54.584  -75.665  28.331 0.3103448276
98600  -55.279  -76.052  27.927 0.2758620690
98601  -54.783  -75.504  27.727 0.3103448276
98602  -54.890  -75.305  26.989 0.2413793103
98603  -55.048  -75.130  26.278 0.2413793103
98604  -55.142  -74.950  25.544 0.2068965517
98605  -54.553  -74.583  26.058 0.3103448276
98606  -54.075  -74.105  25.866 0.3448275862
98607  -53.633  -73.666  25.675 0.3793103448
99404  -49.265  -74.175  47.709 0.4137931034
99405  -49.128  -73.684  47.179 0.4137931034
101065  -44.122  -66.236  35.331 0.5172413793
101066  -43.945  -66.560  34.566 0.5172413793
101067  -43.771  -65.902  34.588 0.5172413793
101068  -43.450  -65.550  33.809 0.5517241379
101069  -43.144  -65.186  33.014 0.5517241379
101070  -41.967  -62.221  31.398 0.5517241379
101071  -42.070  -62.952  31.362 0.5862068966
101072  -41.714  -62.581  30.433 0.5862068966
101073  -41.640  -62.930  29.387 0.6206896552
101074  -41.773  -63.454  28.432 0.6551724138
101075  -42.065  -63.944  27.510 0.6896551724
101076  -41.655  -63.134  27.474 0.6551724138
101077  -41.555  -62.832  26.508 0.6896551724
101078  -41.544  -62.588  25.561 0.6551724138
101079  -42.524  -52.706  15.077 0.1724137931
101080  -42.423  -53.568  15.033 0.1724137931
101081  -42.654  -53.474  14.164 0.1724137931
101082  -43.034  -54.212  13.368 0.1724137931
101083  -43.660  -54.970  12.650 0.1724137931
104273  -54.938  -79.200  14.661 0.0689655172
104274  -55.041  -78.894  14.039 0.0689655172
104275  -54.676  -78.772  14.222 0.0689655172
104278  -54.786  -77.274  20.957 0.1034482759
104279  -54.234  -77.304  19.889 0.0689655172
104280  -54.529  -76.948  20.064 0.0689655172
104281  -54.358  -76.695  19.274 0.0689655172
104282  -54.209  -76.429  18.417 0.0689655172
104283  -54.865  -74.957  17.534 0.0689655172
104284  -54.520  -75.243  17.335 0.0689655172
104285  -54.542  -74.914  16.539 0.0689655172
104286  -54.289  -74.931  15.555 0.0689655172
104315  -45.192  -55.536  25.370 0.3103448276
104318  -45.754  -54.588  23.408 0.2068965517
104332  -45.299  -52.228  19.145 0.1379310345
104333  -44.458  -51.990  18.551 0.1379310345
104334  -45.252  -51.709  18.275 0.1379310345
104335  -45.082  -51.216  17.500 0.1034482759
104336  -45.086  -50.761  16.730 0.1034482759
106694  -49.047  -76.186  36.791 0.5862068966
106695  -49.046  -75.922  36.217 0.5862068966
106696  -48.663  -75.784  36.996 0.5862068966
106697  -48.307  -75.358  37.199 0.5862068966
106698  -48.027  -74.927  37.367 0.6206896552
106699  -46.969  -73.627  40.105 0.4827586207
106700  -47.094  -73.817  39.347 0.5517241379
106701  -46.871  -73.287  39.472 0.5172413793
106702  -46.779  -72.997  38.846 0.5172413793
106703  -46.725  -72.746  38.238 0.5517241379
106704  -46.682  -72.441  37.552 0.5517241379
106705  -46.537  -72.203  38.327 0.5517241379
106706  -46.365  -71.609  38.414 0.5517241379
106707  -46.247  -71.055  38.553 0.4827586207
106708  -48.508  -71.913  44.928 0.4482758621
106709  -48.076  -72.071  44.408 0.4827586207
106710  -48.311  -71.493  44.334 0.4827586207
106711  -48.125  -71.115  43.778 0.4827586207
106712  -47.908  -70.718  43.201 0.4827586207
106713  -47.549  -68.272  42.071 0.4827586207
106714  -47.500  -68.804  41.955 0.4827586207
106715  -47.182  -68.461  41.384 0.4827586207
106716  -46.888  -68.695  40.817 0.5172413793
106717  -46.605  -68.969  40.276 0.5172413793
106718  -46.317  -69.249  39.734 0.5172413793
106719  -46.300  -68.632  39.697 0.5172413793
106720  -46.041  -68.271  39.054 0.5172413793
106721  -45.698  -67.921  38.438 0.5172413793
106722  -45.396  -67.629  37.888 0.5172413793
106723  -45.679  -67.331  38.435 0.4482758621
106927  -48.333  -79.143  44.122 0.4482758621
106928  -48.354  -78.743  43.308 0.4482758621
106929  -47.959  -76.670  41.596 0.4827586207
106930  -48.144  -77.049  41.571 0.4482758621
106931  -48.121  -76.755  40.805 0.4827586207
106932  -48.379  -76.879  39.999 0.5172413793
106933  -48.722  -77.014  39.169 0.5517241379
106934  -49.053  -77.183  38.484 0.4827586207
106935  -48.826  -76.751  38.413 0.5517241379
106936  -48.921  -76.469  37.635 0.5172413793
111676  -49.201  -74.674  33.786 0.6206896552
111677  -49.802  -74.783  32.934 0.6206896552
111678  -49.327  -74.411  33.061 0.6896551724
111679  -49.467  -74.123  32.324 0.6206896552
111680  -49.659  -73.844  31.584 0.5862068966
111681  -48.503  -71.765  30.359 0.6206896552
111682  -48.967  -72.244  30.259 0.5862068966
111683  -49.089  -71.950  29.440 0.5172413793
111684  -49.760  -72.152  28.597 0.5172413793
111685  -50.414  -72.312  27.726 0.4827586207
111686  -51.151  -72.445  26.867 0.3793103448
111687  -50.574  -72.037  26.953 0.4137931034
111688  -50.727  -71.796  26.173 0.4137931034
111689  -50.971  -71.550  25.388 0.4482758621
111690  -44.523  -67.692  31.062 0.6551724138
111691  -45.039  -68.302  31.170 0.6551724138
111692  -44.991  -67.942  30.237 0.6206896552
111693  -45.511  -68.159  29.322 0.5172413793
111694  -46.216  -68.350  28.297 0.5862068966
111695  -48.073  -68.103  23.963 0.5172413793
111696  -47.867  -68.319  24.810 0.4827586207
111697  -48.615  -68.608  23.991 0.4827586207
111698  -49.178  -69.226  24.026 0.4827586207
111699  -49.718  -69.740  24.008 0.5172413793
111700  -50.244  -70.207  24.010 0.5172413793
111701  -50.434  -70.014  23.289 0.4482758621
111702  -51.196  -70.181  22.604 0.3793103448
111703  -52.032  -70.344  21.966 0.3448275862
111704  -52.841  -70.492  21.429 0.3448275862
111705  -52.329  -70.122  21.333 0.3793103448
111706  -52.558  -69.860  20.692 0.3448275862
111707  -52.826  -69.595  20.078 0.3103448276
111720  -42.478  -57.842  28.641 0.4827586207
111721  -41.796  -57.938  27.853 0.5172413793
111722  -40.617  -57.890  23.269 0.5517241379
111723  -40.605  -58.115  24.286 0.5172413793
111724  -40.598  -58.572  23.405 0.5517241379
111725  -40.622  -59.272  23.356 0.5517241379
111726  -40.756  -59.956  23.323 0.5862068966
111727  -41.007  -60.664  23.372 0.5862068966
111728  -41.179  -60.458  22.370 0.5862068966
111729  -41.843  -61.019  21.594 0.5517241379
111730  -42.616  -61.524  20.836 0.5517241379
111731  -43.051  -56.728  15.620 0.2413793103
111732  -42.646  -56.769  16.500 0.2758620690
111733  -43.336  -57.417  15.780 0.2758620690
111734  -43.656  -58.159  16.012 0.2758620690
111735  -44.004  -58.894  16.350 0.2758620690
111736  -47.984  -61.174  15.449 0.1724137931
111737  -46.895  -60.872  15.764 0.1724137931
111738  -47.399  -61.366  16.078 0.2068965517
111739  -46.882  -61.595  16.693 0.3103448276
111740  -46.184  -61.819  17.365 0.3793103448
111741  -45.593  -62.024  18.009 0.3793103448
111742  -46.666  -62.320  17.587 0.3103448276
111743  -47.146  -62.839  17.786 0.3448275862
111744  -47.754  -63.347  17.849 0.3448275862
115727  -55.535  -76.876  29.543 0.2068965517
115728  -54.971  -76.316  29.220 0.3793103448
115729  -54.168  -76.167  30.224 0.3793103448
115730  -54.268  -75.949  29.560 0.3793103448
115731  -54.422  -75.807  28.930 0.3793103448
115732  -53.905  -75.348  28.699 0.3793103448
115733  -53.462  -74.931  28.524 0.4482758621
115734  -52.987  -74.516  28.286 0.4482758621
115767  -50.114  -79.038  39.195 0.4827586207
117653  -42.336  -61.875  32.257 0.5517241379
117654  -41.952  -61.516  31.374 0.5517241379
117655  -41.603  -61.147  30.448 0.5517241379
117656  -41.240  -60.764  29.507 0.5517241379
117657  -43.456  -52.264  11.353 0.1034482759
117658  -43.553  -53.151  11.455 0.1034482759
117659  -43.929  -53.047  10.706 0.1034482759
117660  -44.625  -53.787  10.129 0.1034482759
117661  -45.511  -54.576  9.546 0.1034482759
117662  -45.582  -53.647  8.724 0.0689655172
117663  -45.983  -54.458  8.858 0.0689655172
120145  -55.631  -76.084  21.880 0.1034482759
120146  -55.325  -76.103  20.739 0.0689655172
120147  -55.481  -75.777  20.975 0.1034482759
120148  -55.308  -75.478  20.059 0.1034482759
120149  -55.204  -75.205  19.277 0.1034482759
120150  -55.614  -74.686  20.610 0.1379310345
120151  -55.353  -74.858  19.579 0.1034482759
120152  -55.135  -74.928  18.527 0.0689655172
120153  -55.094  -74.636  17.755 0.0689655172
120154  -55.022  -74.372  16.916 0.0689655172
120155  -55.028  -74.048  16.218 0.0689655172
120156  -55.123  -73.734  15.459 0.0689655172
120157  -55.269  -73.721  16.460 0.0689655172
120160  -55.617  -73.027  18.575 0.1379310345
120161  -55.645  -72.786  17.828 0.1034482759
120185  -49.844  -52.645  19.059 0.0689655172
120186  -49.044  -52.150  18.601 0.0689655172
120187  -48.229  -51.725  18.193 0.1034482759
120188  -47.416  -51.303  17.747 0.1034482759
120189  -48.084  -51.199  17.526 0.1034482759
120190  -47.987  -50.653  16.785 0.1034482759
122024  -47.793  -75.725  40.099 0.5517241379
122025  -47.753  -75.455  39.466 0.5517241379
122026  -47.557  -75.324  40.285 0.5517241379
122027  -47.352  -74.877  40.473 0.5862068966
122028  -47.166  -74.375  40.588 0.5517241379
122029  -47.152  -74.499  41.905 0.4827586207
122030  -47.084  -74.193  41.316 0.5172413793
122031  -47.029  -73.900  40.701 0.5172413793
122032  -46.917  -73.392  40.815 0.4827586207
122033  -46.821  -72.857  40.897 0.4827586207
122034  -46.753  -72.302  40.946 0.4827586207
122035  -49.085  -69.767  44.860 0.4482758621
122036  -48.747  -69.754  44.191 0.4482758621
122039  -48.217  -68.472  43.290 0.4482758621
122198  -47.982  -76.974  47.217 0.4137931034
122199  -48.018  -77.438  47.324 0.3793103448
122201  -47.957  -77.869  46.698 0.4482758621
122202  -47.972  -77.906  46.088 0.4482758621
122203  -47.987  -77.971  45.370 0.3793103448
122204  -48.038  -78.036  44.609 0.3793103448
122205  -47.969  -77.602  44.585 0.4137931034
122206  -47.905  -77.233  43.867 0.4482758621
122207  -47.817  -76.892  43.139 0.4482758621
122208  -47.625  -76.367  43.824 0.4482758621
122209  -47.669  -76.468  43.082 0.4482758621
122210  -47.790  -76.569  42.370 0.4827586207
122211  -47.783  -76.272  41.634 0.5172413793
122212  -47.779  -75.969  40.851 0.5172413793
125899  -47.704  -73.065  34.485 0.5862068966
125900  -48.116  -73.124  33.591 0.6206896552
125901  -47.755  -72.650  33.702 0.5862068966
125902  -47.808  -72.245  32.843 0.5862068966
125903  -47.887  -71.893  32.037 0.5517241379
125904  -47.047  -71.348  33.047 0.5862068966
125905  -47.500  -71.449  32.148 0.5172413793
125906  -48.009  -71.579  31.249 0.6551724138
125907  -48.075  -71.253  30.442 0.6551724138
125908  -48.141  -70.949  29.651 0.6206896552
125909  -48.229  -70.678  28.851 0.6206896552
125910  -44.288  -66.398  27.504 0.5517241379
125911  -44.953  -66.970  27.512 0.5172413793
125912  -44.955  -66.691  26.696 0.5172413793
125913  -45.717  -66.960  25.846 0.5517241379
125914  -46.599  -67.239  24.901 0.5172413793
125915  -46.011  -66.457  24.007 0.5172413793
125916  -46.737  -66.998  24.025 0.4827586207
125917  -47.441  -67.559  23.995 0.4827586207
125918  -48.199  -67.844  23.166 0.5172413793
125919  -49.004  -68.179  22.470 0.5172413793
125920  -49.822  -68.482  21.760 0.3793103448
125921  -50.619  -68.745  21.045 0.3793103448
125922  -50.057  -68.215  21.029 0.3793103448
125924  -50.684  -67.616  19.605 0.3793103448
125925  -49.330  -66.794  20.176 0.4137931034
125927  -51.021  -67.263  19.022 0.3793103448
125931  -42.855  -56.420  26.423 0.4827586207
125932  -42.362  -56.772  26.649 0.4827586207
125933  -42.136  -56.466  25.775 0.4482758621
125934  -41.495  -56.617  25.034 0.4482758621
125935  -41.027  -56.894  24.163 0.5517241379
125936  -41.345  -56.080  23.089 0.4827586207
125937  -41.012  -56.656  23.111 0.4827586207
125938  -40.779  -57.291  23.308 0.5517241379
125939  -40.724  -57.724  22.284 0.5517241379
125940  -40.875  -58.124  21.271 0.5517241379
125941  -41.351  -58.760  20.391 0.5517241379
125942  -46.658  -58.972  13.330 0.1724137931
125943  -46.088  -59.066  14.151 0.2413793103
125944  -47.138  -59.437  13.677 0.2068965517
125945  -47.681  -59.988  14.019 0.2068965517
130068  -54.776  -77.871  21.572 0.0689655172
130069  -55.658  -78.082  23.528 0.0344827586
130070  -55.346  -77.860  22.711 0.0689655172
130071  -55.047  -77.567  21.826 0.0689655172
130072  -55.321  -77.309  22.094 0.0689655172
130073  -55.620  -77.097  22.415 0.0689655172
130077  -56.356  -77.511  26.354 0.0689655172
130078  -55.751  -76.527  27.314 0.1724137931
130079  -56.065  -76.956  26.491 0.1379310345
130080  -56.147  -77.179  25.455 0.0689655172
130082  -55.962  -76.644  23.661 0.0689655172
130083  -55.805  -76.352  22.748 0.1034482759
130084  -55.854  -75.949  22.924 0.1379310345
130085  -55.806  -75.450  23.108 0.1379310345
130086  -55.664  -74.885  23.221 0.1379310345
130087  -55.232  -74.666  24.797 0.2068965517
130088  -55.356  -74.518  24.038 0.1724137931
130089  -55.471  -74.310  23.230 0.1379310345
130091  -54.879  -73.134  23.149 0.2413793103
131774  -47.850  -74.625  45.593 0.4482758621
131775  -47.713  -74.216  45.030 0.4482758621
131776  -48.007  -74.027  45.598 0.4482758621
131777  -48.214  -73.404  45.602 0.4482758621
131778  -48.430  -72.879  45.600 0.4482758621
131793  -49.351  -70.215  45.360 0.4482758621
131942  -48.370  -75.850  47.629 0.4137931034
131943  -48.203  -75.460  46.991 0.4137931034
131944  -48.026  -75.049  46.329 0.4482758621
135280  -44.958  -68.811  35.460 0.5862068966
135281  -45.110  -69.076  34.513 0.6551724138
135282  -44.728  -68.465  34.652 0.5862068966
135283  -44.516  -68.114  33.803 0.6206896552
135284  -44.317  -67.771  32.914 0.5862068966
135285  -43.816  -66.833  33.766 0.5862068966
135286  -43.870  -67.115  32.931 0.6206896552
135287  -44.160  -67.459  31.982 0.5862068966
135288  -43.996  -67.065  31.164 0.6896551724
135289  -43.855  -66.706  30.331 0.6551724138
135290  -43.771  -66.402  29.381 0.6551724138
135291  -43.132  -64.093  33.840 0.5517241379
135292  -42.838  -64.403  33.056 0.5517241379
135293  -42.754  -64.776  32.159 0.5862068966
135294  -42.245  -63.705  31.303 0.6206896552
135295  -42.469  -64.441  31.236 0.5862068966
135296  -42.808  -65.158  31.165 0.6206896552
135297  -43.003  -65.492  30.245 0.5862068966
135298  -43.271  -65.777  29.282 0.7241379310
135299  -43.719  -66.117  28.368 0.5862068966
135300  -43.663  -65.829  27.526 0.5862068966
135301  -43.640  -65.556  26.658 0.6206896552
135302  -43.621  -65.334  25.715 0.5862068966
135303  -42.456  -64.389  26.589 0.6896551724
135304  -43.020  -64.805  25.693 0.5862068966
135305  -43.721  -65.076  24.756 0.5517241379
135306  -43.874  -64.807  23.794 0.5862068966
135307  -44.124  -64.573  22.797 0.5862068966
135308  -44.487  -64.342  21.993 0.5862068966
135309  -42.195  -53.579  18.892 0.2068965517
135310  -41.919  -54.259  18.924 0.2758620690
135311  -42.046  -53.984  17.935 0.2068965517
135312  -42.061  -54.571  17.025 0.2068965517
135313  -42.323  -55.271  16.197 0.2068965517
135314  -42.411  -54.389  15.109 0.1724137931
135315  -42.569  -55.234  15.278 0.2068965517
135316  -42.793  -56.027  15.466 0.2068965517
135317  -43.448  -56.688  14.747 0.2068965517
135318  -44.283  -57.343  14.110 0.2068965517
135319  -45.239  -57.978  13.551 0.2068965517
135320  -43.790  -54.008  11.627 0.1724137931
135321  -44.103  -54.912  11.783 0.1724137931
135322  -44.465  -55.695  12.077 0.1724137931
135324  -45.429  -56.411  11.493 0.1724137931
135325  -44.837  -56.485  12.284 0.2068965517
135326  -45.261  -57.211  12.505 0.2068965517
135327  -45.729  -57.858  12.732 0.1724137931
135328  -46.186  -58.431  13.002 0.1724137931
141914  -53.447  -78.443  18.512 0.0689655172
141916  -53.791  -77.465  18.930 0.0689655172
141922  -54.993  -76.087  19.607 0.0689655172
141923  -54.493  -76.115  18.607 0.0689655172
141924  -54.020  -76.210  17.609 0.0689655172
141925  -54.248  -75.560  17.048 0.0689655172
141926  -53.976  -75.948  16.829 0.0689655172
141986  -43.567  -56.409  26.944 0.4827586207
141987  -43.382  -56.119  26.185 0.4827586207
141988  -43.220  -55.761  25.364 0.4137931034
141989  -43.056  -55.390  24.493 0.3793103448
141990  -44.402  -55.292  24.885 0.3448275862
141991  -43.592  -55.092  24.271 0.3793103448
141992  -42.898  -55.008  23.631 0.3793103448
141993  -42.795  -54.634  22.768 0.3448275862
141994  -42.701  -54.236  21.769 0.2758620690
141995  -42.687  -53.766  20.725 0.2758620690
142016  -45.635  -54.117  22.585 0.1724137931
142018  -45.564  -53.675  21.739 0.2413793103
142019  -44.812  -53.801  22.032 0.2758620690
142020  -43.958  -53.500  21.322 0.2758620690
142021  -43.267  -53.391  20.612 0.2413793103
142022  -42.651  -53.411  19.736 0.2068965517
142023  -42.582  -53.035  18.696 0.2068965517
142024  -42.587  -52.719  17.770 0.1724137931
142025  -42.638  -52.403  16.884 0.1724137931
142026  -43.731  -51.750  17.735 0.1379310345
142027  -43.129  -51.838  16.900 0.1379310345
142028  -42.702  -52.110  15.986 0.1724137931
142029  -42.733  -51.978  15.115 0.1379310345
142030  -42.762  -51.853  14.266 0.1034482759
142031  -43.015  -51.626  13.242 0.1379310345
142032  -46.552  -50.953  17.254 0.1034482759
142033  -45.747  -50.609  16.624 0.1034482759
142034  -45.029  -50.344  15.908 0.1034482759
142036  -44.936  -49.936  15.140 0.1034482759
142037  -44.290  -50.197  15.067 0.1034482759
142038  -43.632  -50.430  14.220 0.1034482759
142039  -43.275  -50.838  13.235 0.1034482759
142040  -43.210  -51.449  12.239 0.1034482759
146804  -50.995  -76.333  34.016 0.5172413793
146805  -51.123  -75.982  33.392 0.5517241379
146806  -50.496  -76.036  34.055 0.6206896552
146807  -50.004  -75.738  34.104 0.5862068966
146808  -49.546  -75.402  34.247 0.5862068966
146809  -49.072  -75.671  35.649 0.5517241379
146810  -49.092  -75.348  35.005 0.5862068966
146811  -49.154  -75.006  34.396 0.6206896552
146812  -48.778  -74.621  34.555 0.6551724138
146813  -48.413  -74.207  34.725 0.6551724138
146814  -48.051  -73.765  34.920 0.5862068966
146815  -47.787  -75.126  38.806 0.6206896552
146816  -47.814  -74.819  38.137 0.5862068966
146817  -47.776  -74.510  37.533 0.5862068966
146818  -47.281  -73.974  38.550 0.5862068966
146819  -47.473  -74.114  37.747 0.5862068966
146820  -47.762  -74.261  36.927 0.5862068966
146821  -47.732  -73.983  36.319 0.5517241379
146822  -47.709  -73.648  35.739 0.5517241379
146823  -47.691  -73.383  35.167 0.5862068966
146824  -47.382  -72.922  35.236 0.5862068966
146825  -47.078  -72.428  35.325 0.5862068966
146826  -46.738  -71.913  35.444 0.5862068966
146827  -46.615  -72.109  36.915 0.6206896552
146828  -46.500  -71.731  36.246 0.5862068966
146829  -46.372  -71.377  35.601 0.5517241379
146830  -46.086  -70.837  35.816 0.5862068966
146831  -45.762  -70.288  35.904 0.6206896552
146832  -45.476  -69.719  35.952 0.6551724138
146833  -47.585  -73.802  44.469 0.4827586207
146834  -47.452  -73.396  43.842 0.4827586207
146835  -47.323  -72.993  43.244 0.4827586207
146836  -47.722  -72.249  43.887 0.4827586207
146837  -47.420  -72.404  43.313 0.4827586207
146838  -47.183  -72.630  42.706 0.4827586207
146839  -47.029  -72.327  42.132 0.4827586207
146840  -46.893  -72.024  41.572 0.4827586207
146841  -46.755  -71.720  41.028 0.4827586207
146842  -48.397  -69.908  43.701 0.5172413793
146843  -48.026  -70.113  43.153 0.4827586207
146844  -47.640  -70.353  42.606 0.4827586207
146845  -47.476  -69.371  41.952 0.4827586207
146846  -47.398  -69.991  42.019 0.4827586207
146847  -47.335  -70.581  42.078 0.4827586207
146848  -47.054  -70.858  41.563 0.4827586207
146849  -46.795  -71.087  40.967 0.4827586207
146850  -46.605  -71.377  40.385 0.4827586207
146851  -46.450  -71.069  39.736 0.4827586207
146852  -46.283  -70.755  39.162 0.4827586207
146853  -46.055  -70.408  38.626 0.5172413793
146854  -46.108  -69.517  39.177 0.5172413793
146855  -45.933  -69.780  38.620 0.4827586207
146856  -45.895  -70.031  37.984 0.4827586207
146857  -45.706  -69.733  37.321 0.5517241379
146858  -45.453  -69.454  36.648 0.5517241379
146859  -45.215  -69.129  36.003 0.5862068966
146860  -44.973  -68.526  36.047 0.5517241379
146861  -44.728  -67.881  36.009 0.5517241379
146862  -44.573  -67.241  35.986 0.5172413793
146863  -45.098  -67.296  37.277 0.5172413793
146864  -44.759  -66.958  36.637 0.5172413793
146865  -44.453  -66.605  36.002 0.4827586207
147274  -49.429  -79.772  41.509 0.5172413793
147275  -49.556  -79.385  40.711 0.4827586207
147276  -48.114  -78.067  43.888 0.4137931034
147277  -48.229  -78.190  43.201 0.4482758621
147278  -48.398  -78.399  42.554 0.4482758621
147279  -48.315  -77.503  41.579 0.4482758621
147280  -48.474  -78.035  41.666 0.4482758621
147281  -48.657  -78.558  41.808 0.4482758621
147282  -48.958  -78.709  41.135 0.4827586207
147283  -49.295  -78.858  40.527 0.5172413793
147284  -49.674  -78.977  39.882 0.4827586207
147285  -49.802  -78.564  38.997 0.4827586207
147286  -49.993  -78.210  38.180 0.4827586207
147287  -50.169  -77.852  37.301 0.5172413793
147288  -49.389  -77.339  37.774 0.4827586207
147289  -49.800  -77.414  37.101 0.5172413793
147290  -50.337  -77.463  36.437 0.5172413793
147291  -50.536  -77.104  35.602 0.5862068966
147292  -50.775  -76.706  34.781 0.5172413793
156795  -51.338  -75.696  32.627 0.5172413793
156796  -51.534  -75.395  31.859 0.4482758621
156797  -51.738  -75.090  31.060 0.4137931034
156798  -50.483  -74.820  32.084 0.6206896552
156799  -51.204  -74.816  31.242 0.4827586207
156800  -51.931  -74.827  30.371 0.4137931034
156801  -52.152  -74.579  29.668 0.4482758621
156802  -52.325  -74.343  28.944 0.4482758621
156803  -52.405  -74.106  28.278 0.4482758621
156804  -48.603  -73.244  32.583 0.6551724138
156805  -49.177  -73.441  31.655 0.5862068966
156806  -49.864  -73.503  30.793 0.5862068966
156807  -49.479  -72.690  30.141 0.5862068966
156808  -49.977  -73.149  30.021 0.5172413793
156809  -50.548  -73.578  29.943 0.4827586207
156810  -51.223  -73.635  29.116 0.4482758621
156811  -51.875  -73.715  28.306 0.4482758621
156812  -52.585  -73.866  27.556 0.4482758621
156813  -52.780  -73.654  26.867 0.4482758621
156814  -52.963  -73.443  26.214 0.4137931034
156815  -53.175  -73.144  25.566 0.4482758621
156816  -51.915  -72.559  26.087 0.3793103448
156817  -52.631  -72.733  25.444 0.3448275862
156818  -53.375  -72.901  24.878 0.4137931034
156819  -53.588  -72.646  24.180 0.4137931034
156820  -53.865  -72.396  23.568 0.3793103448
156821  -54.029  -72.156  22.889 0.3103448276
156822  -45.336  -69.350  33.569 0.6206896552
156823  -45.664  -69.559  32.586 0.6206896552
156824  -46.158  -69.682  31.619 0.6206896552
156825  -45.588  -68.869  31.049 0.6551724138
156826  -46.123  -69.361  30.882 0.6206896552
156827  -46.644  -69.834  30.750 0.6551724138
156828  -47.204  -69.999  29.866 0.5862068966
156829  -47.785  -70.143  28.914 0.5862068966
156830  -48.356  -70.394  28.040 0.5862068966
156831  -45.639  -67.532  27.532 0.5517241379
156832  -46.288  -68.033  27.467 0.5862068966
156833  -46.849  -68.518  27.359 0.6206896552
156834  -47.680  -68.554  25.596 0.5172413793
156835  -47.504  -68.781  26.501 0.5517241379
156836  -47.429  -69.094  27.284 0.5862068966
156837  -47.977  -69.648  27.236 0.5172413793
156838  -48.481  -70.166  27.218 0.4827586207
156839  -48.955  -70.647  27.189 0.5172413793
156840  -49.651  -70.917  26.304 0.4482758621
156841  -50.444  -71.134  25.425 0.4482758621
156842  -51.106  -71.290  24.692 0.4482758621
156843  -50.763  -70.644  24.014 0.4827586207
156844  -51.252  -71.036  24.006 0.4482758621
156845  -51.829  -71.435  24.024 0.4137931034
156846  -52.647  -71.552  23.404 0.4482758621
156847  -53.498  -71.675  22.830 0.3448275862
156848  -54.280  -71.906  22.249 0.2758620690
156850  -54.737  -71.602  21.064 0.2413793103
156851  -55.013  -71.439  20.443 0.2413793103
156858  -51.426  -68.953  20.520 0.3793103448
156859  -52.243  -69.163  20.036 0.3793103448
156860  -53.132  -69.328  19.475 0.3448275862
156879  -43.155  -58.510  30.406 0.5172413793
156880  -42.801  -58.972  30.718 0.5517241379
156881  -42.439  -59.542  30.964 0.5517241379
156882  -41.781  -59.731  30.165 0.5517241379
156883  -41.322  -59.991  29.375 0.5517241379
156884  -41.011  -60.345  28.445 0.5517241379
156885  -41.899  -57.163  26.830 0.4482758621
156886  -41.507  -57.630  26.914 0.4827586207
156887  -41.188  -58.159  27.040 0.5172413793
156888  -40.620  -58.326  25.220 0.5172413793
156889  -40.740  -58.491  26.183 0.5862068966
156890  -40.926  -58.741  27.164 0.5862068966
156891  -40.772  -59.384  27.294 0.5862068966
156892  -40.760  -60.075  27.401 0.6206896552
156893  -40.873  -60.798  27.434 0.6206896552
156894  -40.906  -61.355  26.469 0.6896551724
156895  -41.195  -61.895  25.503 0.6896551724
156896  -41.667  -62.438  24.548 0.6551724138
156897  -41.361  -61.445  23.422 0.6206896552
156898  -41.809  -62.176  23.539 0.6551724138
156899  -42.300  -62.986  23.574 0.6551724138
156900  -43.006  -63.376  22.687 0.5862068966
156901  -43.877  -63.772  21.910 0.5862068966
156902  -44.787  -64.112  21.132 0.5517241379
156903  -41.664  -54.973  18.936 0.3103448276
156904  -41.522  -55.714  19.032 0.3103448276
156905  -41.486  -56.440  19.193 0.3793103448
156906  -42.245  -56.845  17.399 0.2758620690
156907  -41.827  -56.953  18.314 0.3448275862
156908  -41.524  -57.151  19.325 0.3793103448
156909  -41.602  -57.906  19.423 0.4827586207
156910  -41.719  -58.665  19.424 0.5172413793
156911  -42.026  -59.434  19.610 0.5862068966
156912  -45.530  -59.235  14.949 0.2413793103
156913  -44.976  -59.425  15.774 0.2413793103
156914  -44.427  -59.626  16.519 0.3103448276
156915  -45.898  -60.585  16.176 0.2758620690
156916  -44.867  -60.285  16.692 0.3793103448
156917  -43.869  -59.759  17.286 0.3793103448
156918  -43.282  -59.860  18.092 0.4827586207
156919  -42.802  -59.988  18.887 0.4827586207
156920  -42.306  -60.111  19.758 0.5517241379
156921  -42.644  -60.712  19.866 0.5172413793
156922  -43.047  -61.335  19.980 0.5172413793
156923  -43.508  -62.030  20.085 0.5172413793
156924  -45.045  -62.253  18.655 0.4827586207
156925  -44.532  -62.505  19.365 0.4827586207
156926  -44.132  -62.728  20.121 0.5172413793
156927  -44.701  -63.356  20.193 0.5172413793
156928  -45.190  -63.885  20.293 0.4827586207
156929  -45.768  -64.352  20.345 0.4827586207
156930  -46.810  -64.573  19.697 0.3793103448
156931  -47.916  -64.832  19.231 0.3793103448
