#!ascii label  , from subject fsaverage vox2ras=TkReg
1610
64  -52.926  -72.458  53.084 1.0000000000
184  -53.914  -63.454  55.356 1.0000000000
914  -50.434  -74.068  49.172 1.0000000000
916  -52.655  -70.438  48.706 1.0000000000
920  -59.097  -62.156  34.139 1.0000000000
1485  -54.121  -66.671  49.647 1.0000000000
1909  -54.145  -65.436  45.371 1.0000000000
2834  -51.898  -73.746  51.470 1.0000000000
2835  -51.584  -72.242  49.159 1.0000000000
2836  -53.284  -71.604  50.940 1.0000000000
2847  -51.634  -74.429  54.245 1.0000000000
4193  -54.218  -65.977  47.474 1.0000000000
4196  -54.217  -62.920  41.233 1.0000000000
4197  -53.672  -62.376  38.922 1.0000000000
5989  -57.321  -60.349  25.765 1.0000000000
5991  -57.462  -58.347  22.816 1.0000000000
6257  -50.662  -70.383  47.043 1.0000000000
6258  -51.480  -68.792  46.713 1.0000000000
6280  -49.532  -75.943  49.923 1.0000000000
7305  -53.946  -69.467  51.534 1.0000000000
7307  -54.088  -64.635  49.812 1.0000000000
8335  -54.061  -68.745  49.484 1.0000000000
8336  -53.659  -67.882  47.344 1.0000000000
8337  -52.696  -66.789  45.174 1.0000000000
8339  -53.611  -64.841  43.235 1.0000000000
8346  -54.712  -60.843  29.862 1.0000000000
8347  -57.263  -62.048  33.219 1.0000000000
8348  -57.172  -62.166  30.890 1.0000000000
8349  -57.128  -61.666  28.373 1.0000000000
10514  -52.553  -73.295  52.457 1.0000000000
10515  -52.635  -72.686  51.222 1.0000000000
10516  -53.213  -72.095  52.017 1.0000000000
10527  -52.328  -73.480  53.683 1.0000000000
10528  -51.929  -74.269  53.003 1.0000000000
11114  -53.760  -64.469  55.033 1.0000000000
11115  -53.925  -64.285  53.739 1.0000000000
11116  -54.107  -63.364  54.023 1.0000000000
11873  -54.201  -63.904  46.563 1.0000000000
13823  -57.402  -59.376  24.261 1.0000000000
14264  -49.677  -74.110  48.168 1.0000000000
14266  -50.099  -73.088  48.073 1.0000000000
14267  -52.099  -71.314  48.961 1.0000000000
14268  -51.115  -71.340  48.043 1.0000000000
14269  -51.635  -70.519  47.954 1.0000000000
14270  -51.044  -69.632  47.050 1.0000000000
14271  -52.071  -69.622  47.718 1.0000000000
14305  -50.676  -74.897  50.755 1.0000000000
14306  -50.174  -75.840  51.096 1.0000000000
14307  -50.030  -75.031  49.598 1.0000000000
16070  -54.157  -63.422  48.833 1.0000000000
18337  -54.077  -68.020  50.580 1.0000000000
18338  -54.052  -69.116  50.523 1.0000000000
18339  -54.173  -67.693  49.520 1.0000000000
18340  -54.253  -65.733  46.522 1.0000000000
18341  -54.099  -66.989  47.512 1.0000000000
18342  -53.984  -66.573  46.384 1.0000000000
18343  -53.323  -67.299  46.263 1.0000000000
18344  -53.654  -66.155  45.234 1.0000000000
18348  -53.544  -63.531  41.059 1.0000000000
18349  -53.867  -63.897  42.187 1.0000000000
18350  -53.061  -64.352  42.024 1.0000000000
18351  -52.633  -65.174  43.108 1.0000000000
18366  -54.868  -61.175  31.036 1.0000000000
18367  -58.070  -61.739  34.602 1.0000000000
18368  -57.186  -61.826  34.273 1.0000000000
18369  -58.165  -62.168  33.687 1.0000000000
18371  -58.200  -62.625  31.571 1.0000000000
18373  -57.137  -62.043  29.684 1.0000000000
18374  -58.307  -62.362  29.033 1.0000000000
18375  -58.427  -61.924  27.690 1.0000000000
18432  -46.939  -82.240  51.276 1.0000000000
18434  -47.536  -81.588  49.865 1.0000000000
18435  -48.507  -78.548  51.860 1.0000000000
18437  -48.260  -78.771  50.652 1.0000000000
23534  -51.158  -73.990  50.397 1.0000000000
23535  -50.998  -73.136  49.200 1.0000000000
23536  -51.880  -73.047  50.254 1.0000000000
23537  -52.496  -72.083  50.037 1.0000000000
23538  -53.084  -71.121  49.867 1.0000000000
23557  -50.855  -75.343  54.773 1.0000000000
23559  -51.253  -75.152  53.368 1.0000000000
23560  -51.290  -74.696  51.964 1.0000000000
24617  -54.079  -64.054  52.410 1.0000000000
24618  -54.321  -62.956  51.450 1.0000000000
25978  -54.137  -65.355  48.655 1.0000000000
25979  -54.155  -66.310  48.603 1.0000000000
25980  -54.214  -65.111  47.584 1.0000000000
25981  -54.343  -64.870  46.499 1.0000000000
25982  -54.351  -64.646  45.493 1.0000000000
25986  -53.966  -62.726  40.129 1.0000000000
25997  -59.206  -62.567  33.226 1.0000000000
29335  -55.992  -60.006  26.509 1.0000000000
29337  -56.012  -59.141  25.041 1.0000000000
29340  -58.947  -58.445  22.004 1.0000000000
29959  -50.686  -72.189  48.065 1.0000000000
29979  -58.896  -61.631  34.985 1.0000000000
30011  -48.955  -77.584  51.696 1.0000000000
30013  -49.548  -76.644  51.388 1.0000000000
30014  -48.987  -76.858  50.289 1.0000000000
32448  -54.029  -66.967  50.669 1.0000000000
32449  -53.897  -66.115  52.017 1.0000000000
32450  -54.012  -65.876  50.807 1.0000000000
32451  -54.080  -65.627  49.721 1.0000000000
32452  -54.090  -64.376  48.705 1.0000000000
35293  -53.757  -70.683  51.371 1.0000000000
35294  -53.763  -70.204  50.353 1.0000000000
35295  -53.640  -69.768  49.239 1.0000000000
35296  -54.167  -67.290  48.501 1.0000000000
35297  -53.904  -68.326  48.411 1.0000000000
35298  -53.225  -69.226  48.196 1.0000000000
35299  -52.707  -68.560  47.139 1.0000000000
35300  -52.181  -67.740  46.019 1.0000000000
35301  -51.556  -66.924  45.031 1.0000000000
35304  -54.280  -64.387  44.373 1.0000000000
35305  -54.379  -63.133  42.313 1.0000000000
35306  -54.142  -64.153  43.322 1.0000000000
35307  -53.910  -65.115  44.223 1.0000000000
35308  -53.168  -65.749  44.170 1.0000000000
35309  -52.119  -66.059  44.077 1.0000000000
35331  -56.188  -61.744  32.763 1.0000000000
35332  -58.241  -62.432  32.642 1.0000000000
35333  -57.208  -62.165  32.081 1.0000000000
35334  -56.084  -61.732  31.554 1.0000000000
35335  -56.006  -61.638  30.318 1.0000000000
35336  -55.891  -61.258  29.021 1.0000000000
35337  -55.925  -60.755  27.726 1.0000000000
35338  -57.214  -61.093  27.063 1.0000000000
35409  -46.827  -83.523  50.348 1.0000000000
35413  -47.763  -80.292  52.228 1.0000000000
35414  -47.728  -80.402  51.025 1.0000000000
35415  -48.138  -78.852  49.380 1.0000000000
41234  -52.760  -72.920  52.828 1.0000000000
41235  -52.894  -72.716  52.276 1.0000000000
41236  -53.080  -72.273  52.537 1.0000000000
41246  -52.431  -72.962  53.973 1.0000000000
41247  -52.641  -72.980  53.387 1.0000000000
41248  -52.484  -73.420  53.069 1.0000000000
41835  -53.948  -63.869  54.568 1.0000000000
41836  -54.007  -63.410  54.748 1.0000000000
41848  -53.613  -64.376  55.722 1.0000000000
44984  -50.096  -74.079  48.620 1.0000000000
44985  -49.942  -73.579  48.070 1.0000000000
44986  -50.288  -73.603  48.634 1.0000000000
44987  -52.367  -70.894  48.860 1.0000000000
44988  -51.864  -70.905  48.426 1.0000000000
44989  -52.131  -70.486  48.317 1.0000000000
44990  -51.824  -70.068  47.856 1.0000000000
44991  -52.373  -70.055  48.206 1.0000000000
45025  -50.569  -74.520  49.934 1.0000000000
45026  -50.365  -74.984  50.183 1.0000000000
45027  -50.248  -74.550  49.383 1.0000000000
45028  -49.901  -74.571  48.841 1.0000000000
49057  -54.099  -67.351  50.094 1.0000000000
49058  -54.123  -67.875  50.043 1.0000000000
49059  -54.139  -67.194  49.586 1.0000000000
49060  -54.217  -65.591  45.909 1.0000000000
49061  -54.167  -66.180  46.460 1.0000000000
49062  -54.086  -66.002  45.884 1.0000000000
49063  -53.866  -66.361  45.809 1.0000000000
49064  -54.007  -65.845  45.354 1.0000000000
49068  -53.079  -63.739  41.010 1.0000000000
49069  -53.329  -63.991  41.591 1.0000000000
49070  -52.833  -64.116  41.496 1.0000000000
49071  -52.593  -64.496  42.023 1.0000000000
49087  -58.584  -61.940  34.379 1.0000000000
49088  -58.132  -61.974  34.178 1.0000000000
49089  -58.652  -62.190  33.925 1.0000000000
49095  -58.899  -62.518  28.680 1.0000000000
49152  -47.151  -81.810  51.194 1.0000000000
49153  -47.245  -81.956  50.594 1.0000000000
49154  -47.438  -81.517  50.463 1.0000000000
49156  -48.364  -78.664  51.262 1.0000000000
54584  -51.550  -73.904  50.954 1.0000000000
54585  -51.492  -73.521  50.334 1.0000000000
54586  -51.896  -73.388  50.841 1.0000000000
54587  -52.926  -72.150  51.058 1.0000000000
54588  -52.572  -72.394  50.589 1.0000000000
54589  -52.924  -71.903  50.530 1.0000000000
54590  -52.822  -71.606  49.991 1.0000000000
54591  -53.252  -71.372  50.406 1.0000000000
54619  -51.360  -73.748  55.229 1.0000000000
54622  -51.245  -74.898  54.524 1.0000000000
54623  -51.106  -75.294  54.079 1.0000000000
54624  -51.494  -74.872  53.841 1.0000000000
54625  -51.944  -74.034  52.246 1.0000000000
54626  -51.629  -74.514  52.498 1.0000000000
54627  -51.640  -74.239  51.740 1.0000000000
54628  -51.274  -74.371  51.177 1.0000000000
56425  -53.481  -65.334  55.377 1.0000000000
58658  -54.168  -65.232  48.118 1.0000000000
58661  -54.269  -64.412  46.554 1.0000000000
58662  -54.347  -64.319  46.057 1.0000000000
58663  -54.364  -64.774  46.028 1.0000000000
58664  -54.372  -64.209  45.536 1.0000000000
58669  -54.243  -62.348  39.631 1.0000000000
58670  -53.814  -62.544  39.520 1.0000000000
58671  -53.515  -62.944  40.026 1.0000000000
58672  -53.348  -62.757  39.445 1.0000000000
58674  -53.210  -62.578  38.867 1.0000000000
64507  -56.703  -60.220  26.136 1.0000000000
64508  -56.006  -59.583  25.767 1.0000000000
64509  -56.694  -59.743  25.401 1.0000000000
64510  -57.436  -58.881  23.530 1.0000000000
64511  -56.756  -58.819  23.968 1.0000000000
64512  -56.751  -58.265  23.209 1.0000000000
65842  -51.303  -72.702  49.195 1.0000000000
65843  -50.866  -72.670  48.651 1.0000000000
65844  -51.106  -72.241  48.652 1.0000000000
65845  -50.877  -70.870  47.533 1.0000000000
65846  -50.669  -71.262  47.498 1.0000000000
65847  -50.437  -70.760  46.993 1.0000000000
65851  -50.394  -69.904  46.539 1.0000000000
65852  -51.231  -69.226  46.897 1.0000000000
65853  -50.783  -69.140  46.520 1.0000000000
65854  -50.983  -68.764  46.387 1.0000000000
65856  -51.241  -68.302  46.177 1.0000000000
65886  -58.817  -61.337  35.370 1.0000000000
65950  -49.313  -77.549  53.584 1.0000000000
65953  -48.918  -77.935  52.375 1.0000000000
65954  -49.198  -77.456  52.248 1.0000000000
65958  -49.851  -75.882  50.486 1.0000000000
65959  -49.851  -76.233  51.244 1.0000000000
65960  -49.552  -76.313  50.669 1.0000000000
65961  -49.265  -76.739  50.843 1.0000000000
65962  -49.267  -76.390  50.107 1.0000000000
71240  -54.010  -67.641  51.139 1.0000000000
71241  -53.971  -67.115  51.170 1.0000000000
71242  -53.851  -65.667  52.690 1.0000000000
71243  -53.816  -66.220  52.585 1.0000000000
71244  -53.909  -65.573  52.105 1.0000000000
71245  -54.068  -64.771  50.384 1.0000000000
71246  -54.007  -65.374  50.881 1.0000000000
71247  -54.045  -65.261  50.304 1.0000000000
71248  -54.058  -65.745  50.244 1.0000000000
71249  -54.076  -65.095  49.724 1.0000000000
71250  -54.107  -64.998  49.199 1.0000000000
71251  -54.115  -64.495  49.218 1.0000000000
71252  -54.193  -62.770  48.331 1.0000000000
78054  -53.881  -70.062  51.472 1.0000000000
78055  -54.074  -68.898  49.997 1.0000000000
78056  -53.935  -69.661  50.477 1.0000000000
78057  -53.944  -69.451  49.936 1.0000000000
78058  -53.770  -69.996  49.817 1.0000000000
78059  -53.943  -69.234  49.380 1.0000000000
78060  -54.195  -66.141  48.047 1.0000000000
78061  -54.175  -66.788  48.541 1.0000000000
78062  -54.200  -66.606  48.024 1.0000000000
78063  -53.945  -67.463  47.451 1.0000000000
78064  -53.999  -67.658  47.964 1.0000000000
78065  -53.818  -68.152  47.909 1.0000000000
78066  -53.701  -68.882  48.369 1.0000000000
78067  -53.484  -68.567  47.808 1.0000000000
78068  -53.002  -68.896  47.666 1.0000000000
78069  -53.276  -68.274  47.255 1.0000000000
78070  -53.029  -67.015  45.704 1.0000000000
78071  -52.771  -67.591  46.188 1.0000000000
78072  -52.465  -67.251  45.654 1.0000000000
78073  -51.862  -67.354  45.542 1.0000000000
78074  -52.138  -66.873  45.115 1.0000000000
78081  -54.367  -63.948  44.412 1.0000000000
78082  -54.326  -63.818  43.899 1.0000000000
78085  -54.321  -63.051  41.785 1.0000000000
78086  -53.720  -64.347  42.695 1.0000000000
78087  -54.018  -64.019  42.755 1.0000000000
78088  -53.904  -64.517  43.249 1.0000000000
78089  -54.041  -64.658  43.768 1.0000000000
78090  -53.765  -64.989  43.721 1.0000000000
78091  -53.592  -65.439  44.181 1.0000000000
78092  -53.403  -65.288  43.692 1.0000000000
78093  -52.099  -65.219  43.003 1.0000000000
78094  -52.384  -65.628  43.592 1.0000000000
78095  -51.803  -65.645  43.522 1.0000000000
78141  -54.679  -60.618  29.227 1.0000000000
78145  -57.246  -61.983  33.801 1.0000000000
78147  -56.742  -61.884  33.568 1.0000000000
78148  -56.213  -61.747  33.360 1.0000000000
78149  -56.741  -61.909  32.990 1.0000000000
78151  -58.702  -62.534  32.965 1.0000000000
78152  -58.748  -62.670  32.439 1.0000000000
78153  -57.686  -62.402  31.201 1.0000000000
78154  -57.703  -62.420  31.806 1.0000000000
78155  -57.201  -62.189  31.510 1.0000000000
78156  -56.681  -61.960  31.830 1.0000000000
78157  -56.682  -61.984  31.249 1.0000000000
78158  -56.055  -61.733  30.938 1.0000000000
78159  -56.638  -61.950  30.614 1.0000000000
78160  -57.127  -61.872  29.035 1.0000000000
78161  -56.553  -61.674  29.328 1.0000000000
78162  -56.497  -61.466  28.679 1.0000000000
78163  -55.861  -61.016  28.344 1.0000000000
78164  -56.505  -61.255  28.045 1.0000000000
78165  -56.542  -60.924  27.377 1.0000000000
78166  -57.153  -61.408  27.706 1.0000000000
78168  -58.500  -61.589  26.998 1.0000000000
78349  -47.971  -79.877  52.141 1.0000000000
78350  -47.958  -79.950  51.539 1.0000000000
78351  -47.756  -80.374  51.633 1.0000000000
78352  -47.915  -79.995  50.943 1.0000000000
78354  -48.166  -78.512  49.313 1.0000000000
92654  -52.240  -73.539  51.961 1.0000000000
92655  -52.290  -73.215  51.361 1.0000000000
92656  -52.624  -72.991  51.854 1.0000000000
92657  -52.925  -72.430  51.648 1.0000000000
92658  -53.242  -71.828  51.454 1.0000000000
92676  -52.097  -73.423  54.277 1.0000000000
92677  -52.013  -73.940  53.957 1.0000000000
92678  -51.865  -74.409  53.617 1.0000000000
92679  -52.186  -73.917  53.359 1.0000000000
92680  -52.255  -73.787  52.707 1.0000000000
95099  -54.148  -63.989  47.076 1.0000000000
95108  -53.543  -62.239  38.347 1.0000000000
95109  -53.896  -61.957  37.818 1.0000000000
98608  -57.954  -60.429  25.375 1.0000000000
98609  -57.336  -59.860  25.015 1.0000000000
98610  -58.034  -59.940  24.596 1.0000000000
98611  -58.121  -59.490  23.884 1.0000000000
98612  -58.165  -58.967  23.168 1.0000000000
99407  -49.775  -73.095  47.577 1.0000000000
99408  -50.023  -72.627  47.582 1.0000000000
99409  -51.854  -71.760  49.079 1.0000000000
99410  -51.360  -71.762  48.633 1.0000000000
99411  -51.593  -71.328  48.536 1.0000000000
99412  -51.343  -70.932  48.027 1.0000000000
99413  -51.137  -70.475  47.534 1.0000000000
99414  -50.918  -70.002  47.092 1.0000000000
99415  -51.352  -70.061  47.487 1.0000000000
99416  -51.526  -69.641  47.393 1.0000000000
99417  -51.766  -69.219  47.222 1.0000000000
99476  -49.644  -77.080  53.426 1.0000000000
99477  -50.719  -75.217  51.505 1.0000000000
99479  -50.426  -75.340  50.899 1.0000000000
99480  -50.117  -75.434  50.322 1.0000000000
99481  -49.779  -75.486  49.725 1.0000000000
102655  -54.187  -63.580  49.434 1.0000000000
106735  -54.038  -68.723  51.058 1.0000000000
106736  -54.023  -69.296  51.022 1.0000000000
106737  -54.080  -68.544  50.540 1.0000000000
106738  -54.128  -68.375  50.010 1.0000000000
106739  -54.132  -68.237  49.512 1.0000000000
106740  -54.244  -65.857  47.037 1.0000000000
106741  -54.186  -66.486  47.532 1.0000000000
106742  -54.181  -66.337  47.038 1.0000000000
106743  -54.078  -66.808  46.983 1.0000000000
106744  -53.857  -67.170  46.850 1.0000000000
106745  -53.523  -67.587  46.767 1.0000000000
106746  -53.722  -66.919  46.259 1.0000000000
106747  -53.494  -66.676  45.698 1.0000000000
106748  -53.216  -66.458  45.156 1.0000000000
106754  -53.898  -63.229  41.128 1.0000000000
106755  -54.039  -63.403  41.719 1.0000000000
106756  -53.714  -63.737  41.650 1.0000000000
106757  -53.504  -64.160  42.120 1.0000000000
106758  -53.330  -64.583  42.634 1.0000000000
106759  -53.154  -65.030  43.173 1.0000000000
106760  -52.883  -64.756  42.600 1.0000000000
106761  -52.351  -64.871  42.550 1.0000000000
106762  -51.804  -64.885  42.458 1.0000000000
106788  -54.774  -61.030  30.445 1.0000000000
106791  -57.649  -61.792  34.462 1.0000000000
106792  -57.694  -61.993  33.998 1.0000000000
106793  -57.714  -62.145  33.462 1.0000000000
106794  -59.282  -62.967  31.623 1.0000000000
106795  -58.742  -62.767  31.897 1.0000000000
106796  -58.747  -62.841  31.290 1.0000000000
106797  -58.202  -62.637  30.967 1.0000000000
106798  -57.680  -62.401  30.608 1.0000000000
106799  -57.170  -62.150  30.311 1.0000000000
106800  -57.653  -62.378  30.017 1.0000000000
106801  -57.698  -62.223  29.370 1.0000000000
106802  -57.755  -62.036  28.712 1.0000000000
106803  -57.766  -61.801  28.030 1.0000000000
106804  -58.366  -62.205  28.387 1.0000000000
106908  -47.061  -82.409  50.700 1.0000000000
106911  -48.418  -78.889  52.535 1.0000000000
116354  -50.775  -74.037  49.777 1.0000000000
116355  -50.645  -73.600  49.230 1.0000000000
116356  -51.093  -73.586  49.792 1.0000000000
116357  -51.444  -73.165  49.760 1.0000000000
116358  -51.793  -72.708  49.663 1.0000000000
116359  -52.328  -72.891  50.748 1.0000000000
116360  -52.211  -72.566  50.140 1.0000000000
116361  -52.102  -72.230  49.574 1.0000000000
116362  -52.353  -71.754  49.484 1.0000000000
116363  -52.595  -71.322  49.424 1.0000000000
116364  -52.876  -70.847  49.292 1.0000000000
116408  -50.369  -76.127  54.467 1.0000000000
116409  -50.734  -75.711  54.282 1.0000000000
116410  -50.897  -75.572  53.560 1.0000000000
116412  -51.599  -74.732  53.193 1.0000000000
116413  -51.313  -74.973  52.702 1.0000000000
116414  -51.003  -75.112  52.123 1.0000000000
116415  -50.974  -74.811  51.374 1.0000000000
116416  -50.915  -74.459  50.573 1.0000000000
118880  -53.955  -64.619  52.921 1.0000000000
118881  -54.003  -64.540  52.325 1.0000000000
122056  -54.128  -65.991  49.158 1.0000000000
122057  -54.145  -66.497  49.116 1.0000000000
122058  -54.154  -65.840  48.621 1.0000000000
122059  -54.197  -65.697  48.078 1.0000000000
122060  -54.230  -65.544  47.507 1.0000000000
122061  -54.202  -64.513  47.083 1.0000000000
122062  -54.279  -64.975  47.024 1.0000000000
122063  -54.288  -65.403  46.958 1.0000000000
122064  -54.324  -65.294  46.526 1.0000000000
122065  -54.309  -65.183  46.003 1.0000000000
122066  -54.253  -65.033  45.429 1.0000000000
122071  -54.398  -62.479  40.718 1.0000000000
122073  -54.316  -62.423  40.184 1.0000000000
122074  -54.094  -62.812  40.675 1.0000000000
122075  -53.739  -63.104  40.571 1.0000000000
122076  -53.320  -63.344  40.524 1.0000000000
122082  -53.043  -62.328  38.230 1.0000000000
122099  -59.182  -62.379  33.691 1.0000000000
130093  -55.273  -59.898  26.895 1.0000000000
130095  -55.258  -59.405  26.131 1.0000000000
130098  -56.708  -59.296  24.692 1.0000000000
130099  -56.027  -58.698  24.337 1.0000000000
130106  -58.204  -58.411  22.419 1.0000000000
130108  -58.267  -57.864  21.705 1.0000000000
131785  -50.546  -73.132  48.650 1.0000000000
131786  -50.434  -72.658  48.154 1.0000000000
131787  -50.281  -72.164  47.578 1.0000000000
131788  -50.905  -71.752  48.033 1.0000000000
131789  -50.493  -71.682  47.492 1.0000000000
131797  -50.595  -69.510  46.545 1.0000000000
131839  -57.990  -61.477  34.993 1.0000000000
131840  -58.504  -61.690  34.795 1.0000000000
131841  -59.008  -61.898  34.581 1.0000000000
131925  -48.649  -78.421  52.479 1.0000000000
131926  -48.719  -78.073  51.777 1.0000000000
131929  -49.986  -76.647  53.272 1.0000000000
131931  -50.111  -76.092  51.856 1.0000000000
131932  -49.849  -76.527  51.941 1.0000000000
131934  -49.245  -77.090  51.552 1.0000000000
131935  -48.986  -77.208  51.003 1.0000000000
131937  -48.716  -77.021  49.669 1.0000000000
131940  -49.024  -75.630  48.710 1.0000000000
138584  -53.052  -71.866  53.261 1.0000000000
138592  -54.043  -68.176  51.107 1.0000000000
138593  -54.059  -67.501  50.631 1.0000000000
138594  -54.076  -66.812  50.153 1.0000000000
138596  -53.776  -66.780  52.444 1.0000000000
138598  -53.953  -65.458  51.498 1.0000000000
138599  -53.949  -66.004  51.411 1.0000000000
138600  -53.955  -66.550  51.318 1.0000000000
138601  -54.023  -66.431  50.725 1.0000000000
138602  -54.070  -66.270  50.201 1.0000000000
138603  -54.094  -66.152  49.683 1.0000000000
138604  -54.108  -65.521  49.203 1.0000000000
138605  -54.110  -64.871  48.675 1.0000000000
138607  -54.099  -63.885  48.747 1.0000000000
138608  -54.100  -63.769  48.219 1.0000000000
138609  -54.103  -63.673  47.702 1.0000000000
138618  -54.379  -62.602  52.207 1.0000000000
138619  -54.427  -62.498  51.553 1.0000000000
146888  -53.496  -71.397  51.790 1.0000000000
146889  -53.539  -71.171  51.204 1.0000000000
146890  -53.940  -69.900  50.989 1.0000000000
146891  -53.773  -70.445  50.860 1.0000000000
146892  -53.560  -70.955  50.692 1.0000000000
146893  -53.531  -70.737  50.165 1.0000000000
146894  -53.395  -70.479  49.597 1.0000000000
146895  -53.221  -70.252  49.026 1.0000000000
146896  -54.151  -66.985  49.060 1.0000000000
146897  -54.159  -67.504  49.021 1.0000000000
146898  -54.106  -68.062  49.008 1.0000000000
146899  -54.130  -67.153  48.007 1.0000000000
146900  -54.060  -67.834  48.470 1.0000000000
146901  -53.986  -68.514  48.918 1.0000000000
146902  -53.805  -69.035  48.840 1.0000000000
146903  -53.496  -69.559  48.713 1.0000000000
146904  -52.934  -69.867  48.494 1.0000000000
146905  -52.646  -69.510  48.022 1.0000000000
146906  -52.380  -69.120  47.480 1.0000000000
146907  -52.092  -68.729  46.980 1.0000000000
146908  -53.025  -67.966  46.741 1.0000000000
146909  -52.446  -68.167  46.600 1.0000000000
146910  -51.816  -68.303  46.454 1.0000000000
146911  -51.553  -67.840  45.897 1.0000000000
146912  -51.238  -67.405  45.411 1.0000000000
146920  -54.381  -64.096  44.975 1.0000000000
146921  -54.311  -64.507  44.928 1.0000000000
146922  -54.194  -64.890  44.864 1.0000000000
146925  -54.424  -63.242  42.854 1.0000000000
146926  -54.143  -63.518  42.253 1.0000000000
146927  -54.241  -63.631  42.805 1.0000000000
146928  -54.302  -63.744  43.376 1.0000000000
146929  -54.220  -64.257  43.857 1.0000000000
146930  -54.149  -64.778  44.308 1.0000000000
146931  -54.043  -65.261  44.792 1.0000000000
146932  -53.791  -65.633  44.744 1.0000000000
146933  -53.412  -65.955  44.707 1.0000000000
146934  -52.926  -66.256  44.663 1.0000000000
146935  -52.903  -65.476  43.649 1.0000000000
146936  -52.666  -65.951  44.125 1.0000000000
146937  -52.391  -66.421  44.638 1.0000000000
146938  -51.835  -66.470  44.576 1.0000000000
147002  -55.678  -61.571  33.112 1.0000000000
147003  -55.650  -61.593  32.518 1.0000000000
147004  -58.676  -62.371  33.459 1.0000000000
147005  -58.193  -62.324  33.187 1.0000000000
147006  -57.740  -62.218  32.840 1.0000000000
147007  -58.235  -62.543  32.111 1.0000000000
147008  -57.734  -62.311  32.331 1.0000000000
147009  -57.237  -62.094  32.623 1.0000000000
147010  -56.706  -61.932  32.393 1.0000000000
147011  -56.140  -61.739  32.154 1.0000000000
147012  -55.584  -61.568  31.905 1.0000000000
147013  -55.481  -61.512  31.280 1.0000000000
147014  -55.405  -61.413  30.686 1.0000000000
147015  -55.343  -61.275  30.068 1.0000000000
147016  -56.598  -61.837  29.993 1.0000000000
147017  -55.938  -61.481  29.684 1.0000000000
147018  -55.313  -61.088  29.454 1.0000000000
147019  -55.273  -60.847  28.801 1.0000000000
147020  -55.286  -60.556  28.123 1.0000000000
147021  -55.297  -60.282  27.502 1.0000000000
147022  -55.936  -60.396  27.107 1.0000000000
147023  -56.612  -60.578  26.769 1.0000000000
147024  -57.289  -60.710  26.405 1.0000000000
147025  -57.830  -61.509  27.352 1.0000000000
147026  -57.907  -61.138  26.664 1.0000000000
147232  -46.588  -83.969  50.453 1.0000000000
147248  -47.549  -80.874  51.051 1.0000000000
147255  -47.902  -80.047  50.280 1.0000000000
767  -59.961  -60.825  24.377 1.0000000000
4202  -61.153  -63.298  33.536 1.0000000000
4203  -59.260  -62.880  32.210 1.0000000000
6266  -60.852  -62.102  35.315 1.0000000000
11882  -62.241  -63.857  33.199 1.0000000000
11883  -61.301  -63.685  32.465 1.0000000000
13822  -58.643  -60.544  25.006 1.0000000000
13824  -58.847  -59.604  23.511 1.0000000000
14283  -60.631  -61.476  36.172 1.0000000000
14284  -61.702  -62.080  36.032 1.0000000000
14285  -61.885  -62.741  35.220 1.0000000000
18376  -59.490  -62.638  28.273 1.0000000000
23269  -61.421  -60.848  23.467 1.0000000000
23270  -60.249  -59.756  22.716 1.0000000000
25996  -60.119  -62.630  33.803 1.0000000000
25998  -60.232  -63.101  32.855 1.0000000000
25999  -60.385  -63.417  31.764 1.0000000000
29981  -59.814  -61.575  35.506 1.0000000000
29982  -59.936  -62.102  34.649 1.0000000000
29983  -60.991  -62.722  34.490 1.0000000000
29984  -62.096  -63.382  34.312 1.0000000000
35342  -61.010  -62.319  26.179 1.0000000000
35343  -61.219  -61.601  24.804 1.0000000000
38343  -63.601  -61.475  37.414 1.0000000000
44542  -59.351  -60.699  24.675 1.0000000000
44543  -58.780  -60.127  24.276 1.0000000000
44544  -59.458  -60.230  23.890 1.0000000000
45002  -62.088  -61.716  36.862 1.0000000000
45003  -61.640  -61.766  36.468 1.0000000000
45004  -62.178  -62.056  36.448 1.0000000000
45005  -62.265  -62.416  36.025 1.0000000000
54142  -62.193  -60.850  23.049 1.0000000000
54143  -61.593  -60.300  22.629 1.0000000000
54144  -62.351  -60.335  22.273 1.0000000000
58687  -60.630  -62.966  33.686 1.0000000000
58688  -60.175  -62.888  33.356 1.0000000000
58689  -60.713  -63.242  33.189 1.0000000000
58690  -61.390  -63.845  31.835 1.0000000000
58691  -60.838  -63.570  32.120 1.0000000000
58692  -60.899  -63.661  31.452 1.0000000000
58693  -60.393  -63.460  31.072 1.0000000000
64515  -60.299  -59.131  21.942 1.0000000000
64516  -59.605  -59.078  22.327 1.0000000000
65890  -60.741  -61.779  35.748 1.0000000000
65891  -60.217  -61.524  35.829 1.0000000000
65892  -60.327  -61.797  35.435 1.0000000000
65893  -59.868  -61.826  35.098 1.0000000000
65894  -60.384  -62.098  34.982 1.0000000000
65895  -60.465  -62.397  34.558 1.0000000000
65896  -60.923  -62.411  34.893 1.0000000000
65898  -61.995  -63.081  34.796 1.0000000000
65901  -63.142  -63.725  34.498 1.0000000000
78150  -59.233  -62.771  32.741 1.0000000000
78167  -59.041  -61.992  27.319 1.0000000000
78178  -61.127  -61.986  25.504 1.0000000000
78180  -61.927  -61.659  24.397 1.0000000000
95116  -61.654  -63.555  33.380 1.0000000000
95117  -61.213  -63.501  33.006 1.0000000000
95118  -61.757  -63.762  32.819 1.0000000000
99440  -61.265  -62.087  35.648 1.0000000000
99441  -61.370  -62.418  35.241 1.0000000000
99442  -61.787  -62.408  35.615 1.0000000000
99443  -62.362  -62.763  35.623 1.0000000000
106805  -58.963  -62.327  28.017 1.0000000000
106806  -59.542  -62.379  27.603 1.0000000000
115735  -60.674  -60.835  23.908 1.0000000000
115736  -60.147  -60.305  23.498 1.0000000000
115737  -60.859  -60.341  23.095 1.0000000000
115738  -60.947  -59.732  22.281 1.0000000000
116382  -60.866  -60.768  37.325 1.0000000000
122098  -59.617  -62.347  33.928 1.0000000000
122100  -59.691  -62.546  33.478 1.0000000000
122101  -59.718  -62.810  33.024 1.0000000000
122102  -59.759  -62.980  32.519 1.0000000000
122103  -60.760  -63.416  32.686 1.0000000000
122104  -60.283  -63.276  32.342 1.0000000000
122105  -59.805  -63.112  31.984 1.0000000000
122106  -59.847  -63.215  31.368 1.0000000000
122107  -59.842  -63.238  30.691 1.0000000000
130104  -59.548  -59.659  23.070 1.0000000000
130105  -58.884  -59.004  22.734 1.0000000000
131845  -60.096  -61.228  36.235 1.0000000000
131846  -59.686  -61.278  35.908 1.0000000000
131848  -59.338  -61.574  35.217 1.0000000000
131849  -59.415  -61.833  34.808 1.0000000000
131850  -59.522  -62.119  34.377 1.0000000000
131851  -60.045  -62.374  34.224 1.0000000000
131852  -60.551  -62.682  34.143 1.0000000000
131853  -61.072  -63.032  34.033 1.0000000000
131854  -61.435  -62.739  34.846 1.0000000000
131855  -61.531  -63.065  34.410 1.0000000000
131856  -61.600  -63.337  33.913 1.0000000000
131857  -62.148  -63.636  33.753 1.0000000000
131858  -62.727  -63.941  33.572 1.0000000000
147028  -58.547  -60.895  25.663 1.0000000000
147029  -59.222  -61.043  25.337 1.0000000000
147030  -59.910  -61.172  24.994 1.0000000000
147037  -60.445  -61.934  25.912 1.0000000000
147038  -60.533  -61.615  25.258 1.0000000000
147039  -60.606  -61.225  24.584 1.0000000000
147040  -61.311  -61.234  24.140 1.0000000000
147041  -62.046  -61.285  23.734 1.0000000000
147042  -62.848  -61.280  23.321 1.0000000000
155999  -63.738  -61.882  37.054 1.0000000000
769  -60.812  -55.979  18.788 1.0000000000
13825  -60.615  -57.332  19.966 1.0000000000
13826  -59.120  -57.326  20.652 1.0000000000
13827  -59.221  -56.015  19.368 1.0000000000
13829  -59.313  -54.638  18.334 1.0000000000
13831  -60.954  -54.843  17.934 1.0000000000
44545  -60.805  -56.710  19.349 1.0000000000
44546  -59.981  -56.695  19.669 1.0000000000
44547  -60.016  -55.992  19.097 1.0000000000
44548  -59.256  -55.326  18.835 1.0000000000
44549  -60.070  -55.302  18.573 1.0000000000
44550  -60.119  -54.737  18.144 1.0000000000
44551  -60.857  -55.418  18.354 1.0000000000
64517  -59.682  -58.519  21.612 1.0000000000
64518  -58.391  -56.719  20.351 1.0000000000
64519  -58.321  -57.304  21.020 1.0000000000
98613  -60.513  -57.935  20.575 1.0000000000
98614  -59.771  -57.922  20.940 1.0000000000
98615  -59.859  -57.303  20.279 1.0000000000
98616  -59.185  -56.707  20.006 1.0000000000
98617  -58.487  -56.134  19.759 1.0000000000
98619  -58.485  -55.404  19.139 1.0000000000
98620  -58.486  -54.687  18.592 1.0000000000
98621  -58.542  -54.024  18.088 1.0000000000
115739  -60.996  -59.130  21.553 1.0000000000
115744  -61.380  -57.341  19.635 1.0000000000
115746  -61.590  -56.070  18.557 1.0000000000
130107  -59.028  -57.902  21.319 1.0000000000
130132  -61.683  -55.519  18.143 1.0000000000
130133  -61.815  -54.933  17.716 1.0000000000
185  -54.368  -61.770  45.602 1.0000000000
407  -55.221  -61.421  36.864 1.0000000000
918  -54.969  -61.410  41.293 1.0000000000
919  -58.268  -60.041  37.560 1.0000000000
4194  -54.327  -63.712  45.575 1.0000000000
4195  -55.243  -61.334  39.059 1.0000000000
4201  -55.226  -61.435  34.636 1.0000000000
6260  -54.648  -61.436  43.372 1.0000000000
6261  -55.796  -59.696  41.219 1.0000000000
6262  -56.308  -60.245  39.168 1.0000000000
6263  -56.851  -60.790  37.074 1.0000000000
6264  -57.118  -61.452  35.189 1.0000000000
6265  -58.771  -61.086  35.821 1.0000000000
7308  -54.284  -62.144  47.844 1.0000000000
8338  -54.424  -63.299  43.352 1.0000000000
11872  -54.165  -62.921  46.630 1.0000000000
11874  -54.271  -62.789  45.548 1.0000000000
11875  -55.225  -61.364  37.939 1.0000000000
11876  -54.524  -61.965  39.049 1.0000000000
11877  -54.369  -61.815  37.878 1.0000000000
11879  -54.233  -61.634  36.679 1.0000000000
11881  -55.216  -61.423  35.741 1.0000000000
14276  -56.941  -59.649  39.254 1.0000000000
14277  -57.254  -59.965  38.246 1.0000000000
14278  -56.552  -60.437  38.074 1.0000000000
14279  -57.524  -60.437  37.279 1.0000000000
14280  -57.791  -60.868  36.351 1.0000000000
14281  -58.515  -60.584  36.694 1.0000000000
18345  -54.793  -61.333  42.332 1.0000000000
18346  -54.506  -62.352  43.332 1.0000000000
18347  -54.588  -62.254  42.390 1.0000000000
23542  -58.743  -59.115  38.854 1.0000000000
25983  -55.125  -61.355  40.178 1.0000000000
25984  -54.631  -62.209  41.313 1.0000000000
25985  -54.606  -62.071  40.193 1.0000000000
29966  -54.522  -61.624  44.492 1.0000000000
29967  -54.906  -60.490  43.324 1.0000000000
29968  -55.091  -60.396  42.206 1.0000000000
29969  -55.303  -60.490  41.203 1.0000000000
29971  -56.063  -59.955  40.249 1.0000000000
29972  -55.547  -60.669  40.225 1.0000000000
29973  -55.774  -60.784  39.121 1.0000000000
29974  -55.968  -60.878  37.961 1.0000000000
29975  -56.105  -61.111  36.949 1.0000000000
29976  -56.165  -61.327  35.974 1.0000000000
29977  -57.020  -61.068  36.128 1.0000000000
29978  -57.937  -61.242  35.430 1.0000000000
32453  -54.154  -63.142  47.712 1.0000000000
32454  -54.294  -61.939  46.790 1.0000000000
35302  -54.440  -62.582  44.437 1.0000000000
35303  -54.401  -63.499  44.406 1.0000000000
35329  -56.218  -61.542  34.989 1.0000000000
35330  -56.211  -61.731  33.929 1.0000000000
42592  -54.243  -62.353  46.162 1.0000000000
42593  -54.225  -62.855  46.087 1.0000000000
42594  -54.309  -62.285  45.593 1.0000000000
42595  -55.225  -61.375  37.359 1.0000000000
42596  -54.827  -61.617  37.919 1.0000000000
42597  -54.777  -61.570  37.347 1.0000000000
42598  -54.298  -61.726  37.290 1.0000000000
42599  -54.736  -61.525  36.833 1.0000000000
42600  -54.711  -61.489  36.185 1.0000000000
42601  -55.198  -61.424  36.351 1.0000000000
44995  -58.088  -59.786  38.067 1.0000000000
44996  -57.589  -59.730  38.375 1.0000000000
44997  -57.744  -59.973  37.867 1.0000000000
44998  -57.397  -60.198  37.743 1.0000000000
44999  -57.902  -60.233  37.396 1.0000000000
45000  -58.027  -60.502  36.964 1.0000000000
45001  -58.406  -60.307  37.099 1.0000000000
49065  -54.861  -61.342  41.792 1.0000000000
49066  -54.664  -61.782  42.404 1.0000000000
49067  -54.741  -61.797  41.870 1.0000000000
58660  -54.284  -63.807  46.052 1.0000000000
58665  -55.193  -61.356  39.635 1.0000000000
58666  -54.880  -61.732  40.191 1.0000000000
58667  -54.885  -61.678  39.651 1.0000000000
58668  -54.111  -62.194  39.000 1.0000000000
58682  -54.719  -61.422  35.033 1.0000000000
58684  -54.672  -61.352  34.465 1.0000000000
65862  -55.427  -60.010  41.678 1.0000000000
65863  -55.201  -60.436  41.709 1.0000000000
65864  -55.528  -60.096  41.191 1.0000000000
65868  -56.630  -59.958  39.181 1.0000000000
65869  -56.485  -59.775  39.736 1.0000000000
65870  -56.175  -60.143  39.761 1.0000000000
65871  -55.755  -60.315  40.214 1.0000000000
65872  -55.902  -60.449  39.728 1.0000000000
65873  -55.682  -60.765  39.712 1.0000000000
65874  -56.017  -60.527  39.163 1.0000000000
65875  -56.685  -60.585  37.546 1.0000000000
65876  -56.246  -60.635  38.003 1.0000000000
65877  -56.378  -60.761  37.436 1.0000000000
65878  -56.038  -60.978  37.442 1.0000000000
65879  -56.476  -60.906  36.947 1.0000000000
65880  -56.535  -61.013  36.437 1.0000000000
65881  -56.932  -60.907  36.562 1.0000000000
65882  -58.297  -60.970  36.098 1.0000000000
65883  -57.868  -61.057  35.888 1.0000000000
65884  -58.370  -61.135  35.619 1.0000000000
65885  -58.415  -61.393  35.180 1.0000000000
71253  -54.166  -63.253  48.233 1.0000000000
71255  -54.178  -62.514  47.221 1.0000000000
71256  -54.287  -62.035  47.317 1.0000000000
78075  -54.569  -61.536  43.925 1.0000000000
78076  -54.461  -62.105  44.473 1.0000000000
78077  -54.498  -62.003  43.903 1.0000000000
78078  -54.485  -62.819  43.331 1.0000000000
78079  -54.458  -62.902  43.854 1.0000000000
78080  -54.424  -63.370  43.869 1.0000000000
78083  -54.437  -62.572  41.284 1.0000000000
78084  -54.496  -62.652  41.828 1.0000000000
78142  -56.662  -61.341  35.592 1.0000000000
78143  -56.188  -61.441  35.505 1.0000000000
78144  -56.647  -61.485  35.137 1.0000000000
78146  -56.704  -61.802  34.071 1.0000000000
95098  -54.133  -63.511  47.127 1.0000000000
95100  -54.174  -63.411  46.570 1.0000000000
95101  -54.256  -63.323  46.034 1.0000000000
95102  -54.306  -63.256  45.541 1.0000000000
95103  -55.232  -61.338  38.502 1.0000000000
95104  -54.885  -61.656  39.069 1.0000000000
95105  -54.854  -61.615  38.496 1.0000000000
95106  -54.443  -61.891  38.473 1.0000000000
95107  -53.982  -62.066  38.418 1.0000000000
95113  -54.187  -61.548  36.033 1.0000000000
95114  -54.714  -61.429  35.579 1.0000000000
95115  -55.237  -61.464  35.188 1.0000000000
99424  -57.289  -59.378  39.353 1.0000000000
99425  -57.462  -59.562  38.870 1.0000000000
99426  -57.106  -59.774  38.743 1.0000000000
99427  -56.765  -60.069  38.646 1.0000000000
99428  -56.418  -60.317  38.578 1.0000000000
99429  -56.907  -60.215  38.137 1.0000000000
99430  -57.006  -60.382  37.618 1.0000000000
99431  -57.164  -60.606  37.150 1.0000000000
99432  -57.306  -60.785  36.658 1.0000000000
99433  -57.658  -60.658  36.819 1.0000000000
99434  -58.156  -60.739  36.522 1.0000000000
99435  -58.651  -60.830  36.276 1.0000000000
106749  -54.723  -61.370  42.853 1.0000000000
106750  -54.534  -61.877  43.335 1.0000000000
106751  -54.615  -61.829  42.849 1.0000000000
106752  -54.549  -62.340  42.894 1.0000000000
106753  -54.498  -62.766  42.864 1.0000000000
106789  -57.577  -61.579  34.864 1.0000000000
106790  -57.141  -61.651  34.730 1.0000000000
116374  -58.470  -59.603  38.223 1.0000000000
116375  -58.636  -59.897  37.787 1.0000000000
116376  -58.790  -60.164  37.298 1.0000000000
122067  -55.063  -61.413  40.774 1.0000000000
122068  -54.828  -61.860  41.352 1.0000000000
122069  -54.850  -61.804  40.766 1.0000000000
122070  -54.622  -62.147  40.744 1.0000000000
122072  -54.580  -62.031  39.642 1.0000000000
131803  -54.536  -61.188  45.075 1.0000000000
131804  -54.436  -61.695  45.054 1.0000000000
131805  -54.603  -61.100  44.493 1.0000000000
131806  -54.684  -61.043  43.900 1.0000000000
131807  -54.760  -60.960  43.352 1.0000000000
131809  -55.001  -60.441  42.773 1.0000000000
131810  -54.857  -60.896  42.807 1.0000000000
131811  -54.928  -60.866  42.271 1.0000000000
131812  -55.012  -60.887  41.757 1.0000000000
131813  -55.132  -60.950  41.249 1.0000000000
131820  -55.633  -60.192  40.695 1.0000000000
131821  -55.427  -60.595  40.724 1.0000000000
131822  -55.235  -60.972  40.746 1.0000000000
131823  -55.350  -61.030  40.230 1.0000000000
131824  -55.462  -61.039  39.666 1.0000000000
131825  -55.531  -61.050  39.094 1.0000000000
131826  -56.136  -60.578  38.583 1.0000000000
131827  -55.858  -60.823  38.560 1.0000000000
131828  -55.601  -61.093  38.541 1.0000000000
131829  -55.603  -61.130  37.983 1.0000000000
131830  -55.656  -61.214  37.442 1.0000000000
131831  -55.683  -61.313  36.940 1.0000000000
131832  -55.687  -61.360  36.425 1.0000000000
131833  -56.126  -61.219  36.468 1.0000000000
131834  -56.617  -61.207  36.048 1.0000000000
131835  -57.099  -61.272  35.658 1.0000000000
131836  -57.395  -60.965  36.224 1.0000000000
131837  -57.464  -61.161  35.753 1.0000000000
131838  -57.528  -61.370  35.281 1.0000000000
131844  -59.158  -61.028  36.030 1.0000000000
131847  -59.249  -61.269  35.564 1.0000000000
138610  -54.138  -63.029  47.184 1.0000000000
138611  -54.194  -62.426  46.698 1.0000000000
138612  -54.304  -61.845  46.169 1.0000000000
138639  -54.474  -61.255  45.589 1.0000000000
146914  -54.385  -62.204  45.044 1.0000000000
146915  -54.363  -62.700  45.012 1.0000000000
146916  -54.373  -63.199  45.019 1.0000000000
146917  -54.479  -62.442  43.866 1.0000000000
146918  -54.422  -63.041  44.418 1.0000000000
146919  -54.384  -63.631  44.989 1.0000000000
146923  -54.613  -62.217  41.880 1.0000000000
146924  -54.505  -62.661  42.349 1.0000000000
146995  -55.711  -61.440  35.890 1.0000000000
146996  -55.740  -61.501  35.345 1.0000000000
146997  -55.745  -61.558  34.824 1.0000000000
146998  -56.681  -61.667  34.593 1.0000000000
146999  -56.229  -61.669  34.450 1.0000000000
147000  -55.705  -61.587  34.301 1.0000000000
147001  -55.684  -61.587  33.712 1.0000000000
65  -45.788  -59.951  34.089 1.0000000000
287  -54.584  -59.718  27.257 1.0000000000
406  -50.317  -66.829  44.588 1.0000000000
768  -54.422  -55.965  21.524 1.0000000000
1222  -43.922  -64.200  35.445 1.0000000000
1669  -49.793  -58.319  30.725 1.0000000000
1671  -48.245  -55.874  24.760 1.0000000000
1672  -47.526  -51.802  18.417 1.0000000000
1907  -46.615  -67.196  40.271 1.0000000000
1908  -47.955  -63.351  39.603 1.0000000000
1910  -52.572  -63.825  40.917 1.0000000000
1911  -50.930  -61.064  35.979 1.0000000000
1912  -55.055  -61.372  32.278 1.0000000000
3142  -44.432  -61.804  35.170 1.0000000000
3145  -44.490  -52.097  9.200 1.0000000000
3742  -52.128  -58.941  28.973 1.0000000000
3743  -48.923  -57.305  27.706 1.0000000000
3744  -51.475  -57.638  26.089 1.0000000000
3745  -54.241  -53.592  18.950 1.0000000000
3746  -50.861  -53.665  20.145 1.0000000000
3748  -47.117  -49.773  15.603 1.0000000000
4187  -49.490  -68.493  45.035 1.0000000000
4189  -48.251  -66.652  42.825 1.0000000000
4190  -47.065  -65.054  40.430 1.0000000000
4191  -49.061  -65.012  42.240 1.0000000000
4198  -51.615  -62.483  38.469 1.0000000000
4199  -53.195  -61.688  36.484 1.0000000000
4200  -52.889  -60.872  34.022 1.0000000000
5990  -54.544  -57.972  24.416 1.0000000000
5992  -57.646  -56.078  20.033 1.0000000000
6256  -49.896  -72.145  47.037 1.0000000000
7735  -47.630  -58.693  32.486 1.0000000000
7736  -44.388  -58.108  30.673 1.0000000000
7737  -46.418  -57.210  29.276 1.0000000000
7740  -51.163  -55.747  23.133 1.0000000000
7741  -47.816  -53.866  21.525 1.0000000000
7744  -44.152  -49.328  12.498 1.0000000000
8332  -45.265  -65.781  37.937 1.0000000000
8333  -45.743  -63.459  37.875 1.0000000000
8334  -46.916  -61.636  36.853 1.0000000000
8340  -51.509  -65.238  42.947 1.0000000000
8341  -50.323  -63.494  40.536 1.0000000000
8342  -49.367  -61.932  37.857 1.0000000000
8343  -48.542  -60.237  35.198 1.0000000000
8344  -50.384  -59.582  33.349 1.0000000000
8345  -52.531  -59.966  31.425 1.0000000000
10822  -45.043  -60.729  34.689 1.0000000000
10823  -43.592  -60.843  33.575 1.0000000000
10824  -44.226  -59.848  33.126 1.0000000000
10825  -45.322  -51.840  8.011 1.0000000000
11422  -53.226  -59.241  28.103 1.0000000000
11423  -51.789  -58.326  27.571 1.0000000000
11424  -53.143  -58.568  26.623 1.0000000000
11426  -52.402  -52.469  18.312 1.0000000000
11867  -49.841  -67.723  44.982 1.0000000000
11868  -48.822  -67.595  44.045 1.0000000000
11869  -49.218  -66.770  43.842 1.0000000000
11870  -48.597  -65.870  42.690 1.0000000000
11871  -49.663  -65.995  43.521 1.0000000000
11878  -53.409  -62.055  37.710 1.0000000000
11880  -54.190  -61.454  35.473 1.0000000000
13828  -57.706  -54.778  18.893 1.0000000000
14265  -49.395  -73.137  47.162 1.0000000000
16987  -48.669  -58.364  31.600 1.0000000000
16988  -47.063  -57.891  30.876 1.0000000000
16989  -48.153  -57.698  30.054 1.0000000000
16990  -48.556  -56.690  26.231 1.0000000000
16991  -47.120  -56.556  26.988 1.0000000000
16992  -46.802  -55.929  25.529 1.0000000000
16994  -46.513  -54.954  23.927 1.0000000000
16995  -54.478  -57.008  22.968 1.0000000000
16996  -52.894  -56.903  23.822 1.0000000000
16997  -52.775  -55.903  22.352 1.0000000000
16999  -49.312  -53.744  20.817 1.0000000000
17000  -47.619  -52.847  19.879 1.0000000000
17001  -46.204  -53.068  20.551 1.0000000000
17002  -46.074  -52.057  18.881 1.0000000000
17006  -45.545  -49.209  14.262 1.0000000000
17008  -44.247  -48.925  10.904 1.0000000000
18322  -48.729  -71.362  44.873 1.0000000000
18325  -47.245  -67.907  41.439 1.0000000000
18331  -45.931  -66.524  39.148 1.0000000000
18332  -47.392  -64.132  40.083 1.0000000000
18333  -46.421  -64.271  39.119 1.0000000000
18334  -46.828  -63.335  38.774 1.0000000000
18335  -46.287  -62.484  37.378 1.0000000000
18336  -47.422  -62.497  38.152 1.0000000000
18352  -52.042  -64.557  41.997 1.0000000000
18353  -50.933  -64.416  41.793 1.0000000000
18354  -51.472  -63.778  40.763 1.0000000000
18355  -51.236  -61.774  37.252 1.0000000000
18356  -50.501  -62.221  38.225 1.0000000000
18357  -50.095  -61.396  36.877 1.0000000000
18358  -48.936  -61.025  36.489 1.0000000000
18359  -49.775  -60.585  35.594 1.0000000000
18360  -49.401  -59.785  34.302 1.0000000000
18361  -50.656  -60.308  34.697 1.0000000000
18362  -53.934  -61.008  33.107 1.0000000000
18363  -52.722  -60.417  32.767 1.0000000000
18364  -53.799  -60.719  31.804 1.0000000000
18365  -53.625  -60.357  30.559 1.0000000000
21105  -43.751  -57.377  28.986 1.0000000000
24088  -44.025  -62.917  35.432 1.0000000000
24089  -43.090  -63.414  33.801 1.0000000000
24090  -43.221  -62.077  33.836 1.0000000000
24093  -43.806  -52.246  10.624 1.0000000000
24095  -45.069  -53.711  9.409 1.0000000000
25168  -50.905  -58.549  29.839 1.0000000000
25169  -49.288  -57.723  29.202 1.0000000000
25170  -50.546  -58.034  28.405 1.0000000000
25171  -50.126  -57.422  26.885 1.0000000000
25172  -49.883  -56.752  25.466 1.0000000000
25173  -54.278  -54.806  20.232 1.0000000000
25174  -52.600  -54.795  20.908 1.0000000000
25175  -52.503  -53.639  19.538 1.0000000000
25176  -50.680  -52.631  18.815 1.0000000000
25969  -49.176  -69.335  44.974 1.0000000000
25971  -48.572  -68.414  43.929 1.0000000000
25972  -47.972  -67.629  42.855 1.0000000000
25973  -47.360  -66.823  41.584 1.0000000000
25974  -46.786  -66.073  40.460 1.0000000000
25975  -47.619  -65.827  41.628 1.0000000000
25976  -48.004  -64.971  41.417 1.0000000000
25977  -48.476  -64.175  40.944 1.0000000000
25987  -53.079  -63.130  39.939 1.0000000000
25988  -52.067  -63.180  39.694 1.0000000000
25989  -52.677  -62.618  38.723 1.0000000000
25990  -52.380  -62.076  37.477 1.0000000000
25991  -52.093  -61.502  36.265 1.0000000000
25992  -51.831  -60.850  34.993 1.0000000000
25993  -53.061  -61.273  35.255 1.0000000000
25994  -54.098  -61.190  34.309 1.0000000000
25995  -55.155  -61.415  33.452 1.0000000000
29336  -54.523  -58.822  25.807 1.0000000000
29338  -56.071  -58.207  23.637 1.0000000000
29339  -56.002  -57.109  22.172 1.0000000000
29341  -57.550  -57.266  21.382 1.0000000000
29342  -55.968  -56.008  20.789 1.0000000000
29343  -55.910  -54.808  19.582 1.0000000000
29344  -55.935  -53.493  18.391 1.0000000000
29957  -49.051  -72.197  46.040 1.0000000000
29958  -49.499  -71.154  45.891 1.0000000000
29960  -50.260  -71.175  46.988 1.0000000000
29961  -49.762  -70.245  45.977 1.0000000000
29962  -50.097  -69.420  46.012 1.0000000000
29963  -50.497  -68.681  46.002 1.0000000000
29964  -50.955  -67.835  45.651 1.0000000000
33613  -46.697  -59.230  33.378 1.0000000000
33614  -45.070  -59.025  32.465 1.0000000000
33615  -46.084  -58.333  31.674 1.0000000000
33616  -45.415  -57.485  30.008 1.0000000000
33617  -44.702  -56.833  28.331 1.0000000000
33618  -47.627  -57.042  28.466 1.0000000000
33619  -45.815  -56.590  27.717 1.0000000000
33624  -52.973  -57.779  25.256 1.0000000000
33625  -51.357  -56.772  24.662 1.0000000000
33626  -49.654  -55.771  23.932 1.0000000000
33627  -50.997  -54.718  21.637 1.0000000000
33628  -49.483  -54.716  22.326 1.0000000000
33629  -48.010  -54.822  23.157 1.0000000000
33630  -46.377  -54.030  22.219 1.0000000000
33638  -43.396  -50.707  12.230 1.0000000000
33639  -43.821  -50.474  10.637 1.0000000000
35286  -44.585  -65.014  36.699 1.0000000000
35287  -46.119  -65.337  39.289 1.0000000000
35288  -45.442  -64.548  38.012 1.0000000000
35289  -44.778  -63.751  36.731 1.0000000000
35290  -45.102  -62.583  36.485 1.0000000000
35291  -45.717  -61.637  36.018 1.0000000000
35292  -46.342  -60.743  35.453 1.0000000000
35310  -50.927  -65.989  43.885 1.0000000000
35311  -50.274  -65.116  42.747 1.0000000000
35312  -49.696  -64.200  41.474 1.0000000000
35313  -49.167  -63.346  40.090 1.0000000000
35314  -50.936  -62.962  39.495 1.0000000000
35315  -49.855  -62.783  39.124 1.0000000000
35316  -48.611  -62.584  38.774 1.0000000000
35317  -48.138  -61.736  37.398 1.0000000000
35318  -47.658  -60.843  36.034 1.0000000000
35319  -47.175  -60.021  34.680 1.0000000000
35320  -48.098  -59.440  33.843 1.0000000000
35321  -49.057  -59.051  33.020 1.0000000000
35322  -50.108  -58.922  32.024 1.0000000000
35323  -51.656  -60.248  33.735 1.0000000000
35324  -51.477  -59.648  32.373 1.0000000000
35325  -51.162  -59.109  31.102 1.0000000000
35326  -52.320  -59.432  30.159 1.0000000000
35327  -53.500  -59.853  29.314 1.0000000000
35328  -54.628  -60.314  28.535 1.0000000000
38640  -43.472  -58.943  31.335 1.0000000000
41542  -45.343  -60.294  34.361 1.0000000000
41543  -44.616  -60.313  33.931 1.0000000000
41544  -44.970  -59.879  33.622 1.0000000000
42142  -53.923  -59.452  27.623 1.0000000000
42143  -53.209  -58.944  27.367 1.0000000000
42144  -53.874  -59.089  26.936 1.0000000000
42587  -50.077  -67.286  44.830 1.0000000000
42588  -49.506  -67.179  44.399 1.0000000000
42589  -49.752  -66.783  44.252 1.0000000000
42590  -49.451  -66.394  43.722 1.0000000000
42591  -49.996  -66.408  44.059 1.0000000000
45907  -43.920  -64.894  35.413 1.0000000000
45909  -43.542  -64.483  34.656 1.0000000000
47707  -49.230  -58.307  31.157 1.0000000000
47708  -48.353  -58.027  30.793 1.0000000000
47709  -49.000  -57.992  30.410 1.0000000000
47710  -48.409  -56.332  25.541 1.0000000000
47711  -47.665  -56.321  25.894 1.0000000000
47712  -47.471  -55.856  25.141 1.0000000000
47713  -46.653  -55.460  24.748 1.0000000000
47714  -47.334  -55.381  24.363 1.0000000000
47715  -54.499  -56.514  22.244 1.0000000000
47716  -53.744  -56.479  22.604 1.0000000000
47717  -53.623  -55.954  21.958 1.0000000000
47719  -48.316  -52.757  19.554 1.0000000000
47720  -47.573  -52.357  19.141 1.0000000000
47721  -46.874  -52.482  19.440 1.0000000000
47722  -46.810  -51.922  18.641 1.0000000000
47723  -45.979  -51.494  18.068 1.0000000000
49050  -45.997  -67.077  39.006 1.0000000000
49051  -46.301  -66.865  39.692 1.0000000000
49052  -47.667  -63.737  39.907 1.0000000000
49053  -47.126  -63.746  39.429 1.0000000000
49054  -47.386  -63.347  39.224 1.0000000000
49055  -47.104  -62.909  38.485 1.0000000000
49056  -47.673  -62.942  38.859 1.0000000000
49072  -52.318  -64.193  41.461 1.0000000000
49073  -51.750  -64.219  41.436 1.0000000000
49074  -52.041  -63.877  40.890 1.0000000000
49075  -51.082  -61.427  36.595 1.0000000000
49076  -50.671  -61.580  37.059 1.0000000000
49077  -50.507  -61.204  36.398 1.0000000000
49078  -49.922  -60.991  36.229 1.0000000000
49079  -50.350  -60.794  35.773 1.0000000000
49080  -50.187  -60.380  35.135 1.0000000000
49081  -50.784  -60.659  35.334 1.0000000000
49082  -54.486  -61.160  32.679 1.0000000000
49083  -53.866  -60.870  32.462 1.0000000000
49084  -54.425  -61.037  32.021 1.0000000000
49085  -54.335  -60.931  31.397 1.0000000000
49086  -54.982  -61.316  31.630 1.0000000000
51825  -43.393  -57.047  28.100 1.0000000000
51826  -42.918  -57.376  28.353 1.0000000000
55507  -44.197  -62.341  35.299 1.0000000000
55508  -43.651  -62.488  34.654 1.0000000000
55509  -43.797  -61.900  34.530 1.0000000000
55510  -43.185  -60.353  32.728 1.0000000000
55511  -42.990  -60.937  32.942 1.0000000000
55515  -44.149  -52.203  9.964 1.0000000000
55517  -44.758  -52.964  9.228 1.0000000000
57307  -51.516  -58.729  29.388 1.0000000000
57308  -50.737  -58.305  29.091 1.0000000000
57309  -51.351  -58.465  28.720 1.0000000000
57310  -51.631  -57.986  26.767 1.0000000000
57311  -50.936  -57.858  27.262 1.0000000000
57312  -50.793  -57.529  26.461 1.0000000000
57313  -49.982  -57.122  26.156 1.0000000000
57314  -50.709  -57.182  25.794 1.0000000000
57315  -54.271  -54.211  19.568 1.0000000000
57316  -53.394  -54.212  19.887 1.0000000000
57317  -53.371  -53.609  19.219 1.0000000000
57319  -51.557  -52.578  18.573 1.0000000000
57320  -50.673  -52.078  18.186 1.0000000000
57321  -49.768  -52.084  18.353 1.0000000000
58642  -49.306  -68.912  45.036 1.0000000000
58643  -48.853  -68.853  44.484 1.0000000000
58644  -49.001  -68.425  44.531 1.0000000000
58645  -48.504  -67.133  43.472 1.0000000000
58646  -48.383  -67.583  43.501 1.0000000000
58647  -48.099  -67.104  42.883 1.0000000000
58648  -47.676  -67.201  42.201 1.0000000000
58649  -47.800  -66.698  42.247 1.0000000000
58650  -47.469  -66.317  41.632 1.0000000000
58651  -47.937  -66.232  42.211 1.0000000000
58652  -48.815  -65.465  42.534 1.0000000000
58653  -48.304  -65.412  42.058 1.0000000000
58654  -48.510  -64.989  41.846 1.0000000000
58655  -48.152  -64.547  41.177 1.0000000000
58656  -48.743  -64.567  41.569 1.0000000000
58673  -52.880  -62.939  39.378 1.0000000000
58675  -53.297  -61.891  37.099 1.0000000000
58676  -52.907  -62.118  37.600 1.0000000000
58677  -52.773  -61.898  36.972 1.0000000000
58678  -52.229  -61.788  36.855 1.0000000000
58679  -52.661  -61.637  36.366 1.0000000000
58680  -52.567  -61.399  35.758 1.0000000000
58681  -53.118  -61.482  35.871 1.0000000000
58683  -54.159  -61.327  34.896 1.0000000000
58685  -54.604  -61.316  33.873 1.0000000000
58686  -55.177  -61.443  34.073 1.0000000000
64513  -56.013  -57.652  22.903 1.0000000000
64514  -56.769  -57.725  22.483 1.0000000000
64520  -57.561  -56.680  20.685 1.0000000000
64521  -56.761  -56.624  21.053 1.0000000000
64522  -56.797  -56.031  20.389 1.0000000000
64523  -55.939  -55.434  20.168 1.0000000000
64524  -56.776  -55.393  19.772 1.0000000000
64525  -57.705  -54.077  18.343 1.0000000000
64526  -56.841  -54.097  18.630 1.0000000000
64527  -56.793  -53.397  18.096 1.0000000000
65837  -49.700  -72.616  47.073 1.0000000000
65838  -49.238  -72.669  46.601 1.0000000000
65839  -49.481  -72.135  46.514 1.0000000000
65840  -49.315  -71.651  45.912 1.0000000000
65841  -49.700  -71.631  46.449 1.0000000000
65848  -50.019  -70.696  46.465 1.0000000000
65849  -50.192  -70.310  46.532 1.0000000000
65850  -49.914  -69.838  46.035 1.0000000000
65855  -50.719  -68.273  45.859 1.0000000000
68610  -42.720  -63.032  33.047 1.0000000000
74002  -47.169  -58.962  32.974 1.0000000000
74003  -46.428  -58.802  32.546 1.0000000000
74004  -46.885  -58.507  32.128 1.0000000000
74005  -46.731  -57.548  30.085 1.0000000000
74006  -46.221  -57.702  30.456 1.0000000000
74007  -45.864  -57.276  29.647 1.0000000000
74008  -45.061  -57.168  29.195 1.0000000000
74009  -45.561  -56.986  28.833 1.0000000000
74010  -49.067  -57.493  28.473 1.0000000000
74011  -48.482  -57.369  28.882 1.0000000000
74012  -48.263  -57.138  28.102 1.0000000000
74013  -46.217  -56.206  26.611 1.0000000000
74014  -46.437  -56.555  27.364 1.0000000000
74015  -45.586  -56.307  26.981 1.0000000000
74025  -54.474  -58.426  25.173 1.0000000000
74026  -53.809  -58.267  25.476 1.0000000000
74027  -53.747  -57.866  24.854 1.0000000000
74028  -52.050  -56.309  23.515 1.0000000000
74029  -52.130  -56.805  24.243 1.0000000000
74030  -51.268  -56.303  23.949 1.0000000000
74031  -50.476  -56.302  24.345 1.0000000000
74032  -50.410  -55.765  23.574 1.0000000000
74033  -51.745  -54.200  20.544 1.0000000000
74034  -51.789  -54.752  21.249 1.0000000000
74035  -50.976  -54.193  20.879 1.0000000000
74036  -48.551  -53.801  21.178 1.0000000000
74037  -49.380  -54.228  21.580 1.0000000000
74038  -48.645  -54.281  21.929 1.0000000000
74039  -48.775  -54.760  22.728 1.0000000000
74040  -47.876  -54.331  22.325 1.0000000000
74041  -47.142  -54.406  22.695 1.0000000000
74042  -47.099  -53.945  21.869 1.0000000000
74043  -45.359  -52.700  20.000 1.0000000000
74057  -46.350  -49.919  15.740 1.0000000000
74058  -44.799  -49.179  13.463 1.0000000000
74059  -44.858  -49.563  14.248 1.0000000000
74060  -44.167  -49.623  13.299 1.0000000000
74061  -43.649  -50.200  13.244 1.0000000000
74062  -43.711  -49.965  12.291 1.0000000000
74063  -43.590  -50.568  11.294 1.0000000000
74064  -43.867  -49.779  11.408 1.0000000000
78034  -44.914  -66.094  37.295 1.0000000000
78035  -44.616  -65.668  36.649 1.0000000000
78036  -44.925  -65.392  37.318 1.0000000000
78037  -46.926  -65.544  40.478 1.0000000000
78038  -46.448  -65.724  39.909 1.0000000000
78039  -46.596  -65.160  39.910 1.0000000000
78040  -46.107  -63.871  38.507 1.0000000000
78041  -45.917  -64.391  38.564 1.0000000000
78042  -45.604  -63.991  37.970 1.0000000000
78043  -45.125  -64.151  37.398 1.0000000000
78044  -45.240  -63.583  37.315 1.0000000000
78045  -44.869  -63.133  36.632 1.0000000000
78046  -45.419  -63.042  37.165 1.0000000000
78047  -46.612  -62.044  37.116 1.0000000000
78048  -46.038  -62.052  36.684 1.0000000000
78049  -46.326  -61.627  36.460 1.0000000000
78050  -46.042  -61.232  35.757 1.0000000000
78051  -46.639  -61.187  36.141 1.0000000000
78096  -51.551  -66.022  43.994 1.0000000000
78097  -51.211  -65.606  43.437 1.0000000000
78098  -50.581  -65.546  43.328 1.0000000000
78099  -50.897  -65.207  42.893 1.0000000000
78100  -50.625  -63.935  41.151 1.0000000000
78101  -50.331  -64.303  41.679 1.0000000000
78102  -50.029  -63.856  41.041 1.0000000000
78103  -49.433  -63.783  40.814 1.0000000000
78104  -49.746  -63.414  40.350 1.0000000000
78105  -51.841  -62.838  39.089 1.0000000000
78106  -51.534  -63.088  39.592 1.0000000000
78107  -51.288  -62.728  38.987 1.0000000000
78108  -49.937  -62.065  38.034 1.0000000000
78109  -50.157  -62.437  38.671 1.0000000000
78110  -49.608  -62.346  38.520 1.0000000000
78111  -49.251  -62.655  38.997 1.0000000000
78112  -49.021  -62.224  38.374 1.0000000000
78113  -48.378  -62.160  38.076 1.0000000000
78114  -48.758  -61.806  37.664 1.0000000000
78115  -48.752  -60.672  35.869 1.0000000000
78116  -48.328  -60.882  36.236 1.0000000000
78117  -48.088  -60.527  35.623 1.0000000000
78118  -47.405  -60.454  35.392 1.0000000000
78119  -47.860  -60.094  34.944 1.0000000000
78120  -47.628  -59.710  34.255 1.0000000000
78121  -48.307  -59.824  34.544 1.0000000000
78122  -49.895  -59.661  33.859 1.0000000000
78123  -49.238  -59.428  33.672 1.0000000000
78124  -49.732  -59.281  33.191 1.0000000000
78125  -49.561  -58.941  32.507 1.0000000000
78126  -50.228  -59.209  32.657 1.0000000000
78127  -52.350  -60.852  34.510 1.0000000000
78128  -51.751  -60.558  34.383 1.0000000000
78129  -52.268  -60.572  33.918 1.0000000000
78130  -52.644  -60.211  32.104 1.0000000000
78131  -52.088  -60.032  32.572 1.0000000000
78132  -52.022  -59.747  31.905 1.0000000000
78133  -51.373  -59.360  31.717 1.0000000000
78134  -51.892  -59.511  31.241 1.0000000000
78135  -51.744  -59.255  30.608 1.0000000000
78136  -52.415  -59.721  30.778 1.0000000000
78137  -54.187  -60.579  30.188 1.0000000000
78138  -53.584  -60.127  29.929 1.0000000000
78139  -54.120  -60.367  29.590 1.0000000000
78140  -54.080  -60.073  28.900 1.0000000000
86355  -44.671  -58.551  31.584 1.0000000000
86356  -44.285  -58.951  31.938 1.0000000000
86357  -43.906  -58.481  31.000 1.0000000000
93208  -44.724  -61.259  34.971 1.0000000000
93209  -43.974  -61.328  34.380 1.0000000000
93210  -44.299  -60.792  34.197 1.0000000000
93211  -43.879  -60.311  33.374 1.0000000000
93212  -43.495  -59.850  32.519 1.0000000000
93213  -44.915  -51.975  8.653 1.0000000000
93215  -45.704  -52.734  8.085 1.0000000000
93216  -46.615  -53.402  7.509 1.0000000000
94288  -52.709  -59.137  28.573 1.0000000000
94289  -51.975  -58.651  28.321 1.0000000000
94290  -52.576  -58.804  27.837 1.0000000000
94291  -52.457  -58.470  27.049 1.0000000000
94292  -52.351  -58.087  26.309 1.0000000000
94293  -54.182  -52.965  18.379 1.0000000000
94294  -53.319  -53.011  18.633 1.0000000000
94295  -53.238  -52.429  18.119 1.0000000000
95089  -49.635  -68.111  45.034 1.0000000000
95090  -49.166  -68.027  44.540 1.0000000000
95091  -49.306  -67.631  44.538 1.0000000000
95092  -48.996  -67.173  43.958 1.0000000000
95093  -48.707  -66.722  43.367 1.0000000000
95094  -48.418  -66.253  42.764 1.0000000000
95095  -48.922  -66.353  43.298 1.0000000000
95096  -49.125  -65.952  43.148 1.0000000000
95097  -49.366  -65.516  42.904 1.0000000000
95110  -53.792  -61.820  37.212 1.0000000000
95111  -53.714  -61.685  36.598 1.0000000000
95112  -53.670  -61.542  35.970 1.0000000000
98618  -57.688  -55.472  19.481 1.0000000000
99406  -49.543  -73.616  47.627 1.0000000000
104305  -48.134  -58.490  32.050 1.0000000000
104306  -47.365  -58.270  31.693 1.0000000000
104307  -47.867  -58.109  31.245 1.0000000000
104308  -47.554  -57.778  30.457 1.0000000000
104309  -47.289  -57.435  29.700 1.0000000000
104310  -48.708  -57.000  26.945 1.0000000000
104311  -48.035  -56.915  27.332 1.0000000000
104312  -47.831  -56.629  26.569 1.0000000000
104313  -46.923  -56.256  26.243 1.0000000000
104314  -46.021  -55.871  25.824 1.0000000000
104316  -45.944  -55.514  25.087 1.0000000000
104317  -45.878  -55.084  24.297 1.0000000000
104319  -54.507  -57.506  23.680 1.0000000000
104320  -53.711  -57.455  24.144 1.0000000000
104321  -53.677  -56.976  23.394 1.0000000000
104322  -52.863  -56.414  23.058 1.0000000000
104323  -51.951  -55.825  22.730 1.0000000000
104324  -49.955  -53.142  19.719 1.0000000000
104325  -50.064  -53.672  20.451 1.0000000000
104326  -49.199  -53.214  20.030 1.0000000000
104327  -48.458  -53.299  20.375 1.0000000000
104328  -47.722  -53.367  20.723 1.0000000000
104329  -47.014  -53.461  21.047 1.0000000000
104330  -46.902  -52.953  20.217 1.0000000000
104331  -46.122  -52.557  19.715 1.0000000000
104337  -46.942  -49.226  14.829 1.0000000000
104338  -46.245  -49.442  14.981 1.0000000000
104339  -46.200  -48.938  14.200 1.0000000000
104340  -45.460  -48.816  13.512 1.0000000000
104341  -44.705  -48.865  12.760 1.0000000000
104342  -44.175  -49.121  11.718 1.0000000000
106724  -45.624  -66.730  38.463 1.0000000000
106725  -45.606  -66.121  38.527 1.0000000000
106726  -47.183  -64.553  40.259 1.0000000000
106727  -46.735  -64.655  39.776 1.0000000000
106728  -46.908  -64.183  39.608 1.0000000000
106729  -46.608  -63.785  38.998 1.0000000000
106730  -46.291  -63.361  38.359 1.0000000000
106731  -45.978  -62.958  37.646 1.0000000000
106732  -46.505  -62.863  38.050 1.0000000000
106733  -46.842  -62.439  37.785 1.0000000000
106734  -47.189  -62.059  37.519 1.0000000000
106763  -51.244  -64.889  42.399 1.0000000000
106764  -51.479  -64.540  41.911 1.0000000000
106765  -51.192  -64.067  41.271 1.0000000000
106766  -50.917  -63.640  40.627 1.0000000000
106767  -51.395  -62.110  37.854 1.0000000000
106768  -51.078  -62.382  38.372 1.0000000000
106769  -50.858  -62.004  37.764 1.0000000000
106770  -50.280  -61.826  37.571 1.0000000000
106771  -49.715  -61.647  37.373 1.0000000000
106772  -49.123  -61.447  37.167 1.0000000000
106773  -49.523  -61.170  36.695 1.0000000000
106774  -49.354  -60.801  36.055 1.0000000000
106775  -49.208  -60.397  35.419 1.0000000000
106776  -48.971  -59.993  34.776 1.0000000000
106777  -49.601  -60.157  34.946 1.0000000000
106778  -50.045  -60.025  34.487 1.0000000000
106779  -50.533  -59.968  34.023 1.0000000000
106780  -53.414  -60.908  33.535 1.0000000000
106781  -52.801  -60.643  33.420 1.0000000000
106782  -53.331  -60.745  32.929 1.0000000000
106783  -53.255  -60.564  32.286 1.0000000000
106784  -53.181  -60.398  31.627 1.0000000000
106785  -53.063  -60.164  30.979 1.0000000000
106786  -53.690  -60.570  31.139 1.0000000000
106787  -54.219  -60.751  30.797 1.0000000000
111717  -44.078  -57.737  29.836 1.0000000000
111718  -43.589  -58.098  30.090 1.0000000000
111719  -43.275  -57.751  29.239 1.0000000000
117646  -43.950  -63.543  35.506 1.0000000000
117647  -43.494  -63.804  34.638 1.0000000000
117648  -43.542  -63.125  34.676 1.0000000000
117649  -43.141  -62.721  33.918 1.0000000000
117650  -42.722  -62.334  33.077 1.0000000000
117651  -43.372  -61.436  33.724 1.0000000000
117652  -42.777  -61.629  33.007 1.0000000000
120166  -50.339  -58.415  30.274 1.0000000000
120167  -49.565  -58.028  29.956 1.0000000000
120168  -50.136  -58.142  29.505 1.0000000000
120169  -49.923  -57.896  28.771 1.0000000000
120170  -49.717  -57.635  28.066 1.0000000000
120171  -51.161  -58.176  28.020 1.0000000000
120172  -50.334  -57.732  27.690 1.0000000000
120173  -49.495  -57.347  27.320 1.0000000000
120174  -49.344  -57.054  26.581 1.0000000000
120175  -49.211  -56.733  25.854 1.0000000000
120176  -49.108  -56.349  25.124 1.0000000000
120177  -54.348  -55.405  20.871 1.0000000000
120178  -53.530  -55.392  21.245 1.0000000000
120179  -53.441  -54.824  20.599 1.0000000000
120180  -52.528  -54.231  20.235 1.0000000000
120181  -51.678  -53.660  19.844 1.0000000000
120182  -52.465  -53.060  18.894 1.0000000000
120183  -51.625  -53.112  19.178 1.0000000000
120184  -50.769  -53.158  19.463 1.0000000000
120191  -47.949  -50.146  16.121 1.0000000000
122037  -48.789  -69.318  44.366 1.0000000000
122038  -48.519  -68.890  43.851 1.0000000000
122040  -48.713  -68.014  44.040 1.0000000000
122041  -48.290  -68.025  43.425 1.0000000000
122042  -47.901  -68.109  42.755 1.0000000000
122043  -47.597  -67.734  42.145 1.0000000000
122044  -47.272  -67.307  41.463 1.0000000000
122045  -46.980  -66.996  40.941 1.0000000000
122046  -46.677  -66.653  40.415 1.0000000000
122047  -47.078  -66.461  41.035 1.0000000000
122048  -47.197  -65.906  41.045 1.0000000000
122049  -47.366  -65.443  41.048 1.0000000000
122050  -48.103  -65.815  42.180 1.0000000000
122051  -47.811  -65.373  41.571 1.0000000000
122052  -47.510  -64.978  40.915 1.0000000000
122053  -47.677  -64.536  40.728 1.0000000000
122054  -47.909  -64.137  40.530 1.0000000000
122055  -48.234  -63.760  40.318 1.0000000000
122077  -52.831  -63.483  40.422 1.0000000000
122078  -52.316  -63.531  40.308 1.0000000000
122079  -52.574  -63.246  39.805 1.0000000000
122080  -52.354  -62.903  39.202 1.0000000000
122081  -52.123  -62.566  38.557 1.0000000000
122083  -52.513  -62.340  38.094 1.0000000000
122084  -51.957  -62.243  37.953 1.0000000000
122085  -51.813  -61.936  37.348 1.0000000000
122086  -51.655  -61.609  36.716 1.0000000000
122087  -51.507  -61.268  36.114 1.0000000000
122088  -51.355  -60.888  35.494 1.0000000000
122089  -51.954  -61.152  35.623 1.0000000000
122090  -52.436  -61.099  35.120 1.0000000000
122091  -52.967  -61.057  34.633 1.0000000000
122092  -53.623  -61.356  35.358 1.0000000000
122093  -53.573  -61.187  34.772 1.0000000000
122094  -53.494  -61.045  34.146 1.0000000000
122095  -54.012  -61.117  33.704 1.0000000000
122096  -54.541  -61.237  33.287 1.0000000000
122097  -55.095  -61.386  32.879 1.0000000000
130094  -54.526  -59.257  26.534 1.0000000000
130096  -55.240  -58.986  25.437 1.0000000000
130097  -55.251  -58.553  24.716 1.0000000000
130100  -55.325  -58.080  23.954 1.0000000000
130101  -55.264  -57.579  23.294 1.0000000000
130102  -55.216  -57.054  22.594 1.0000000000
130103  -55.210  -56.538  21.863 1.0000000000
130109  -57.510  -57.831  22.093 1.0000000000
130110  -56.775  -57.197  21.766 1.0000000000
130111  -55.949  -56.567  21.450 1.0000000000
130112  -55.175  -55.981  21.145 1.0000000000
130113  -55.135  -55.412  20.513 1.0000000000
130114  -55.084  -54.855  19.911 1.0000000000
130115  -55.119  -54.226  19.284 1.0000000000
130116  -56.802  -54.781  19.236 1.0000000000
130117  -55.984  -54.208  18.982 1.0000000000
130118  -55.095  -53.583  18.686 1.0000000000
130119  -55.042  -52.913  18.119 1.0000000000
131779  -48.997  -73.215  46.638 1.0000000000
131780  -48.834  -72.759  46.087 1.0000000000
131781  -48.675  -72.325  45.514 1.0000000000
131782  -48.910  -71.783  45.446 1.0000000000
131783  -49.115  -71.247  45.398 1.0000000000
131784  -49.261  -70.720  45.360 1.0000000000
131790  -50.097  -71.640  47.017 1.0000000000
131791  -49.884  -71.148  46.448 1.0000000000
131792  -49.633  -70.678  45.913 1.0000000000
131794  -49.467  -69.786  45.483 1.0000000000
131795  -49.624  -69.382  45.526 1.0000000000
131796  -49.796  -68.966  45.533 1.0000000000
131798  -50.310  -69.030  46.053 1.0000000000
131799  -49.974  -68.569  45.529 1.0000000000
131800  -50.148  -68.213  45.501 1.0000000000
131801  -50.402  -67.815  45.405 1.0000000000
131802  -50.636  -67.324  45.145 1.0000000000
141967  -46.236  -59.564  33.747 1.0000000000
141968  -45.414  -59.471  33.287 1.0000000000
141969  -45.901  -59.130  32.967 1.0000000000
141970  -45.564  -58.670  32.087 1.0000000000
141971  -45.208  -58.177  31.182 1.0000000000
141972  -46.551  -58.070  31.292 1.0000000000
141973  -45.721  -57.908  30.819 1.0000000000
141974  -44.886  -57.804  30.350 1.0000000000
141975  -44.579  -57.430  29.548 1.0000000000
141976  -44.221  -57.103  28.713 1.0000000000
141977  -43.845  -56.754  27.807 1.0000000000
141978  -48.785  -57.667  29.644 1.0000000000
141979  -47.973  -57.332  29.277 1.0000000000
141980  -47.009  -57.104  28.870 1.0000000000
141981  -47.351  -56.832  27.731 1.0000000000
141982  -46.686  -56.796  28.091 1.0000000000
141983  -46.108  -56.891  28.491 1.0000000000
141984  -45.244  -56.673  28.040 1.0000000000
141985  -44.366  -56.505  27.505 1.0000000000
141996  -53.832  -58.676  26.194 1.0000000000
141997  -53.081  -58.173  25.886 1.0000000000
141998  -52.227  -57.723  25.679 1.0000000000
141999  -52.941  -57.340  24.548 1.0000000000
142000  -52.184  -57.276  24.964 1.0000000000
142001  -51.437  -57.229  25.392 1.0000000000
142002  -50.625  -56.754  25.077 1.0000000000
142003  -49.732  -56.290  24.712 1.0000000000
142004  -48.966  -55.840  24.343 1.0000000000
142005  -52.682  -55.365  21.638 1.0000000000
142006  -51.858  -55.300  21.995 1.0000000000
142007  -51.066  -55.248  22.388 1.0000000000
142008  -50.153  -54.190  21.232 1.0000000000
142009  -50.200  -54.721  22.045 1.0000000000
142010  -50.308  -55.228  22.769 1.0000000000
142011  -49.583  -55.241  23.142 1.0000000000
142012  -48.859  -55.287  23.540 1.0000000000
142013  -48.129  -55.373  23.981 1.0000000000
142014  -47.239  -54.888  23.567 1.0000000000
142015  -46.436  -54.461  23.031 1.0000000000
142017  -46.333  -53.572  21.393 1.0000000000
142035  -45.564  -49.694  15.108 1.0000000000
142041  -43.483  -51.402  11.280 1.0000000000
142042  -43.749  -51.380  10.615 1.0000000000
142043  -44.022  -51.294  9.962 1.0000000000
142044  -44.000  -49.635  10.743 1.0000000000
142045  -44.005  -50.290  9.960 1.0000000000
142046  -44.326  -51.105  9.252 1.0000000000
142047  -44.679  -51.046  8.611 1.0000000000
146866  -44.350  -65.957  36.025 1.0000000000
146867  -44.264  -65.285  36.043 1.0000000000
146868  -44.230  -64.628  36.078 1.0000000000
146869  -46.326  -66.316  39.842 1.0000000000
146870  -46.014  -65.927  39.247 1.0000000000
146871  -45.686  -65.500  38.615 1.0000000000
146872  -46.248  -64.778  39.247 1.0000000000
146873  -45.725  -64.942  38.648 1.0000000000
146874  -45.332  -65.140  37.997 1.0000000000
146875  -44.989  -64.741  37.383 1.0000000000
146876  -44.641  -64.379  36.746 1.0000000000
146877  -44.324  -63.966  36.124 1.0000000000
146878  -44.409  -63.330  36.075 1.0000000000
146879  -44.551  -62.728  35.965 1.0000000000
146880  -44.774  -62.178  35.816 1.0000000000
146881  -45.702  -62.539  36.966 1.0000000000
146882  -45.396  -62.075  36.265 1.0000000000
146883  -45.063  -61.673  35.624 1.0000000000
146884  -45.401  -61.224  35.361 1.0000000000
146885  -45.706  -60.760  35.071 1.0000000000
146886  -46.057  -60.337  34.755 1.0000000000
146913  -50.934  -66.888  44.853 1.0000000000
146939  -51.247  -66.462  44.471 1.0000000000
146940  -50.608  -66.450  44.331 1.0000000000
146941  -50.273  -65.985  43.750 1.0000000000
146942  -49.972  -65.520  43.165 1.0000000000
146943  -49.668  -65.056  42.558 1.0000000000
146944  -50.607  -64.756  42.282 1.0000000000
146945  -49.969  -64.647  42.130 1.0000000000
146946  -49.363  -64.574  41.873 1.0000000000
146947  -49.087  -64.156  41.238 1.0000000000
146948  -48.832  -63.759  40.567 1.0000000000
146949  -48.552  -63.344  39.875 1.0000000000
146950  -51.783  -63.462  40.212 1.0000000000
146951  -51.220  -63.365  40.104 1.0000000000
146952  -50.668  -63.273  40.033 1.0000000000
146953  -50.698  -62.569  38.847 1.0000000000
146954  -50.400  -62.865  39.347 1.0000000000
146955  -50.086  -63.140  39.854 1.0000000000
146956  -49.517  -63.034  39.645 1.0000000000
146957  -48.882  -62.988  39.448 1.0000000000
146958  -48.266  -62.961  39.192 1.0000000000
146959  -48.003  -62.523  38.445 1.0000000000
146960  -47.771  -62.093  37.786 1.0000000000
146961  -47.528  -61.663  37.106 1.0000000000
146962  -48.520  -61.317  36.928 1.0000000000
146963  -47.906  -61.249  36.646 1.0000000000
146964  -47.256  -61.203  36.421 1.0000000000
146965  -46.996  -60.792  35.777 1.0000000000
146966  -46.738  -60.364  35.079 1.0000000000
146967  -46.494  -59.962  34.399 1.0000000000
146968  -46.933  -59.616  34.023 1.0000000000
146969  -47.404  -59.324  33.597 1.0000000000
146970  -47.875  -59.088  33.221 1.0000000000
146971  -48.758  -59.614  34.120 1.0000000000
146972  -48.569  -59.252  33.521 1.0000000000
146973  -48.360  -58.874  32.793 1.0000000000
146974  -48.860  -58.699  32.310 1.0000000000
146975  -49.391  -58.608  31.820 1.0000000000
146976  -49.960  -58.617  31.383 1.0000000000
146977  -51.254  -60.583  34.868 1.0000000000
146978  -51.150  -60.262  34.213 1.0000000000
146979  -51.035  -59.918  33.524 1.0000000000
146980  -52.173  -60.294  33.262 1.0000000000
146981  -51.539  -59.906  33.048 1.0000000000
146982  -50.920  -59.584  32.847 1.0000000000
146983  -50.830  -59.292  32.181 1.0000000000
146984  -50.663  -58.986  31.567 1.0000000000
146985  -50.486  -58.715  30.927 1.0000000000
146986  -51.034  -58.839  30.464 1.0000000000
146987  -51.628  -58.983  29.996 1.0000000000
146988  -52.226  -59.170  29.548 1.0000000000
146989  -52.970  -59.918  30.363 1.0000000000
146990  -52.904  -59.634  29.734 1.0000000000
146991  -52.823  -59.394  29.150 1.0000000000
146992  -53.400  -59.576  28.704 1.0000000000
146993  -53.981  -59.773  28.277 1.0000000000
146994  -54.606  -60.013  27.880 1.0000000000
156876  -44.629  -59.403  32.796 1.0000000000
156877  -43.889  -59.380  32.262 1.0000000000
156878  -43.116  -59.400  31.689 1.0000000000
