#!ascii label  , from subject fsaverage vox2ras=TkReg
1880
312  56.321  -62.933  46.596 0.3103448276
585  58.319  -54.586  31.738 0.4137931034
792  54.303  -67.469  47.529 0.2068965517
793  52.220  -64.761  42.799 0.4137931034
1714  56.137  -57.362  44.664 0.3448275862
2711  53.901  -68.097  51.113 0.2068965517
2713  52.053  -68.335  45.460 0.2413793103
3813  56.950  -63.599  49.799 0.1724137931
3815  57.278  -60.695  48.803 0.2068965517
3816  56.725  -57.808  47.567 0.3103448276
3817  56.469  -60.090  45.763 0.1724137931
3818  55.169  -59.264  43.445 0.4137931034
3819  54.821  -61.785  44.380 0.3793103448
5339  58.339  -54.405  29.538 0.3448275862
6033  55.932  -66.113  50.496 0.1724137931
6034  55.891  -65.337  46.909 0.3103448276
6035  54.299  -64.084  44.772 0.4137931034
6036  53.532  -66.068  44.838 0.2413793103
6947  58.407  -54.205  33.926 0.3103448276
7838  56.657  -55.289  48.609 0.2413793103
7839  56.344  -54.908  45.733 0.3793103448
7842  55.383  -56.591  42.259 0.4827586207
7845  52.799  -62.800  42.911 0.4827586207
10391  52.232  -69.721  49.687 0.2068965517
11493  56.955  -63.302  48.198 0.2413793103
11495  57.138  -61.881  47.716 0.2068965517
11496  57.010  -60.450  47.258 0.1379310345
11497  56.556  -61.481  46.172 0.2413793103
11498  55.830  -61.061  45.045 0.2758620690
11499  55.633  -62.389  45.401 0.3448275862
13000  57.493  -52.075  53.628 0.0689655172
13015  59.553  -54.953  32.440 0.3103448276
13019  58.302  -54.562  30.608 0.3103448276
13893  54.242  -67.913  49.395 0.2068965517
13894  54.945  -67.215  50.837 0.1379310345
13895  55.281  -66.933  49.076 0.2758620690
13896  56.182  -65.831  48.688 0.2758620690
13897  55.171  -66.508  47.209 0.2758620690
13898  54.630  -65.735  45.888 0.2758620690
13899  54.055  -66.810  46.097 0.2413793103
15417  59.349  -53.750  35.441 0.3103448276
15418  59.509  -54.303  34.451 0.2758620690
15419  58.320  -53.862  34.993 0.4137931034
17206  56.886  -55.457  50.240 0.1724137931
17207  56.831  -56.668  49.635 0.1724137931
17208  56.447  -57.622  46.103 0.3448275862
17209  56.478  -56.410  46.710 0.3103448276
17210  56.223  -56.149  45.231 0.3793103448
17212  56.036  -55.960  43.744 0.3793103448
17214  55.737  -57.029  43.420 0.3793103448
17215  54.281  -60.031  42.886 0.4827586207
17216  54.554  -58.719  42.342 0.5862068966
17220  53.250  -64.434  43.841 0.4482758621
17221  53.496  -63.433  43.847 0.4482758621
17222  52.532  -63.810  42.891 0.4482758621
23311  53.462  -68.241  52.812 0.1379310345
23312  52.964  -68.873  51.103 0.1724137931
23313  53.254  -68.780  49.635 0.2068965517
23314  53.297  -68.510  47.910 0.2413793103
23315  53.125  -67.964  46.452 0.2413793103
25297  56.926  -62.205  50.832 0.1379310345
25298  57.191  -60.799  50.334 0.1724137931
25301  57.033  -59.268  48.172 0.2413793103
25302  56.755  -59.096  46.791 0.2068965517
25303  56.254  -58.693  45.249 0.3448275862
25304  55.809  -58.362  44.034 0.4137931034
25305  55.812  -59.686  44.526 0.3103448276
25306  54.985  -60.586  43.912 0.4137931034
25307  53.994  -61.223  43.374 0.4482758621
28043  58.411  -54.080  28.400 0.3448275862
29438  56.541  -64.876  50.250 0.1379310345
29439  56.641  -64.605  48.409 0.2758620690
29440  56.112  -64.125  46.744 0.2758620690
29441  55.421  -63.615  45.685 0.3448275862
29442  55.047  -64.720  45.749 0.3448275862
29443  53.987  -65.115  44.804 0.3448275862
29444  52.927  -65.427  43.782 0.3448275862
29445  52.892  -67.198  45.089 0.2758620690
29446  52.465  -66.479  43.894 0.3103448276
31542  57.851  -51.970  52.022 0.1034482759
31570  59.547  -54.632  33.454 0.2758620690
31571  58.344  -54.426  32.816 0.3448275862
33890  57.120  -54.245  50.892 0.1379310345
33891  56.911  -54.004  49.237 0.1724137931
33892  56.641  -53.827  47.585 0.2758620690
33893  56.640  -56.506  48.054 0.2758620690
33894  56.498  -55.058  47.108 0.3103448276
33895  56.435  -53.633  46.051 0.3103448276
33903  55.286  -57.919  42.902 0.5172413793
33904  54.754  -57.422  41.743 0.6206896552
33909  54.633  -63.019  44.700 0.4137931034
33910  53.789  -62.366  43.698 0.4827586207
33911  52.983  -61.695  42.731 0.4482758621
35592  51.820  -69.863  52.511 0.1379310345
39378  58.162  -50.726  52.306 0.0689655172
39449  58.973  -52.244  23.742 0.1724137931
39457  57.118  -53.946  33.415 0.4482758621
39458  57.144  -54.079  32.270 0.4482758621
39467  57.157  -54.091  31.093 0.4482758621
39468  57.135  -53.975  30.012 0.3448275862
41642  59.805  -51.552  22.075 0.1724137931
42213  56.731  -63.090  47.342 0.2413793103
42214  57.065  -62.629  47.928 0.2068965517
42215  56.823  -62.416  47.133 0.2413793103
42216  56.888  -61.723  46.933 0.2413793103
42217  56.508  -62.207  46.362 0.3103448276
42218  56.128  -61.964  45.767 0.2758620690
42219  56.008  -62.659  45.971 0.3103448276
43735  58.957  -54.826  32.097 0.3793103448
43738  58.889  -54.840  30.955 0.3448275862
43739  58.317  -54.603  31.202 0.3793103448
44613  54.314  -67.739  48.475 0.2068965517
44614  54.766  -67.427  49.254 0.2413793103
44615  54.804  -67.222  48.352 0.2068965517
44616  55.288  -66.756  48.081 0.2758620690
44617  54.757  -66.993  47.388 0.2413793103
44618  54.618  -66.669  46.650 0.2758620690
44619  54.209  -67.154  46.823 0.2068965517
46136  59.206  -53.464  35.898 0.2758620690
46137  58.768  -53.632  35.725 0.3793103448
46138  58.861  -53.846  35.226 0.3793103448
47926  56.878  -56.704  50.407 0.1379310345
47927  56.900  -57.354  50.075 0.1724137931
47928  56.287  -57.480  45.406 0.3448275862
47929  56.324  -56.883  45.674 0.4137931034
47930  56.197  -56.771  44.946 0.4137931034
47931  56.138  -56.047  44.491 0.4137931034
47932  56.092  -56.675  44.218 0.3793103448
47933  55.889  -56.521  43.603 0.3793103448
47934  55.941  -57.195  44.016 0.3793103448
47935  53.771  -60.344  42.630 0.5517241379
47936  53.950  -59.728  42.349 0.5517241379
47937  53.456  -59.991  42.061 0.5172413793
47940  52.757  -64.556  43.330 0.4482758621
47941  52.883  -64.122  43.371 0.4482758621
47942  52.383  -64.285  42.832 0.4827586207
54214  52.737  -69.258  49.664 0.1724137931
54215  52.823  -69.146  48.884 0.2068965517
54216  53.312  -68.671  48.780 0.1724137931
54217  52.802  -68.993  47.966 0.2413793103
57521  57.308  -61.401  49.073 0.1724137931
57522  57.258  -61.446  49.839 0.1724137931
57523  57.310  -60.781  49.586 0.1724137931
57525  57.216  -60.061  49.241 0.2068965517
57527  57.172  -59.987  48.501 0.2068965517
57528  56.774  -60.263  46.496 0.2068965517
57529  56.889  -59.747  47.031 0.2068965517
57530  56.654  -59.579  46.274 0.1724137931
57531  56.518  -58.908  46.036 0.2413793103
57532  56.362  -59.375  45.524 0.2068965517
57533  56.076  -59.207  44.886 0.2758620690
57534  56.133  -59.896  45.155 0.2413793103
57535  55.367  -61.394  44.672 0.3448275862
57536  55.409  -60.818  44.442 0.3448275862
57537  54.934  -61.169  44.157 0.3793103448
57538  54.494  -60.944  43.678 0.4137931034
57539  54.434  -61.558  43.916 0.4137931034
62099  58.388  -54.242  28.980 0.3103448276
64718  53.712  -68.166  51.930 0.1724137931
64719  53.920  -67.808  52.709 0.1379310345
64720  54.162  -67.756  51.864 0.1379310345
64721  55.462  -66.726  50.664 0.1724137931
64722  55.121  -66.793  51.563 0.1379310345
64724  55.613  -65.624  52.173 0.0689655172
64725  55.963  -65.580  51.299 0.1034482759
64727  56.229  -65.504  50.409 0.1724137931
64728  56.074  -65.604  47.786 0.2758620690
64729  56.423  -65.243  48.548 0.2758620690
64730  56.307  -65.005  47.672 0.2758620690
64731  56.466  -64.390  47.543 0.2758620690
64732  56.006  -64.723  46.816 0.3103448276
64733  55.547  -64.439  46.226 0.3103448276
64734  55.483  -65.019  46.312 0.3103448276
64735  54.084  -65.912  45.349 0.2758620690
64736  54.324  -65.427  45.331 0.2758620690
64737  53.754  -65.579  44.820 0.2758620690
64738  53.399  -65.248  44.283 0.3103448276
64739  53.189  -65.745  44.329 0.3103448276
64740  52.579  -68.137  45.940 0.2413793103
64744  52.193  -67.070  44.018 0.3103448276
64746  52.182  -66.132  43.315 0.3103448276
69295  58.977  -54.259  34.182 0.2758620690
69296  59.515  -54.474  33.923 0.2758620690
69297  58.964  -54.412  33.653 0.2758620690
69298  58.922  -54.542  33.109 0.2758620690
69299  58.372  -54.302  33.391 0.3103448276
74629  55.588  -54.865  54.984 0.0344827586
74656  57.126  -54.354  51.782 0.1034482759
74657  57.020  -54.952  51.452 0.1379310345
74658  56.766  -55.382  49.415 0.2068965517
74659  56.871  -54.753  49.716 0.1724137931
74660  56.760  -54.638  48.933 0.1724137931
74661  56.788  -53.899  48.398 0.2413793103
74662  56.651  -54.515  48.150 0.2758620690
74663  56.812  -57.868  48.200 0.2068965517
74664  56.756  -57.217  48.507 0.2413793103
74665  56.654  -57.164  47.836 0.3103448276
74666  56.375  -55.642  46.278 0.3103448276
74667  56.478  -55.718  46.922 0.3103448276
74668  56.417  -54.980  46.426 0.3103448276
74669  56.448  -54.342  46.601 0.3103448276
74670  56.376  -54.274  45.882 0.3103448276
74680  55.616  -56.179  42.439 0.3793103448
74684  55.192  -56.376  41.653 0.5172413793
74685  55.529  -58.854  43.744 0.4482758621
74686  55.535  -58.147  43.470 0.4137931034
74687  55.235  -58.583  43.187 0.4482758621
74688  54.271  -58.439  41.774 0.6206896552
74689  54.685  -58.061  42.055 0.6206896552
74690  54.370  -57.791  41.465 0.6551724138
74691  54.489  -57.158  41.170 0.6206896552
74700  54.855  -63.869  45.218 0.3793103448
74701  55.009  -63.309  45.170 0.3793103448
74702  54.471  -63.526  44.753 0.4482758621
74703  53.129  -63.124  43.369 0.4137931034
74704  53.684  -62.914  43.796 0.4482758621
74705  53.283  -62.571  43.315 0.4482758621
74706  53.405  -62.044  43.238 0.4482758621
74707  52.896  -62.259  42.843 0.4827586207
78789  51.631  -70.072  53.170 0.1379310345
88202  58.024  -51.317  52.204 0.0689655172
88203  58.303  -50.691  51.454 0.1034482759
88379  58.874  -52.532  24.382 0.1724137931
88401  57.137  -54.038  32.850 0.4482758621
88424  56.550  -53.845  31.391 0.4482758621
88425  56.531  -53.802  30.839 0.4482758621
88426  57.145  -54.056  30.553 0.4137931034
88427  56.504  -53.758  30.310 0.3793103448
92431  52.113  -69.696  50.479 0.1724137931
94415  57.022  -63.481  49.001 0.2413793103
94417  57.148  -62.816  48.789 0.2068965517
94418  57.259  -62.075  48.524 0.2068965517
94419  57.309  -61.267  48.280 0.1724137931
94420  57.219  -60.583  48.037 0.1724137931
94421  57.106  -61.164  47.490 0.1379310345
94422  56.842  -60.997  46.715 0.2413793103
94423  56.533  -60.782  45.980 0.2758620690
94424  56.187  -60.608  45.423 0.2758620690
94425  56.202  -61.273  45.603 0.2758620690
94426  55.754  -61.712  45.220 0.3448275862
94427  55.206  -62.091  44.903 0.3793103448
97163  58.313  -54.488  30.057 0.3103448276
98735  54.094  -68.039  50.281 0.2068965517
98736  54.409  -67.661  50.998 0.2068965517
98737  54.625  -67.557  50.126 0.2068965517
98738  55.193  -67.095  49.978 0.2068965517
98739  55.685  -66.579  49.832 0.2413793103
98740  56.092  -66.010  49.645 0.2413793103
98741  55.763  -66.429  48.846 0.2758620690
98742  55.727  -66.203  47.908 0.2758620690
98743  55.517  -65.930  46.998 0.2758620690
98744  55.223  -65.558  46.394 0.3103448276
98745  54.932  -66.112  46.503 0.2758620690
98746  54.406  -66.294  45.952 0.2758620690
98747  53.814  -66.412  45.393 0.2413793103
101478  59.811  -53.576  35.625 0.2758620690
101479  59.930  -53.914  35.187 0.2758620690
101480  60.011  -54.226  34.705 0.3103448276
101481  59.444  -54.017  34.951 0.3448275862
101482  58.937  -54.083  34.704 0.3793103448
101483  58.370  -54.064  34.456 0.4137931034
104698  56.939  -55.595  51.117 0.1379310345
104699  56.886  -56.093  50.740 0.1724137931
104700  56.834  -56.069  49.956 0.1724137931
104701  56.735  -55.983  49.135 0.2413793103
104702  56.585  -57.727  46.828 0.3103448276
104703  56.589  -57.120  47.158 0.3103448276
104704  56.458  -57.012  46.372 0.3448275862
104705  56.327  -56.256  45.967 0.3793103448
104706  56.291  -55.520  45.508 0.3448275862
104708  56.207  -55.413  44.771 0.3793103448
104709  56.114  -55.341  44.019 0.3793103448
104712  55.898  -55.831  43.173 0.3448275862
104713  55.710  -56.369  43.026 0.3793103448
104714  55.567  -56.840  42.826 0.4137931034
104715  54.754  -59.657  43.145 0.4827586207
104716  54.858  -58.963  42.896 0.5172413793
104717  54.405  -59.380  42.613 0.5172413793
104718  54.096  -59.097  42.063 0.5517241379
104724  53.757  -64.295  44.333 0.4482758621
104725  53.907  -63.712  44.320 0.4482758621
104726  53.375  -63.955  43.858 0.4482758621
104727  52.991  -63.652  43.389 0.4137931034
104728  52.651  -63.323  42.924 0.4827586207
107177  51.182  -70.526  52.949 0.1379310345
115833  53.260  -68.552  51.951 0.2068965517
115834  53.492  -68.482  51.122 0.2068965517
115836  53.117  -68.847  50.377 0.2068965517
115837  53.613  -68.455  50.354 0.2068965517
115838  53.733  -68.369  49.541 0.2068965517
115839  53.810  -68.215  48.638 0.2068965517
115840  53.825  -67.971  47.670 0.2068965517
115841  53.708  -67.708  46.961 0.2068965517
115842  53.224  -68.256  47.152 0.2413793103
115843  52.672  -68.501  46.617 0.2413793103
117967  59.106  -52.226  37.262 0.3103448276
117969  58.946  -52.954  36.786 0.3448275862
120464  56.568  -62.314  51.531 0.1379310345
120466  57.127  -62.160  50.115 0.1379310345
120474  56.973  -58.590  48.551 0.2068965517
120475  56.902  -58.538  47.882 0.2413793103
120477  56.924  -59.223  47.523 0.2068965517
120478  56.775  -58.507  47.213 0.2758620690
120479  56.588  -58.370  46.491 0.2758620690
120480  56.393  -58.221  45.762 0.3103448276
120481  56.186  -58.033  45.004 0.3448275862
120482  55.995  -57.862  44.368 0.3448275862
120483  56.032  -58.545  44.638 0.3448275862
120484  55.819  -59.051  44.305 0.3793103448
120485  55.486  -59.508  43.983 0.4137931034
120486  55.833  -60.412  44.840 0.2758620690
120487  55.443  -60.175  44.214 0.3103448276
120488  55.084  -59.927  43.679 0.4137931034
120489  54.616  -60.312  43.409 0.4482758621
120490  54.095  -60.648  43.157 0.4482758621
120491  53.602  -60.916  42.868 0.4482758621
130364  54.657  -67.279  51.752 0.1034482759
130372  56.785  -64.246  50.023 0.1379310345
130373  56.418  -65.413  49.459 0.2413793103
130374  56.670  -64.821  49.297 0.1724137931
130375  56.890  -64.105  49.128 0.2413793103
130376  56.823  -63.954  48.299 0.2413793103
130377  56.624  -63.735  47.504 0.2758620690
130378  56.263  -63.536  46.683 0.3103448276
130379  55.896  -63.298  46.126 0.3448275862
130380  55.768  -63.870  46.203 0.3448275862
130381  55.204  -64.168  45.705 0.3448275862
130382  54.661  -64.413  45.229 0.3793103448
130383  54.901  -65.243  45.821 0.3103448276
130384  54.562  -64.952  45.290 0.3448275862
130385  54.154  -64.622  44.788 0.3793103448
130386  53.592  -64.788  44.291 0.3793103448
130387  53.102  -64.917  43.805 0.3793103448
130388  52.607  -65.097  43.284 0.3793103448
130390  53.449  -66.947  45.529 0.2758620690
130391  53.249  -66.599  44.931 0.2758620690
130392  52.372  -67.385  44.515 0.2758620690
130393  52.746  -66.830  44.495 0.3103448276
130394  52.977  -66.279  44.411 0.3103448276
130395  52.693  -65.934  43.808 0.3103448276
130396  52.404  -65.609  43.269 0.3103448276
130397  52.047  -65.254  42.788 0.3103448276
136079  57.446  -53.304  52.435 0.1034482759
136080  57.599  -52.672  52.671 0.0689655172
136161  59.552  -54.781  32.967 0.2758620690
136162  58.942  -54.678  32.605 0.4137931034
136163  58.344  -54.544  32.232 0.3793103448
142769  57.003  -54.879  50.580 0.1379310345
142775  56.871  -57.281  49.262 0.1724137931
142776  56.780  -56.518  48.834 0.2413793103
142777  56.624  -55.884  48.293 0.2758620690
142778  56.566  -56.469  47.375 0.3103448276
142779  56.554  -55.798  47.578 0.3103448276
142780  56.576  -55.173  47.820 0.3103448276
142781  56.533  -54.431  47.320 0.3103448276
142782  56.492  -53.706  46.790 0.3103448276
142803  55.778  -57.678  43.738 0.3448275862
142804  55.537  -57.489  43.150 0.4827586207
142805  55.322  -57.270  42.575 0.4482758621
142806  55.001  -58.312  42.657 0.5517241379
142807  55.062  -57.686  42.340 0.5862068966
142808  55.112  -57.005  42.013 0.5517241379
142809  54.847  -56.757  41.441 0.5517241379
142810  54.620  -56.535  40.843 0.6206896552
142821  55.539  -63.046  45.586 0.3793103448
142822  55.115  -62.718  45.066 0.3793103448
142823  54.692  -62.421  44.561 0.3793103448
142824  54.091  -63.223  44.286 0.4482758621
142825  54.228  -62.730  44.196 0.4482758621
142826  54.258  -62.114  44.030 0.3793103448
142827  53.891  -61.794  43.555 0.4827586207
142828  53.479  -61.461  43.054 0.4827586207
142829  53.098  -61.133  42.575 0.4827586207
142830  52.009  -63.968  42.376 0.4827586207
142831  52.136  -63.497  42.420 0.4827586207
142835  52.410  -62.474  42.427 0.4827586207
143121  59.811  -51.975  22.727 0.1724137931
147774  52.413  -69.325  53.617 0.1034482759
147775  52.186  -69.501  52.671 0.1379310345
147776  51.883  -69.819  51.829 0.1379310345
147777  51.293  -70.355  52.250 0.1379310345
147779  51.542  -70.252  51.033 0.2068965517
159090  57.737  -52.018  52.875 0.0689655172
159091  57.819  -51.376  52.974 0.0689655172
159329  57.740  -54.089  33.669 0.4482758621
159330  57.745  -54.181  33.110 0.4137931034
159331  57.741  -54.307  32.513 0.4137931034
159332  57.709  -54.324  31.965 0.4137931034
159357  56.528  -53.834  31.994 0.4482758621
159358  57.142  -54.098  31.692 0.4482758621
159359  57.677  -54.336  31.395 0.3793103448
159360  57.725  -54.330  30.839 0.3793103448
159361  57.714  -54.261  30.279 0.3448275862
159362  57.732  -54.173  29.750 0.3448275862
159364  57.117  -53.802  29.439 0.3793103448
159365  57.747  -54.006  29.223 0.3103448276
159366  57.781  -53.848  28.681 0.3103448276
159367  57.798  -53.704  28.112 0.3448275862
1322  64.174  -50.722  18.630 0.0689655172
2392  63.202  -56.040  29.796 0.1034482759
2393  58.504  -53.768  27.362 0.3103448276
3242  61.607  -51.241  20.544 0.1379310345
5335  60.785  -55.141  33.079 0.2413793103
5336  63.102  -55.753  32.232 0.1379310345
5337  60.719  -55.470  30.852 0.3103448276
5338  60.851  -55.197  28.487 0.2413793103
7880  64.054  -52.915  21.400 0.0344827586
7881  61.633  -53.074  23.310 0.1724137931
9733  65.561  -55.652  31.122 0.0344827586
9734  65.892  -55.901  28.481 0.0344827586
9735  63.489  -55.589  27.313 0.0344827586
9736  61.165  -54.293  26.013 0.2068965517
9737  58.767  -52.801  25.000 0.2068965517
10922  60.446  -51.456  21.550 0.1724137931
13016  60.724  -55.462  31.998 0.2758620690
13017  59.494  -55.101  31.304 0.3448275862
13018  59.514  -55.005  30.236 0.3103448276
15487  65.624  -50.398  17.694 0.0344827586
17299  63.988  -53.880  22.883 0.0344827586
17300  62.794  -53.062  22.415 0.0344827586
17301  62.821  -53.891  23.846 0.0344827586
21767  63.949  -54.612  33.665 0.1034482759
21768  63.156  -56.000  31.018 0.1034482759
21770  64.408  -56.008  30.467 0.0344827586
21771  65.716  -55.864  29.840 0.0344827586
21772  64.526  -56.028  29.199 0.0344827586
21773  64.699  -55.924  27.877 0.0344827586
21774  63.323  -55.829  28.568 0.0344827586
21775  59.681  -54.444  27.904 0.3448275862
21776  60.954  -54.780  27.279 0.2068965517
21777  59.774  -53.999  26.700 0.2758620690
21778  59.968  -53.554  25.468 0.2068965517
21779  58.599  -53.334  26.205 0.3103448276
24225  59.390  -51.901  37.259 0.3103448276
24268  62.875  -51.031  19.642 0.1034482759
28035  61.903  -55.071  33.764 0.1724137931
28036  63.032  -55.258  33.282 0.1379310345
28037  61.951  -55.482  32.654 0.2068965517
28038  61.961  -55.767  31.561 0.2068965517
28039  61.972  -55.823  30.330 0.2413793103
28040  61.984  -55.687  29.180 0.2068965517
28041  60.687  -55.378  29.685 0.2758620690
28042  59.532  -54.792  29.001 0.3448275862
31569  60.694  -54.638  34.045 0.2068965517
34005  65.526  -51.634  18.981 0.0344827586
34008  64.143  -51.866  19.971 0.0689655172
34009  62.830  -52.099  21.005 0.1034482759
34010  61.584  -52.200  21.934 0.1724137931
34011  60.441  -52.318  22.889 0.1724137931
39442  64.927  -55.671  26.480 0.0344827586
39444  62.113  -55.472  27.948 0.1724137931
39445  62.323  -55.010  26.676 0.0344827586
39446  62.569  -54.481  25.236 0.0344827586
39447  61.398  -53.741  24.687 0.2068965517
39448  60.172  -52.963  24.165 0.1724137931
41643  59.818  -51.076  21.375 0.1724137931
43736  59.535  -55.106  31.890 0.3448275862
43737  58.926  -54.854  31.540 0.3448275862
46207  64.922  -50.635  18.188 0.0689655172
48020  63.409  -53.892  23.377 0.0344827586
48021  63.431  -54.282  24.099 0.0344827586
52487  63.394  -54.608  33.943 0.1379310345
52488  63.220  -56.069  30.421 0.1379310345
52489  63.779  -56.034  30.753 0.0689655172
52490  63.862  -56.093  30.139 0.1034482759
52491  64.484  -56.045  29.820 0.0344827586
52493  63.917  -55.981  28.880 0.0689655172
52494  63.225  -55.952  29.170 0.0689655172
52495  59.101  -54.093  27.620 0.3103448276
52496  59.705  -54.188  27.297 0.3103448276
52497  59.133  -53.873  27.032 0.3103448276
52498  59.193  -53.686  26.433 0.2413793103
52499  58.535  -53.578  26.813 0.3103448276
55732  59.444  -51.207  37.581 0.3103448276
55807  62.219  -51.182  20.122 0.1034482759
55808  62.232  -50.604  19.429 0.0689655172
55809  61.575  -50.737  19.897 0.1034482759
62085  61.346  -55.122  33.390 0.2068965517
62086  61.943  -55.298  33.202 0.1724137931
62087  61.374  -55.365  32.847 0.2413793103
62088  60.709  -55.490  31.478 0.3103448276
62089  61.357  -55.628  31.812 0.2413793103
62090  61.323  -55.655  31.217 0.2758620690
62091  61.927  -55.836  30.921 0.2068965517
62092  61.327  -55.654  30.579 0.2758620690
62093  61.335  -55.644  29.971 0.2413793103
62094  60.711  -55.437  30.251 0.2413793103
62095  58.929  -54.710  29.861 0.2758620690
62096  59.522  -54.906  29.636 0.3103448276
62097  58.985  -54.625  29.277 0.3448275862
62098  58.997  -54.445  28.710 0.3793103448
69288  60.424  -53.722  35.414 0.2413793103
69294  60.607  -54.369  34.494 0.2068965517
74935  64.683  -53.318  21.613 0.0344827586
74937  64.710  -52.813  20.874 0.0344827586
74938  64.718  -52.299  20.202 0.0344827586
74939  64.070  -52.394  20.655 0.0344827586
74940  63.493  -51.985  20.480 0.1034482759
74941  63.423  -52.500  21.197 0.0689655172
74942  62.215  -53.074  22.859 0.1379310345
74943  62.188  -52.619  22.169 0.1034482759
74944  61.605  -52.657  22.621 0.1724137931
74945  60.999  -52.288  22.426 0.1724137931
74946  61.047  -52.697  23.102 0.1724137931
88342  65.755  -54.386  32.911 0.0344827586
88343  63.063  -55.515  32.765 0.1379310345
88344  63.592  -55.316  33.028 0.1379310345
88345  63.637  -55.584  32.524 0.1379310345
88349  65.981  -55.046  31.968 0.0344827586
88350  66.100  -55.307  31.379 0.0344827586
88352  66.187  -55.497  30.770 0.0344827586
88353  65.801  -55.925  29.140 0.0344827586
88354  66.399  -55.705  29.453 0.0344827586
88355  66.463  -55.745  28.799 0.0344827586
88357  66.555  -55.747  28.103 0.0344827586
88359  65.988  -55.874  27.783 0.0344827586
88360  64.096  -55.798  27.608 0.0344827586
88361  64.818  -55.814  27.199 0.0344827586
88362  64.210  -55.657  26.934 0.0344827586
88363  64.348  -55.459  26.194 0.0344827586
88364  63.633  -55.424  26.635 0.0344827586
88365  61.385  -55.458  28.829 0.2068965517
88366  62.027  -55.560  28.529 0.1724137931
88367  61.460  -55.342  28.197 0.2068965517
88368  61.054  -54.535  26.661 0.2413793103
88369  61.628  -54.917  27.017 0.0689655172
88370  61.741  -54.644  26.321 0.1034482759
88371  62.441  -54.748  25.957 0.0344827586
88372  61.871  -54.382  25.640 0.0689655172
88373  62.008  -54.112  24.924 0.0689655172
88374  61.303  -54.041  25.352 0.1724137931
88375  59.379  -53.218  25.262 0.2413793103
88376  60.072  -53.283  24.813 0.2068965517
88377  59.466  -52.895  24.601 0.2068965517
88378  59.566  -52.595  23.953 0.1724137931
93388  61.031  -51.341  21.034 0.1724137931
93390  60.418  -50.982  20.885 0.1724137931
97155  60.162  -55.084  32.766 0.3103448276
97156  60.754  -55.354  32.535 0.2758620690
97157  60.140  -55.261  32.219 0.3793103448
97158  60.111  -55.321  31.685 0.3448275862
97159  60.124  -55.303  31.120 0.3448275862
97160  60.126  -55.264  30.532 0.2758620690
97161  59.504  -55.064  30.749 0.3103448276
97162  58.891  -54.783  30.379 0.3103448276
104866  64.625  -53.792  22.381 0.0344827586
104867  64.009  -53.407  22.151 0.0344827586
104868  63.394  -53.002  21.937 0.0689655172
104869  63.379  -53.475  22.656 0.0344827586
104870  62.805  -53.491  23.138 0.0689655172
104871  62.198  -53.493  23.591 0.1379310345
112909  64.496  -54.596  33.410 0.0689655172
112910  63.130  -55.900  31.631 0.1724137931
112911  63.682  -55.822  31.987 0.0689655172
112912  63.721  -55.938  31.364 0.0689655172
112914  64.972  -55.888  30.823 0.0344827586
112915  65.607  -55.794  30.483 0.0344827586
112916  65.050  -55.954  30.179 0.0344827586
112917  65.148  -56.027  29.573 0.0344827586
112918  65.201  -55.992  28.857 0.0344827586
112919  65.305  -55.965  28.196 0.0344827586
112920  64.584  -55.998  28.540 0.0344827586
112921  63.998  -55.896  28.236 0.0344827586
112922  63.397  -55.703  27.926 0.0344827586
112923  60.278  -54.832  28.209 0.3448275862
112924  60.881  -54.991  27.873 0.2068965517
112925  60.306  -54.613  27.595 0.2758620690
112926  60.372  -54.396  27.003 0.2758620690
112927  60.458  -54.155  26.370 0.2758620690
112928  60.570  -53.930  25.740 0.1724137931
112929  59.839  -53.757  26.063 0.2068965517
112930  59.276  -53.439  25.841 0.2413793103
112931  58.687  -53.075  25.608 0.2758620690
118066  63.512  -50.871  19.132 0.0689655172
118068  62.911  -50.455  18.944 0.0689655172
126855  62.371  -54.869  33.995 0.1379310345
126856  62.944  -54.917  33.752 0.1379310345
126857  62.481  -55.184  33.536 0.1379310345
126858  62.497  -55.375  32.971 0.1379310345
126859  62.529  -55.612  32.457 0.2068965517
126860  61.359  -55.550  32.327 0.2413793103
126861  61.991  -55.689  32.166 0.2068965517
126862  62.556  -55.796  31.886 0.1724137931
126863  62.545  -55.890  31.271 0.1724137931
126864  62.562  -55.971  30.669 0.1724137931
126865  62.613  -55.941  30.105 0.1724137931
126866  62.597  -55.883  29.484 0.1379310345
126867  62.006  -55.777  29.783 0.2413793103
126868  61.322  -55.560  29.427 0.2413793103
126869  60.752  -55.310  29.091 0.2413793103
126870  60.092  -55.179  29.972 0.2758620690
126871  60.109  -55.089  29.363 0.2758620690
126872  60.206  -55.010  28.759 0.2758620690
126873  59.619  -54.633  28.458 0.3103448276
126874  59.058  -54.279  28.168 0.3103448276
126875  58.454  -53.910  27.870 0.3103448276
136147  61.353  -52.494  36.224 0.2413793103
136155  61.804  -54.732  34.177 0.2068965517
136156  61.259  -54.877  33.866 0.2413793103
136157  60.741  -54.889  33.584 0.2413793103
136158  60.088  -54.482  34.233 0.2413793103
136159  60.136  -54.655  33.777 0.2758620690
136160  60.170  -54.865  33.308 0.2413793103
143102  65.556  -51.039  18.339 0.0344827586
143103  64.857  -51.194  18.813 0.0689655172
143111  64.819  -51.749  19.461 0.0344827586
143112  64.146  -51.296  19.280 0.0689655172
143113  63.537  -51.447  19.805 0.0689655172
143114  62.871  -51.575  20.297 0.1034482759
143115  62.226  -51.652  20.755 0.1034482759
143116  62.790  -52.573  21.708 0.1034482759
143117  62.193  -52.128  21.456 0.1034482759
143118  61.609  -51.687  21.201 0.1379310345
143119  61.031  -51.820  21.719 0.1724137931
143120  60.414  -51.909  22.239 0.1724137931
159104  59.371  -47.609  51.050 0.0344827586
159105  59.207  -47.642  51.882 0.0344827586
159261  63.489  -54.967  33.479 0.1034482759
159262  64.051  -54.978  33.213 0.1034482759
159267  65.865  -54.756  32.430 0.0344827586
159268  66.460  -54.559  32.101 0.0344827586
159282  65.431  -55.900  27.493 0.0344827586
159288  62.597  -55.751  28.823 0.1034482759
159289  62.700  -55.631  28.221 0.0689655172
159290  62.764  -55.474  27.565 0.0344827586
159291  61.534  -55.137  27.620 0.2068965517
159292  62.210  -55.230  27.312 0.1034482759
159293  62.903  -55.309  26.967 0.0344827586
159294  63.041  -55.123  26.289 0.0344827586
159297  62.710  -54.189  24.500 0.0344827586
159298  62.092  -53.810  24.260 0.1379310345
159299  61.489  -53.428  24.021 0.1379310345
159300  60.682  -53.663  25.080 0.2068965517
159301  60.783  -53.360  24.428 0.2068965517
159302  60.930  -53.032  23.774 0.1724137931
159303  60.313  -52.648  23.538 0.1724137931
159304  59.700  -52.290  23.332 0.1724137931
1323  64.920  -45.382  13.900 0.0344827586
1324  59.164  -47.543  17.372 0.0689655172
3244  59.121  -49.798  19.925 0.1379310345
6990  64.454  -48.120  16.156 0.0344827586
6991  61.912  -46.579  15.642 0.0344827586
10923  60.343  -50.510  20.224 0.1379310345
15490  60.472  -48.317  17.687 0.0344827586
15491  61.797  -47.831  16.746 0.0344827586
15492  60.536  -47.091  16.478 0.0344827586
15493  60.611  -45.806  15.288 0.0344827586
15494  59.171  -46.372  16.195 0.0344827586
15495  57.858  -45.770  15.918 0.0344827586
15496  57.835  -46.892  17.110 0.0689655172
24269  62.940  -49.858  18.280 0.0689655172
24270  61.580  -50.187  19.233 0.1034482759
24271  60.401  -49.410  18.915 0.0689655172
24272  59.133  -48.712  18.632 0.0689655172
24273  57.898  -48.030  18.342 0.0689655172
28170  63.623  -44.645  13.619 0.0344827586
31669  65.944  -47.619  15.289 0.0344827586
31670  64.655  -46.726  14.983 0.0344827586
31671  63.081  -48.611  17.020 0.0344827586
31672  63.211  -47.309  15.855 0.0344827586
31673  63.411  -45.966  14.745 0.0344827586
31674  62.126  -45.259  14.470 0.0344827586
46208  64.976  -49.964  17.537 0.0344827586
46210  59.824  -47.935  17.552 0.0344827586
46211  60.493  -47.719  17.083 0.0344827586
46212  59.834  -47.345  16.939 0.0344827586
46213  59.847  -46.759  16.358 0.0344827586
46214  59.143  -46.970  16.778 0.0344827586
46215  58.527  -46.621  16.637 0.0344827586
46216  58.484  -47.211  17.254 0.0689655172
52710  65.589  -45.815  14.033 0.0344827586
55810  59.750  -50.151  20.088 0.1379310345
55811  60.357  -49.945  19.547 0.0689655172
55812  59.746  -49.592  19.417 0.1034482759
55813  59.767  -49.070  18.797 0.0689655172
55814  59.077  -49.244  19.261 0.1034482759
55815  58.490  -48.926  19.093 0.0689655172
55816  58.481  -49.474  19.728 0.1034482759
62310  62.946  -44.317  13.462 0.0344827586
62311  63.735  -43.967  13.023 0.0344827586
62312  63.024  -43.666  12.877 0.0344827586
69505  65.116  -48.555  16.307 0.0344827586
69507  65.170  -47.839  15.703 0.0344827586
69508  65.272  -47.150  15.132 0.0344827586
69509  64.483  -47.405  15.569 0.0344827586
69510  62.294  -49.470  18.119 0.0689655172
69511  62.982  -49.230  17.631 0.0689655172
69513  61.893  -47.195  16.161 0.0344827586
69514  62.515  -47.601  16.304 0.0344827586
69515  62.567  -46.923  15.736 0.0344827586
69516  63.274  -46.612  15.277 0.0344827586
69517  62.644  -46.264  15.182 0.0344827586
69518  62.773  -45.594  14.608 0.0344827586
69519  62.026  -45.921  15.056 0.0344827586
69520  59.942  -45.487  15.148 0.0344827586
69521  60.668  -45.229  14.750 0.0344827586
93389  60.974  -50.849  20.350 0.1034482759
93391  59.794  -50.664  20.725 0.1379310345
93392  59.181  -50.327  20.552 0.1379310345
101609  64.368  -48.874  16.802 0.0344827586
101610  61.088  -48.688  17.807 0.0689655172
101612  61.119  -48.077  17.209 0.0344827586
101613  61.205  -47.437  16.581 0.0344827586
101614  61.242  -46.819  16.030 0.0344827586
101615  61.285  -46.199  15.479 0.0344827586
101616  60.564  -46.456  15.895 0.0344827586
101617  59.867  -46.097  15.736 0.0344827586
101618  59.219  -45.759  15.588 0.0344827586
101620  58.552  -46.045  16.056 0.0344827586
101621  57.887  -46.314  16.483 0.0344827586
118067  63.558  -50.269  18.448 0.0689655172
118069  62.267  -50.043  18.759 0.0689655172
118070  61.652  -49.680  18.603 0.0689655172
118071  60.924  -50.330  19.697 0.1034482759
118072  60.999  -49.808  19.066 0.0689655172
118073  61.053  -49.277  18.437 0.0689655172
118074  60.437  -48.890  18.311 0.0689655172
118076  59.164  -48.152  18.027 0.0689655172
118077  58.561  -47.808  17.894 0.0689655172
118078  58.532  -48.374  18.478 0.0689655172
127170  64.266  -45.003  13.781 0.0344827586
127171  65.018  -44.713  13.369 0.0344827586
136429  65.431  -46.487  14.580 0.0344827586
136430  64.796  -46.062  14.442 0.0344827586
136431  63.607  -49.659  17.806 0.0689655172
136433  63.749  -48.430  16.641 0.0344827586
136435  63.144  -47.992  16.446 0.0344827586
136436  63.843  -47.721  16.008 0.0344827586
136437  63.910  -47.006  15.412 0.0344827586
136438  64.041  -46.329  14.850 0.0344827586
136439  64.174  -45.671  14.318 0.0344827586
136440  63.528  -45.306  14.195 0.0344827586
136441  62.877  -44.959  14.048 0.0344827586
136442  62.204  -44.660  13.910 0.0344827586
136443  61.394  -45.567  14.890 0.0344827586
136444  61.394  -44.957  14.360 0.0344827586
136453  57.874  -45.182  15.317 0.0344827586
136459  57.845  -47.463  17.750 0.0689655172
160072  65.801  -44.458  12.962 0.0344827586
142  56.986  -52.274  40.322 0.3448275862
1299  58.157  -53.529  36.016 0.3793103448
1715  54.550  -55.677  39.831 0.5862068966
3213  56.530  -52.230  43.307 0.3448275862
3219  57.640  -52.759  38.097 0.3793103448
7840  56.117  -54.566  42.770 0.3793103448
7841  55.885  -54.295  40.367 0.4137931034
9738  55.887  -53.982  37.857 0.5172413793
9739  55.904  -53.672  35.339 0.6206896552
9740  55.921  -53.644  32.981 0.5517241379
10893  56.684  -52.184  41.814 0.3448275862
10894  57.059  -50.997  41.815 0.3103448276
10895  57.393  -51.140  40.284 0.3103448276
10897  57.860  -51.510  39.113 0.3103448276
10898  58.309  -51.993  38.112 0.3103448276
10899  57.312  -52.429  39.174 0.3448275862
17211  56.191  -54.741  44.230 0.3793103448
17213  55.808  -55.685  42.606 0.3793103448
21780  55.254  -55.080  40.204 0.4827586207
21781  55.842  -54.111  39.076 0.4482758621
21782  55.044  -54.737  38.964 0.5517241379
21784  54.910  -53.968  36.385 0.6206896552
21786  55.895  -53.629  34.147 0.6206896552
24215  56.559  -52.288  44.828 0.3103448276
24226  58.735  -52.593  37.235 0.3103448276
24227  57.872  -53.159  37.059 0.3793103448
33896  56.309  -53.520  44.608 0.3448275862
33897  56.348  -53.370  43.124 0.3448275862
33898  56.410  -53.326  41.596 0.3448275862
33899  56.520  -53.293  40.426 0.3793103448
33900  56.031  -54.478  41.599 0.3793103448
33901  55.545  -55.383  41.379 0.4482758621
33902  54.960  -56.177  41.044 0.6206896552
39450  56.657  -53.292  39.176 0.3793103448
39451  56.815  -53.455  38.011 0.3793103448
39452  56.937  -53.505  36.832 0.4137931034
39453  54.867  -54.320  37.674 0.6206896552
39454  55.940  -53.744  36.571 0.5517241379
39455  57.063  -53.615  35.703 0.4482758621
39456  57.115  -53.776  34.505 0.5172413793
39466  55.866  -53.613  31.725 0.5517241379
41613  56.835  -52.234  41.079 0.3448275862
41614  57.014  -51.649  41.067 0.3448275862
41615  57.196  -51.716  40.357 0.3448275862
41616  57.589  -51.257  39.681 0.3103448276
41617  57.404  -51.822  39.695 0.3448275862
41618  57.580  -51.938  39.138 0.3448275862
41619  57.147  -52.338  39.726 0.3448275862
46135  58.592  -53.392  36.208 0.3448275862
46139  58.262  -53.703  35.514 0.4137931034
52500  54.908  -55.417  40.039 0.5862068966
52501  55.133  -54.906  39.582 0.5517241379
52502  54.759  -55.151  39.396 0.6206896552
55718  56.537  -52.230  44.061 0.3448275862
55734  59.147  -51.570  37.630 0.3103448276
55735  57.961  -52.385  38.128 0.3448275862
55736  58.527  -52.282  37.686 0.3103448276
55737  58.147  -52.636  37.630 0.3448275862
55738  58.349  -52.946  37.160 0.3793103448
55739  57.790  -52.951  37.537 0.3793103448
74671  56.349  -53.569  45.304 0.3103448276
74672  56.279  -54.212  45.155 0.3448275862
74673  56.135  -54.648  43.507 0.3793103448
74674  56.238  -54.025  43.698 0.3448275862
74675  56.223  -53.919  42.951 0.3793103448
74676  56.377  -53.339  42.338 0.3448275862
74677  56.240  -53.913  42.185 0.3793103448
74678  56.217  -53.913  41.624 0.3793103448
74679  56.077  -54.523  42.184 0.3793103448
74681  55.679  -55.525  41.973 0.4137931034
74682  55.453  -55.994  41.826 0.4482758621
74683  55.310  -55.858  41.249 0.5172413793
88380  56.225  -53.847  40.416 0.3793103448
88381  56.573  -53.305  39.807 0.3793103448
88382  56.197  -53.776  39.792 0.4137931034
88383  55.876  -54.063  38.454 0.4827586207
88384  56.322  -53.725  38.525 0.3793103448
88385  56.350  -53.717  37.924 0.4137931034
88386  56.870  -53.482  37.419 0.4137931034
88387  56.411  -53.660  37.305 0.4482758621
88389  54.532  -54.730  38.191 0.6206896552
88391  55.380  -53.761  35.828 0.6206896552
88392  55.418  -53.851  36.480 0.6206896552
88393  55.914  -53.666  35.932 0.5862068966
88394  56.480  -53.612  36.117 0.5172413793
88395  56.471  -53.628  35.514 0.5862068966
88396  57.100  -53.701  35.091 0.4827586207
88397  56.494  -53.678  34.911 0.5172413793
88398  55.909  -53.632  33.552 0.6206896552
88399  56.496  -53.715  33.740 0.5862068966
88400  56.531  -53.803  33.194 0.4827586207
88402  56.534  -53.802  32.585 0.4482758621
93335  56.614  -52.208  42.556 0.3448275862
93336  56.768  -51.575  42.598 0.3103448276
93337  56.854  -51.594  41.801 0.3448275862
93338  57.199  -51.055  40.997 0.3103448276
93341  57.823  -50.775  39.558 0.3103448276
93342  58.088  -51.035  39.000 0.3103448276
93344  58.606  -51.621  38.082 0.3103448276
93345  58.074  -51.737  38.589 0.3103448276
93346  57.787  -52.154  38.621 0.3103448276
93347  57.499  -52.537  38.626 0.3448275862
104707  56.279  -54.815  44.980 0.3103448276
104710  56.043  -55.264  43.311 0.3793103448
104711  55.977  -55.155  42.729 0.3793103448
112932  55.573  -54.674  40.301 0.4482758621
112933  55.838  -54.187  39.738 0.4137931034
112934  55.481  -54.552  39.673 0.4827586207
112935  55.464  -54.459  39.027 0.5172413793
112936  55.386  -54.375  38.430 0.5862068966
112941  55.341  -53.695  35.196 0.5862068966
112942  55.909  -53.663  34.773 0.5862068966
112943  55.318  -53.643  34.599 0.5862068966
112944  55.291  -53.546  33.943 0.6206896552
112945  55.267  -53.542  33.357 0.6551724138
117966  58.873  -51.923  37.676 0.3103448276
117970  58.454  -53.173  36.681 0.3448275862
117971  57.991  -53.358  36.558 0.3793103448
142784  56.467  -52.956  45.459 0.3103448276
142785  56.417  -52.909  44.721 0.3448275862
142786  56.404  -52.854  44.009 0.3448275862
142787  56.255  -54.135  44.413 0.3448275862
142788  56.322  -53.418  43.917 0.3448275862
142789  56.459  -52.823  43.246 0.3448275862
142790  56.507  -52.791  42.472 0.3448275862
142791  56.570  -52.771  41.728 0.3448275862
142792  56.644  -52.789  41.006 0.3793103448
142793  56.767  -52.805  40.390 0.3793103448
142794  56.457  -53.329  41.026 0.3793103448
142795  56.212  -53.888  41.048 0.3793103448
142796  55.959  -54.392  40.975 0.3793103448
142797  55.909  -55.065  42.118 0.3793103448
142798  55.780  -54.920  41.487 0.3793103448
142799  55.681  -54.807  40.897 0.3793103448
142800  55.411  -55.223  40.845 0.4482758621
142801  55.091  -55.623  40.644 0.5862068966
142802  54.740  -55.927  40.442 0.6206896552
159306  56.880  -52.827  39.778 0.3793103448
159307  56.998  -52.838  39.187 0.3793103448
159308  57.140  -52.975  38.631 0.3793103448
159309  56.262  -53.757  39.162 0.3793103448
159310  56.784  -53.402  38.600 0.3793103448
159311  57.246  -53.158  38.105 0.3793103448
159312  57.321  -53.262  37.518 0.3793103448
159313  57.385  -53.367  36.979 0.3793103448
159314  57.509  -53.489  36.415 0.4137931034
159315  54.642  -54.954  38.808 0.5517241379
159316  54.958  -54.563  38.326 0.5517241379
159317  55.380  -54.194  37.778 0.6206896552
159318  54.927  -54.143  37.001 0.5862068966
159319  55.387  -54.000  37.099 0.6551724138
159320  55.909  -53.849  37.207 0.5862068966
159321  56.451  -53.578  36.679 0.5172413793
159322  56.983  -53.549  36.267 0.4482758621
159323  57.624  -53.597  35.850 0.4137931034
159324  57.715  -53.723  35.300 0.4137931034
159325  57.737  -53.865  34.751 0.4827586207
159326  57.756  -54.024  34.203 0.4482758621
159327  56.487  -53.686  34.317 0.5172413793
159328  57.096  -53.860  33.959 0.5172413793
159353  55.277  -53.520  32.759 0.6896551724
159356  55.908  -53.636  32.357 0.5517241379
143  59.178  -51.652  22.562 0.1724137931
313  50.942  -57.581  38.105 0.7241379310
586  47.673  -52.362  28.896 0.5517241379
689  44.047  -45.306  9.543 0.0344827586
1300  46.490  -59.845  35.483 0.4827586207
1301  49.092  -54.818  33.597 0.7586206897
1325  53.630  -45.249  16.071 0.0689655172
1326  54.121  -49.148  21.092 0.1379310345
1716  53.264  -60.616  42.371 0.4827586207
1717  49.398  -62.286  38.937 0.4827586207
2394  53.619  -53.874  34.792 0.7586206897
2395  53.233  -52.876  29.880 0.5172413793
2396  53.255  -51.454  25.649 0.3448275862
2425  53.242  -40.999  10.814 0.0344827586
3221  45.062  -58.369  33.592 0.5172413793
3245  56.578  -48.449  19.223 0.1034482759
3246  56.782  -50.416  21.784 0.1034482759
3821  50.770  -63.529  40.920 0.5172413793
5340  52.911  -56.831  38.975 0.6551724138
5341  54.065  -54.700  37.349 0.6551724138
5342  52.127  -55.418  36.605 0.7586206897
5343  48.324  -53.722  31.389 0.6551724138
5344  50.960  -53.562  31.816 0.6896551724
5345  50.567  -52.635  29.398 0.5862068966
5346  53.224  -52.234  27.617 0.4482758621
5347  50.359  -51.566  27.067 0.4827586207
5348  50.341  -50.543  24.923 0.4137931034
5349  47.363  -50.995  26.521 0.4482758621
5416  56.347  -41.749  11.778 0.0344827586
5417  50.870  -46.259  17.818 0.0689655172
5418  50.702  -44.361  15.085 0.0689655172
5419  47.873  -45.414  16.666 0.0689655172
5847  45.534  -42.679  8.754 0.0344827586
6948  48.772  -58.629  36.937 0.6206896552
6949  50.012  -56.081  35.820 0.6551724138
6950  47.554  -57.146  34.962 0.6551724138
6951  46.363  -55.654  32.872 0.6551724138
6952  45.410  -54.110  30.668 0.5862068966
6993  56.490  -44.015  14.368 0.0344827586
6994  56.539  -46.281  16.768 0.0344827586
6995  53.765  -47.231  18.614 0.1034482759
6996  51.080  -48.055  20.450 0.1724137931
7843  53.940  -58.144  41.196 0.5862068966
7844  51.989  -59.092  40.250 0.5862068966
7846  51.252  -61.422  40.958 0.4827586207
7847  50.001  -60.023  38.917 0.5517241379
7848  47.861  -61.130  37.106 0.4827586207
9741  51.450  -54.307  34.136 0.7931034483
9742  53.406  -53.309  32.234 0.7241379310
9743  55.833  -53.511  30.606 0.4827586207
9744  55.818  -53.073  28.361 0.3793103448
9745  55.963  -52.407  26.319 0.3103448276
9746  56.159  -51.541  24.213 0.2068965517
9747  53.493  -50.397  23.401 0.2413793103
9748  50.597  -49.377  22.749 0.2413793103
9831  50.196  -40.647  9.685 0.0344827586
9832  53.504  -43.087  13.562 0.0344827586
9833  50.520  -42.444  12.432 0.0344827586
9834  47.651  -42.041  10.895 0.0344827586
9835  45.236  -43.680  11.775 0.0344827586
10924  59.225  -50.790  21.194 0.1724137931
10925  57.965  -50.122  20.821 0.1379310345
10926  58.065  -51.008  22.151 0.1724137931
13020  51.923  -57.238  38.556 0.7241379310
13021  52.498  -56.143  37.815 0.7586206897
13022  51.469  -56.438  37.360 0.7241379310
13023  47.998  -53.009  30.086 0.6206896552
13024  49.324  -53.082  30.362 0.6551724138
13025  49.143  -52.461  29.109 0.5172413793
13026  50.421  -52.145  28.193 0.4482758621
13027  48.964  -51.865  27.957 0.4827586207
13028  48.900  -51.253  26.793 0.3793103448
13029  47.501  -51.690  27.716 0.4827586207
13095  57.737  -41.047  10.903 0.0344827586
13096  57.833  -42.170  12.195 0.0344827586
13097  49.493  -46.704  18.631 0.1034482759
13098  49.338  -45.812  17.260 0.0689655172
13584  44.715  -43.920  9.121 0.0344827586
13586  44.342  -45.564  8.216 0.0344827586
15420  47.592  -59.279  36.235 0.5862068966
15421  48.141  -57.933  35.961 0.6551724138
15422  46.911  -58.540  35.321 0.5862068966
15423  44.399  -57.655  32.606 0.5172413793
15424  45.632  -57.016  33.318 0.5172413793
15425  45.014  -56.220  32.336 0.5172413793
15426  45.843  -54.868  31.765 0.6206896552
15427  44.413  -55.345  31.239 0.5172413793
15497  55.392  -48.807  20.122 0.1034482759
15498  55.230  -47.820  18.953 0.1034482759
15499  53.921  -48.213  19.869 0.1034482759
15500  52.451  -47.641  19.530 0.1379310345
15501  52.621  -48.566  20.781 0.1724137931
17217  53.644  -59.389  41.789 0.5517241379
17218  52.989  -58.640  40.682 0.6551724138
17219  52.593  -59.780  41.210 0.5172413793
17223  50.078  -62.859  39.863 0.4827586207
17224  50.986  -62.531  40.938 0.5172413793
17225  50.352  -61.859  39.965 0.5172413793
17226  50.602  -60.696  39.934 0.5517241379
17227  49.595  -61.189  38.944 0.5172413793
17228  48.952  -60.565  37.997 0.5517241379
17229  48.622  -61.710  38.024 0.4827586207
21783  53.809  -54.256  36.112 0.7586206897
21785  54.762  -53.746  35.090 0.6551724138
21787  54.684  -53.552  33.821 0.7241379310
21788  49.490  -55.453  34.682 0.7586206897
21789  50.685  -55.066  34.988 0.7586206897
21790  50.300  -54.544  33.875 0.7241379310
21791  52.021  -53.125  30.837 0.6896551724
21792  52.212  -53.416  32.018 0.7586206897
21793  53.240  -53.140  31.090 0.6551724138
21794  54.562  -53.281  31.310 0.6206896552
21795  54.582  -53.093  30.190 0.5517241379
21796  55.859  -53.344  29.445 0.4482758621
21797  54.492  -52.878  29.069 0.5172413793
21798  53.227  -51.821  26.611 0.3793103448
21799  54.577  -52.278  26.950 0.3448275862
21800  54.628  -51.865  25.936 0.3448275862
21801  56.069  -51.964  25.289 0.2758620690
21802  54.705  -51.462  24.927 0.2413793103
21803  54.913  -50.971  23.842 0.2068965517
21804  53.369  -50.957  24.560 0.3103448276
21805  48.839  -50.045  24.562 0.3793103448
21806  50.383  -49.936  23.808 0.3448275862
21807  48.880  -49.425  23.442 0.2758620690
21808  49.144  -48.854  22.325 0.2413793103
22009  52.995  -40.051  9.514 0.0344827586
22010  51.513  -39.884  8.974 0.0344827586
22011  51.702  -40.780  10.315 0.0344827586
22012  55.055  -44.666  15.249 0.0344827586
22013  55.011  -43.497  13.968 0.0344827586
22014  53.559  -44.183  14.854 0.0344827586
22015  49.249  -43.970  14.553 0.0344827586
22016  50.634  -43.405  13.804 0.0344827586
22017  49.198  -43.062  13.168 0.0344827586
22018  49.084  -42.140  11.713 0.0344827586
22019  47.694  -42.812  12.319 0.0344827586
22020  46.457  -42.810  11.408 0.0344827586
22021  46.378  -43.532  12.863 0.0344827586
24229  45.748  -59.135  34.552 0.5172413793
24274  57.870  -49.147  19.551 0.1034482759
24275  56.639  -49.474  20.441 0.1034482759
24276  55.406  -49.762  21.439 0.1034482759
25309  51.501  -64.138  41.831 0.4482758621
25313  48.341  -62.917  38.093 0.4137931034
28044  53.784  -56.330  39.471 0.6206896552
28045  54.251  -55.192  38.651 0.5517241379
28046  53.432  -55.727  38.256 0.6896551724
28047  53.088  -55.093  36.984 0.7931034483
28048  52.816  -54.530  35.700 0.7586206897
28049  48.658  -54.248  32.497 0.7241379310
28050  50.002  -54.089  32.761 0.7586206897
28051  49.722  -53.613  31.629 0.7241379310
28052  50.720  -53.109  30.594 0.6551724138
28053  51.949  -52.760  29.618 0.5517241379
28054  53.148  -52.603  28.731 0.4827586207
28055  51.823  -52.331  28.402 0.4827586207
28056  51.787  -51.879  27.393 0.4482758621
28057  51.784  -51.445  26.316 0.3793103448
28058  51.794  -50.986  25.278 0.3793103448
28059  50.356  -51.028  25.997 0.3793103448
28060  48.834  -50.683  25.675 0.3103448276
28182  54.754  -41.359  11.312 0.0344827586
28183  52.263  -45.771  16.873 0.0689655172
28184  52.161  -44.785  15.632 0.0689655172
28185  50.794  -45.335  16.466 0.0689655172
28186  49.294  -44.941  15.969 0.0689655172
29001  46.532  -41.530  8.455 0.0344827586
29006  44.903  -47.449  7.668 0.0344827586
31572  49.842  -58.093  37.533 0.6206896552
31573  50.416  -56.816  36.966 0.7241379310
31574  49.295  -57.277  36.503 0.6551724138
31575  48.766  -56.617  35.443 0.6896551724
31576  48.267  -55.885  34.357 0.7241379310
31577  46.280  -57.758  34.332 0.5172413793
31578  46.925  -56.377  33.910 0.6551724138
31579  47.774  -55.178  33.291 0.7586206897
31580  47.269  -54.521  32.203 0.6896551724
31581  46.832  -53.771  30.965 0.6206896552
31582  46.498  -53.037  29.785 0.5517241379
31583  46.188  -52.345  28.613 0.4827586207
31584  44.945  -53.305  29.474 0.4827586207
31677  57.929  -43.342  13.459 0.0344827586
31678  57.881  -44.573  14.717 0.0344827586
31679  56.425  -45.197  15.618 0.0344827586
31680  55.075  -45.748  16.439 0.0344827586
31681  56.529  -47.338  18.012 0.0689655172
31682  55.121  -46.774  17.671 0.0689655172
31683  53.684  -46.242  17.289 0.0689655172
31684  52.321  -46.727  18.238 0.1034482759
31685  51.002  -47.142  19.133 0.1034482759
31686  49.640  -47.548  19.986 0.1379310345
33905  54.271  -56.895  40.584 0.6551724138
33906  53.297  -57.485  40.104 0.6551724138
33907  52.455  -57.979  39.700 0.6896551724
33908  51.456  -58.313  39.167 0.6551724138
33912  51.740  -63.216  41.952 0.5172413793
33913  52.003  -62.095  41.955 0.4827586207
33914  52.281  -61.005  41.734 0.5172413793
33915  51.614  -60.220  40.696 0.5517241379
33916  51.007  -59.497  39.598 0.6206896552
33917  50.376  -58.788  38.546 0.6896551724
33918  49.350  -59.299  37.861 0.5862068966
33919  48.282  -59.916  37.133 0.5517241379
33920  47.186  -60.454  36.315 0.5172413793
33921  47.522  -62.306  37.191 0.4137931034
39459  51.082  -55.693  36.186 0.7241379310
39460  51.806  -54.792  35.340 0.7586206897
39461  52.557  -54.060  34.442 0.7931034483
39462  51.172  -53.948  32.944 0.7931034483
39463  52.383  -53.663  33.162 0.7586206897
39464  53.510  -53.572  33.516 0.7241379310
39465  54.643  -53.383  32.528 0.7241379310
39469  57.123  -53.645  28.904 0.3448275862
39470  57.133  -53.378  27.839 0.3448275862
39471  54.504  -52.578  27.978 0.4482758621
39472  55.842  -52.832  27.325 0.3448275862
39473  57.169  -53.050  26.784 0.3448275862
39474  57.359  -52.625  25.692 0.3103448276
39475  57.510  -52.108  24.528 0.2068965517
39476  57.717  -51.587  23.380 0.1724137931
39477  56.488  -50.984  22.999 0.1724137931
39478  55.129  -50.382  22.662 0.1724137931
39479  53.773  -49.816  22.274 0.1724137931
39480  51.871  -50.449  24.177 0.2758620690
39481  52.013  -49.855  23.026 0.2068965517
39482  52.328  -49.244  21.905 0.1724137931
39483  50.869  -48.753  21.623 0.2068965517
39484  49.331  -48.279  21.216 0.2068965517
39486  45.916  -51.567  27.365 0.4137931034
39728  50.031  -39.769  8.354 0.0344827586
39729  48.834  -40.485  8.919 0.0344827586
39730  56.409  -42.870  13.134 0.0344827586
39731  54.895  -42.389  12.650 0.0344827586
39732  53.355  -42.036  12.156 0.0344827586
39733  52.120  -43.762  14.339 0.0344827586
39734  52.056  -42.753  13.032 0.0344827586
39735  51.889  -41.764  11.706 0.0344827586
39736  50.371  -41.522  11.062 0.0344827586
39737  48.927  -41.324  10.340 0.0344827586
39738  47.610  -41.288  9.470 0.0344827586
39739  46.503  -42.167  9.923 0.0344827586
39740  45.377  -43.179  10.297 0.0344827586
41644  59.200  -51.185  21.869 0.1724137931
41645  58.621  -50.890  21.671 0.1724137931
41646  58.623  -51.313  22.358 0.1724137931
43740  51.414  -57.376  38.321 0.6896551724
43741  51.693  -56.816  37.978 0.7241379310
43742  51.193  -56.986  37.749 0.7241379310
43743  47.812  -52.715  29.539 0.5517241379
43744  48.559  -52.734  29.652 0.5517241379
43745  48.408  -52.400  29.019 0.5517241379
43746  49.033  -52.163  28.546 0.4827586207
43747  48.295  -52.093  28.436 0.4827586207
43748  48.231  -51.779  27.854 0.4827586207
43749  47.600  -52.036  28.306 0.5172413793
44304  44.360  -44.600  9.338 0.0344827586
44305  44.445  -44.707  8.672 0.0344827586
44306  44.165  -45.436  8.900 0.0344827586
46140  47.055  -59.567  35.865 0.5862068966
46141  47.235  -58.950  35.777 0.6206896552
46142  46.684  -59.213  35.409 0.5862068966
46143  44.024  -57.228  32.058 0.5172413793
46144  44.665  -56.915  32.470 0.5172413793
46145  44.332  -56.482  31.944 0.5172413793
46146  44.692  -55.784  31.789 0.5172413793
46147  44.004  -56.050  31.429 0.5172413793
46148  43.739  -55.617  30.902 0.5172413793
46217  54.756  -48.973  20.579 0.1034482759
46218  54.658  -48.514  20.004 0.1034482759
46219  54.018  -48.684  20.464 0.1034482759
46220  53.273  -48.392  20.321 0.1379310345
46221  53.390  -48.856  20.938 0.1379310345
47938  53.129  -59.599  41.496 0.5862068966
47939  52.943  -60.216  41.797 0.5517241379
47943  49.761  -62.553  39.405 0.4827586207
47944  50.235  -62.344  39.927 0.4827586207
47945  49.917  -62.033  39.405 0.4827586207
47946  49.984  -61.539  39.439 0.4827586207
47947  49.495  -61.742  38.947 0.4827586207
47948  49.097  -61.436  38.466 0.4827586207
47949  49.015  -61.994  38.507 0.4827586207
52503  53.725  -54.038  35.425 0.7241379310
52504  54.247  -53.945  35.608 0.6896551724
52505  54.156  -53.803  34.955 0.7241379310
52506  54.706  -53.631  34.455 0.6896551724
52507  54.138  -53.667  34.321 0.7241379310
52508  49.295  -55.125  34.119 0.7586206897
52509  49.890  -54.957  34.286 0.7241379310
52510  49.686  -54.695  33.759 0.7586206897
52511  52.615  -52.988  30.361 0.5517241379
52512  52.632  -53.146  31.016 0.7241379310
52513  53.239  -53.027  30.493 0.6206896552
52514  53.866  -53.097  30.634 0.5862068966
52515  53.888  -52.966  30.063 0.5172413793
52516  54.543  -52.984  29.637 0.5517241379
52517  53.850  -52.824  29.476 0.4827586207
52518  53.234  -51.639  26.108 0.3448275862
52519  53.917  -51.848  26.285 0.3448275862
52520  53.934  -51.690  25.849 0.3448275862
52521  54.660  -51.669  25.447 0.3103448276
52522  53.981  -51.463  25.315 0.3448275862
52523  54.083  -51.222  24.744 0.2758620690
52524  53.325  -51.215  25.124 0.3103448276
52525  48.065  -49.885  24.428 0.3103448276
52526  48.838  -49.734  23.999 0.2758620690
52527  48.088  -49.586  23.873 0.3103448276
52528  48.185  -49.257  23.258 0.3103448276
52727  53.902  -40.664  10.388 0.0344827586
52728  53.777  -40.157  9.748 0.0344827586
52729  53.129  -40.518  10.143 0.0344827586
52730  52.350  -40.414  9.920 0.0344827586
52731  52.471  -40.863  10.586 0.0344827586
52732  54.345  -44.954  15.661 0.0344827586
52733  54.256  -44.453  15.098 0.0344827586
52734  53.601  -44.679  15.439 0.0344827586
52735  48.567  -43.789  14.194 0.0344827586
52736  49.225  -43.507  13.845 0.0344827586
52737  48.489  -43.333  13.433 0.0344827586
52738  48.462  -42.897  12.737 0.0344827586
52739  47.735  -43.237  13.032 0.0344827586
52740  47.030  -43.188  12.611 0.0344827586
52741  47.049  -43.602  13.370 0.0344827586
55817  57.371  -50.279  21.298 0.1379310345
55818  57.319  -49.808  20.633 0.1034482759
55819  56.692  -49.966  21.112 0.1034482759
55820  56.005  -49.611  20.930 0.1034482759
55821  56.108  -50.107  21.580 0.1034482759
62100  53.356  -56.597  39.224 0.6896551724
62101  53.603  -56.030  38.855 0.6551724138
62102  53.163  -56.285  38.615 0.7241379310
62103  52.357  -55.761  37.225 0.7586206897
62104  52.793  -55.601  37.416 0.7931034483
62105  52.618  -55.223  36.785 0.7931034483
62106  52.991  -54.826  36.360 0.7931034483
62107  52.453  -54.975  36.166 0.7586206897
62108  48.477  -53.986  31.945 0.7241379310
62109  49.179  -53.897  32.062 0.7241379310
62110  49.021  -53.651  31.494 0.7241379310
62111  49.926  -52.854  29.897 0.5862068966
62112  50.026  -53.090  30.477 0.6206896552
62113  50.635  -52.871  29.983 0.6206896552
62114  51.331  -52.923  30.101 0.5517241379
62115  51.279  -52.704  29.518 0.5862068966
62116  51.877  -52.534  29.007 0.5172413793
62117  51.189  -52.452  28.885 0.5172413793
62118  50.388  -51.845  27.618 0.4827586207
62119  51.097  -52.015  27.760 0.4482758621
62120  51.094  -51.750  27.222 0.4827586207
62121  51.807  -51.677  26.845 0.3793103448
62122  51.088  -51.497  26.683 0.3793103448
62123  51.082  -51.251  26.155 0.3793103448
62124  50.372  -51.302  26.537 0.3448275862
62125  48.164  -51.090  26.645 0.4137931034
62126  48.882  -50.967  26.235 0.3103448276
62127  48.092  -50.796  26.082 0.3793103448
62129  47.302  -50.635  25.932 0.3448275862
62327  57.046  -41.399  11.319 0.0344827586
62328  56.943  -40.865  10.660 0.0344827586
62329  56.240  -41.211  11.091 0.0344827586
62330  55.431  -41.031  10.842 0.0344827586
62331  55.555  -41.541  11.537 0.0344827586
62332  51.577  -46.026  17.347 0.0689655172
62333  51.519  -45.546  16.675 0.0689655172
62334  50.822  -45.817  17.159 0.0689655172
62335  48.658  -45.601  16.979 0.0689655172
62336  49.376  -45.379  16.621 0.0689655172
62337  48.610  -45.150  16.289 0.0689655172
62338  48.571  -44.714  15.611 0.0689655172
62339  47.860  -44.982  15.954 0.0689655172
63789  46.024  -42.092  8.626 0.0344827586
69300  49.293  -58.345  37.225 0.6551724138
69301  49.565  -57.677  37.009 0.6206896552
69302  49.015  -57.942  36.730 0.6551724138
69303  47.829  -57.521  35.464 0.6551724138
69304  48.400  -57.202  35.685 0.6551724138
69305  48.170  -56.835  35.190 0.6896551724
69306  48.533  -56.200  34.870 0.6896551724
69307  47.887  -56.450  34.672 0.6896551724
69308  45.385  -58.768  34.053 0.5172413793
69309  45.976  -58.460  34.447 0.5172413793
69310  45.646  -58.073  33.958 0.5172413793
69311  45.985  -56.315  33.130 0.5862068966
69312  46.302  -56.666  33.620 0.5517241379
69313  46.650  -56.014  33.387 0.6896551724
69314  47.343  -55.768  33.639 0.6896551724
69315  47.074  -55.394  33.098 0.7241379310
69316  47.509  -54.826  32.751 0.7241379310
69317  46.800  -55.050  32.566 0.6551724138
69318  45.663  -54.486  31.269 0.5517241379
69319  46.321  -54.299  31.396 0.6551724138
69320  46.112  -53.939  30.861 0.5862068966
69321  46.690  -53.404  30.396 0.6206896552
69322  45.917  -53.551  30.259 0.5862068966
69323  45.758  -53.175  29.661 0.5172413793
69324  45.179  -53.698  30.072 0.5517241379
69527  57.189  -46.013  16.322 0.0344827586
69528  57.157  -45.472  15.761 0.0344827586
69529  56.483  -45.734  16.175 0.0344827586
69530  55.722  -45.487  16.030 0.0344827586
69531  55.868  -45.999  16.583 0.0344827586
69532  57.235  -48.239  18.778 0.1034482759
69533  57.216  -47.669  18.166 0.0689655172
69534  56.553  -47.903  18.625 0.1034482759
69535  54.510  -47.527  18.799 0.1034482759
69536  55.170  -47.289  18.311 0.1034482759
69537  54.439  -47.022  18.133 0.0689655172
69538  54.386  -46.515  17.491 0.0689655172
69539  53.710  -46.733  17.939 0.0689655172
69540  53.010  -46.479  17.744 0.0689655172
69542  51.785  -47.865  20.007 0.1379310345
69543  51.730  -47.404  19.354 0.1379310345
69544  51.066  -47.618  19.810 0.1724137931
69545  50.323  -47.336  19.550 0.1379310345
69546  50.355  -47.781  20.197 0.1724137931
74692  54.066  -57.510  40.876 0.6551724138
74693  53.809  -57.203  40.334 0.6551724138
74694  53.611  -57.815  40.642 0.6896551724
74695  52.495  -58.858  40.455 0.5862068966
74696  52.698  -58.316  40.213 0.6896551724
74697  52.209  -58.522  39.976 0.6206896552
74698  51.969  -58.160  39.470 0.6551724138
74699  51.725  -58.670  39.709 0.6206896552
74708  51.125  -63.832  41.391 0.4482758621
74709  51.583  -63.640  41.921 0.5172413793
74710  51.225  -63.351  41.401 0.5172413793
74711  51.119  -62.002  40.983 0.5517241379
74712  51.491  -62.351  41.470 0.5517241379
74713  51.603  -61.754  41.470 0.4827586207
74714  52.121  -61.532  41.886 0.5172413793
74715  51.750  -61.197  41.380 0.5172413793
74716  51.927  -60.610  41.217 0.5172413793
74717  51.411  -60.825  40.878 0.5517241379
74718  50.288  -60.367  39.424 0.5517241379
74719  50.829  -60.119  39.793 0.6206896552
74720  50.502  -59.795  39.297 0.5862068966
74721  50.679  -59.146  39.019 0.6896551724
74722  50.157  -59.387  38.731 0.6206896552
74723  49.824  -59.011  38.224 0.6551724138
74724  49.676  -59.646  38.377 0.5862068966
74725  48.427  -60.848  37.558 0.5517241379
74726  48.624  -60.239  37.543 0.5517241379
74727  48.074  -60.522  37.128 0.5517241379
74728  47.741  -60.178  36.718 0.5862068966
74729  47.523  -60.793  36.707 0.5172413793
74731  47.944  -62.614  37.653 0.4137931034
88388  54.158  -54.940  38.008 0.6206896552
88390  54.505  -54.507  37.506 0.6551724138
88403  50.197  -56.445  36.394 0.6896551724
88404  50.729  -56.242  36.588 0.7241379310
88405  50.549  -55.881  36.011 0.7241379310
88406  51.054  -54.669  34.585 0.7586206897
88407  51.257  -54.915  35.165 0.7586206897
88408  51.614  -54.543  34.745 0.7586206897
88409  52.158  -54.410  34.913 0.7586206897
88410  52.030  -54.174  34.276 0.7586206897
88411  50.447  -53.812  32.300 0.7241379310
88412  50.594  -54.047  32.878 0.7241379310
88413  51.089  -53.779  32.379 0.7241379310
88414  52.803  -53.361  32.186 0.7241379310
88415  52.300  -53.543  32.573 0.7586206897
88416  52.879  -53.470  32.738 0.7586206897
88417  52.937  -53.626  33.351 0.7586206897
88418  53.451  -53.422  32.893 0.7241379310
88419  54.060  -53.420  33.018 0.7241379310
88420  54.021  -53.297  32.340 0.7241379310
88421  55.168  -53.376  30.929 0.5517241379
88422  55.207  -53.433  31.508 0.6551724138
88423  55.853  -53.591  31.158 0.5172413793
88428  55.857  -53.228  28.889 0.4137931034
88429  56.486  -53.488  29.153 0.3793103448
88430  56.446  -53.317  28.577 0.3793103448
88431  57.140  -53.516  28.363 0.3448275862
88432  56.471  -53.204  28.070 0.3448275862
88433  53.177  -52.425  28.174 0.4827586207
88434  53.818  -52.558  28.339 0.4827586207
88435  53.861  -52.379  27.780 0.4827586207
88436  55.271  -52.362  26.633 0.3103448276
88437  55.206  -52.583  27.120 0.3448275862
88438  55.895  -52.660  26.826 0.3448275862
88439  56.504  -52.936  27.055 0.3103448276
88440  56.561  -52.736  26.539 0.3448275862
88441  57.250  -52.854  26.263 0.3448275862
88442  56.649  -52.511  26.026 0.3103448276
88443  56.098  -51.777  24.763 0.2758620690
88444  56.828  -52.058  24.948 0.2758620690
88445  56.840  -51.820  24.387 0.2068965517
88446  57.585  -51.848  23.969 0.1724137931
88447  56.926  -51.542  23.808 0.1724137931
88448  57.121  -51.276  23.181 0.1724137931
88449  56.324  -51.265  23.620 0.1724137931
88450  54.224  -50.710  23.658 0.2068965517
88451  55.021  -50.701  23.255 0.1379310345
88452  54.320  -50.405  23.062 0.2068965517
88453  54.432  -50.086  22.475 0.1724137931
88454  53.606  -50.105  22.832 0.2068965517
88455  51.080  -50.771  25.103 0.3793103448
88456  51.800  -50.703  24.695 0.3448275862
88457  51.059  -50.464  24.515 0.3448275862
88458  50.468  -49.666  23.278 0.3103448276
88459  51.186  -49.910  23.442 0.2758620690
88460  51.291  -49.615  22.893 0.2413793103
88461  52.136  -49.536  22.449 0.2068965517
88462  51.440  -49.303  22.326 0.2068965517
88463  51.594  -48.981  21.772 0.2068965517
88464  50.734  -49.082  22.183 0.2068965517
88465  48.410  -48.648  22.100 0.2413793103
88467  48.488  -48.327  21.484 0.2068965517
88470  45.414  -52.404  28.463 0.4827586207
88471  46.084  -51.986  28.009 0.4482758621
89072  50.847  -40.278  9.345 0.0344827586
89073  50.763  -39.824  8.680 0.0344827586
89074  50.096  -40.228  9.032 0.0344827586
89075  49.427  -40.141  8.649 0.0344827586
89076  49.519  -40.567  9.334 0.0344827586
89077  57.204  -43.683  13.917 0.0344827586
89078  57.165  -43.100  13.302 0.0344827586
89079  56.455  -43.447  13.758 0.0344827586
89080  54.263  -43.284  13.755 0.0344827586
89081  54.947  -42.948  13.328 0.0344827586
89082  54.181  -42.743  13.101 0.0344827586
89083  54.093  -42.214  12.415 0.0344827586
89084  53.439  -42.564  12.844 0.0344827586
89085  51.454  -44.556  15.354 0.0344827586
89086  52.152  -44.275  15.015 0.0344827586
89087  51.410  -44.062  14.692 0.0344827586
89088  50.602  -42.935  13.130 0.0344827586
89089  51.364  -43.084  13.428 0.0344827586
89090  51.247  -42.599  12.753 0.0344827586
89091  51.936  -42.259  12.360 0.0344827586
89092  51.201  -42.114  12.071 0.0344827586
89093  51.139  -41.634  11.393 0.0344827586
89094  50.469  -41.967  11.739 0.0344827586
89095  48.345  -42.074  11.336 0.0344827586
89096  49.003  -41.711  11.006 0.0344827586
89097  48.270  -41.672  10.611 0.0344827586
89098  48.226  -41.283  9.950 0.0344827586
89099  47.623  -41.636  10.156 0.0344827586
89100  47.048  -41.709  9.686 0.0344827586
89101  47.062  -42.066  10.434 0.0344827586
89102  45.827  -43.236  11.575 0.0344827586
89103  45.870  -42.925  10.837 0.0344827586
89104  45.276  -43.418  10.998 0.0344827586
89105  44.862  -43.726  10.447 0.0344827586
89106  44.762  -43.937  11.209 0.0344827586
93393  58.550  -49.990  20.402 0.1034482759
93394  58.614  -50.477  21.010 0.1724137931
93395  58.027  -50.600  21.479 0.1724137931
93396  57.449  -50.724  21.975 0.1724137931
97164  52.420  -57.054  38.750 0.7241379310
97165  52.684  -56.492  38.381 0.7241379310
97166  52.191  -56.656  38.166 0.7241379310
97167  51.998  -56.264  37.594 0.7586206897
97168  51.797  -55.898  36.995 0.7586206897
97169  48.167  -53.357  30.735 0.5862068966
97170  48.822  -53.360  30.885 0.6896551724
97171  48.682  -53.042  30.238 0.6206896552
97172  49.236  -52.784  29.762 0.6206896552
97173  49.845  -52.541  29.238 0.5517241379
97174  50.483  -52.379  28.780 0.5862068966
97175  49.768  -52.275  28.630 0.4827586207
97176  49.714  -51.981  28.071 0.4827586207
97177  49.659  -51.687  27.489 0.4482758621
97178  49.645  -51.412  26.942 0.4482758621
97179  48.909  -51.560  27.364 0.4482758621
97180  48.190  -51.440  27.254 0.4482758621
97181  47.431  -51.327  27.140 0.4482758621
97302  57.117  -41.944  12.006 0.0344827586
97303  50.144  -46.430  18.172 0.1034482759
97304  50.063  -46.024  17.523 0.0689655172
97305  49.368  -46.238  17.927 0.0689655172
97306  48.651  -46.018  17.661 0.0689655172
97307  47.936  -45.825  17.356 0.0689655172
98178  45.100  -43.264  8.894 0.0344827586
98179  45.083  -43.359  8.208 0.0344827586
98180  44.753  -44.013  8.439 0.0344827586
98181  44.554  -44.823  7.991 0.0344827586
98182  44.591  -45.673  7.554 0.0344827586
101484  48.168  -58.984  36.616 0.5862068966
101485  48.452  -58.305  36.452 0.6551724138
101486  47.845  -58.636  36.130 0.5862068966
101487  47.513  -58.232  35.684 0.6206896552
101488  47.212  -57.840  35.194 0.6206896552
101489  44.729  -58.012  33.085 0.5172413793
101490  45.321  -57.691  33.452 0.5172413793
101491  45.002  -57.323  32.967 0.5172413793
101492  45.328  -56.620  32.818 0.5172413793
101493  45.685  -55.923  32.608 0.5517241379
101494  46.077  -55.246  32.318 0.6206896552
101495  45.379  -55.485  32.051 0.5862068966
101496  45.111  -55.099  31.527 0.5517241379
101497  44.906  -54.705  30.993 0.5172413793
101498  44.666  -54.309  30.424 0.5172413793
101499  44.194  -54.915  30.740 0.5172413793
101622  57.193  -46.579  16.924 0.0689655172
101623  55.999  -48.638  19.672 0.1034482759
101624  55.900  -48.128  19.087 0.1034482759
101625  55.285  -48.344  19.547 0.1034482759
101626  54.579  -48.028  19.414 0.1034482759
101627  53.848  -47.723  19.259 0.1034482759
101628  53.111  -47.432  19.074 0.1034482759
101629  53.166  -47.906  19.708 0.1034482759
101630  52.508  -48.109  20.172 0.1379310345
101631  51.860  -48.315  20.643 0.1724137931
104719  53.806  -58.772  41.503 0.5517241379
104720  53.469  -58.421  40.952 0.6206896552
104721  53.345  -59.016  41.236 0.5862068966
104722  52.815  -59.199  40.935 0.5862068966
104723  52.289  -59.460  40.757 0.5862068966
104729  50.418  -63.175  40.354 0.4482758621
104730  50.848  -63.010  40.833 0.4827586207
104731  50.542  -62.665  40.386 0.5172413793
104732  50.695  -62.173  40.496 0.5172413793
104733  50.803  -61.695  40.500 0.5517241379
104734  50.937  -61.071  40.460 0.5517241379
104735  50.455  -61.321  39.967 0.5517241379
104736  50.092  -60.936  39.444 0.5172413793
104737  49.765  -60.582  38.938 0.5172413793
104738  49.480  -60.256  38.445 0.5172413793
104739  49.263  -60.851  38.455 0.4827586207
104740  48.777  -61.150  38.001 0.4827586207
104741  48.235  -61.433  37.556 0.5172413793
112937  53.913  -54.521  36.756 0.7241379310
112938  54.446  -54.306  36.863 0.6206896552
112939  54.337  -54.137  36.265 0.6896551724
112940  54.823  -53.844  35.737 0.6206896552
112946  49.722  -55.772  35.250 0.6551724138
112947  50.356  -55.533  35.401 0.7241379310
112948  50.099  -55.233  34.839 0.6896551724
112949  50.480  -54.785  34.435 0.7241379310
112950  50.881  -54.432  33.995 0.7586206897
112951  51.472  -53.310  31.309 0.7586206897
112952  51.615  -53.495  31.864 0.7586206897
112953  52.096  -53.245  31.413 0.7241379310
112954  52.700  -53.246  31.569 0.6896551724
112955  53.293  -53.206  31.636 0.6896551724
112956  53.971  -53.230  31.724 0.6896551724
112957  53.890  -53.188  31.198 0.6551724138
112958  54.546  -53.214  30.764 0.5862068966
112959  55.211  -53.293  30.363 0.5172413793
112960  55.853  -53.438  30.016 0.4827586207
112961  55.215  -53.190  29.775 0.4827586207
112962  55.202  -53.081  29.217 0.4827586207
112963  55.162  -52.972  28.708 0.4827586207
112964  53.222  -52.018  27.107 0.4482758621
112965  53.896  -52.205  27.269 0.4137931034
112966  53.909  -52.021  26.774 0.3448275862
112967  54.595  -52.101  26.456 0.3448275862
112968  55.321  -52.112  26.106 0.3103448276
112969  56.018  -52.186  25.800 0.3103448276
112970  55.368  -51.883  25.580 0.3103448276
112971  55.377  -51.717  25.104 0.2758620690
112972  55.424  -51.500  24.573 0.2068965517
112973  55.556  -51.246  24.025 0.1724137931
112974  54.817  -51.221  24.386 0.2068965517
112975  54.137  -50.955  24.196 0.2068965517
112976  53.400  -50.670  24.008 0.2413793103
112977  49.589  -50.290  24.724 0.4137931034
112978  50.329  -50.229  24.344 0.3448275862
112979  49.571  -49.933  24.145 0.3448275862
112980  49.633  -49.669  23.622 0.3448275862
112981  49.709  -49.415  23.097 0.3103448276
112982  49.857  -49.122  22.547 0.2413793103
112983  49.012  -49.158  22.888 0.2758620690
112984  48.311  -48.941  22.677 0.2413793103
113345  52.880  -39.590  8.850 0.0344827586
113346  52.144  -39.505  8.591 0.0344827586
113347  52.226  -39.957  9.267 0.0344827586
113348  51.567  -40.336  9.647 0.0344827586
113349  50.937  -40.715  10.000 0.0344827586
113350  55.776  -44.329  14.797 0.0344827586
113351  55.739  -43.750  14.185 0.0344827586
113352  54.986  -44.107  14.653 0.0344827586
113353  54.294  -43.863  14.416 0.0344827586
113354  53.578  -43.630  14.192 0.0344827586
113355  49.929  -44.183  14.868 0.0344827586
113356  50.642  -43.883  14.444 0.0344827586
113357  49.923  -43.702  14.181 0.0344827586
113358  49.909  -43.236  13.507 0.0344827586
113359  49.871  -42.761  12.800 0.0344827586
113360  49.784  -42.277  12.084 0.0344827586
113361  49.181  -42.573  12.425 0.0344827586
113362  48.426  -42.477  12.036 0.0344827586
113363  47.650  -42.443  11.615 0.0344827586
113364  47.043  -42.425  11.172 0.0344827586
113365  47.029  -42.799  11.890 0.0344827586
113366  46.425  -43.168  12.143 0.0344827586
113367  45.772  -43.540  12.323 0.0344827586
115402  43.986  -46.160  9.076 0.0344827586
117972  45.886  -60.108  35.089 0.4482758621
117973  46.120  -59.476  35.027 0.5172413793
117975  45.175  -59.455  34.173 0.4827586207
117976  44.813  -59.085  33.687 0.5172413793
117979  44.476  -58.698  33.180 0.5172413793
117980  44.134  -58.358  32.656 0.5172413793
118079  57.892  -48.597  18.946 0.1034482759
118080  57.254  -48.789  19.377 0.1034482759
118081  57.909  -49.659  20.186 0.1034482759
118082  57.284  -49.342  19.998 0.1034482759
118083  56.643  -48.968  19.817 0.1034482759
118084  56.036  -49.118  20.268 0.1034482759
118085  55.378  -49.282  20.767 0.1034482759
118086  54.771  -49.443  21.268 0.1379310345
120492  51.691  -64.945  42.295 0.3448275862
120493  51.879  -64.463  42.292 0.4482758621
120494  51.365  -64.659  41.793 0.3448275862
120495  51.041  -64.321  41.280 0.3793103448
120496  50.675  -64.012  40.815 0.4137931034
120499  50.317  -63.697  40.328 0.4827586207
120500  49.971  -63.396  39.862 0.4482758621
120501  49.627  -63.107  39.384 0.4827586207
120502  49.253  -62.852  38.914 0.4827586207
120503  48.885  -62.582  38.470 0.4827586207
120504  48.706  -63.194  38.483 0.4137931034
126876  54.187  -56.004  39.669 0.5862068966
126877  54.375  -55.399  39.221 0.5517241379
126878  54.009  -55.745  39.076 0.5862068966
126879  53.855  -55.453  38.484 0.6206896552
126880  53.724  -55.183  37.843 0.6896551724
126881  52.961  -55.987  38.042 0.7586206897
126882  53.238  -55.395  37.618 0.7931034483
126883  53.558  -54.942  37.205 0.7586206897
126884  53.442  -54.692  36.575 0.7586206897
126885  53.349  -54.403  35.900 0.7586206897
126886  53.169  -54.186  35.250 0.7931034483
126887  48.897  -54.483  33.040 0.7586206897
126888  49.524  -54.405  33.192 0.7241379310
126889  49.374  -54.149  32.612 0.7241379310
126890  49.847  -53.846  32.177 0.7241379310
126891  50.317  -53.580  31.733 0.7241379310
126892  49.531  -53.356  31.003 0.6896551724
126893  50.171  -53.344  31.115 0.6896551724
126894  50.818  -53.358  31.258 0.6896551724
126895  51.367  -53.132  30.714 0.5517241379
126896  51.984  -52.948  30.196 0.5517241379
126897  52.598  -52.814  29.731 0.5517241379
126898  53.193  -52.735  29.288 0.5172413793
126899  52.536  -52.625  29.143 0.5172413793
126900  52.508  -52.469  28.573 0.4827586207
126901  52.549  -52.277  28.014 0.4827586207
126902  51.128  -52.244  28.302 0.4482758621
126903  51.815  -52.127  27.890 0.5172413793
126904  52.526  -52.054  27.498 0.4482758621
126905  52.528  -51.823  26.963 0.3793103448
126906  52.522  -51.636  26.469 0.3793103448
126907  52.519  -51.434  25.954 0.3448275862
126908  52.545  -51.231  25.490 0.3448275862
126909  51.792  -51.235  25.801 0.3793103448
126910  51.077  -51.026  25.639 0.3793103448
126911  50.353  -50.799  25.474 0.3793103448
126912  49.628  -51.130  26.389 0.3448275862
126913  49.612  -50.848  25.839 0.3448275862
126914  49.598  -50.569  25.275 0.3793103448
126915  48.831  -50.382  25.118 0.3103448276
126916  48.047  -50.219  25.021 0.3448275862
127199  54.654  -40.827  10.621 0.0344827586
127200  53.995  -41.183  11.077 0.0344827586
127201  52.937  -45.528  16.463 0.0689655172
127202  52.888  -45.004  15.850 0.0689655172
127203  52.205  -45.287  16.249 0.0689655172
127204  51.461  -45.051  16.003 0.0689655172
127205  50.746  -44.852  15.765 0.0689655172
127206  50.094  -45.594  16.899 0.0689655172
127207  50.058  -45.161  16.270 0.0689655172
127208  49.991  -44.683  15.564 0.0689655172
127209  49.239  -44.464  15.262 0.0689655172
127210  48.551  -44.266  14.908 0.0344827586
129183  47.040  -41.003  8.248 0.0344827586
129194  44.262  -46.325  8.421 0.0344827586
129195  44.558  -46.485  7.818 0.0344827586
129196  44.871  -46.646  7.273 0.0344827586
136164  50.427  -57.831  37.859 0.6896551724
136165  50.694  -57.196  37.527 0.7241379310
136166  50.134  -57.425  37.288 0.6551724138
136167  49.862  -57.043  36.730 0.6551724138
136168  49.621  -56.656  36.178 0.6206896552
136169  48.702  -57.581  36.208 0.6551724138
136170  49.012  -56.948  35.946 0.6551724138
136171  49.363  -56.362  35.634 0.6206896552
136172  49.102  -56.008  35.067 0.7586206897
136173  48.899  -55.643  34.498 0.7586206897
136174  48.679  -55.323  33.988 0.7241379310
136175  46.302  -58.826  34.959 0.5517241379
136176  46.600  -58.156  34.861 0.5517241379
136177  46.924  -57.465  34.677 0.6206896552
136178  45.976  -57.359  33.808 0.5172413793
136179  46.633  -57.039  34.140 0.5862068966
136180  47.251  -56.780  34.443 0.5862068966
136181  47.606  -56.139  34.171 0.7241379310
136182  48.027  -55.565  33.869 0.7241379310
136183  48.463  -54.968  33.475 0.7586206897
136184  48.207  -54.667  32.906 0.7586206897
136185  47.961  -54.376  32.366 0.7241379310
136186  47.777  -54.075  31.802 0.6206896552
136187  46.561  -54.673  32.012 0.6551724138
136188  47.024  -54.141  31.573 0.6551724138
136189  47.626  -53.724  31.199 0.6206896552
136190  47.494  -53.345  30.600 0.6206896552
136191  47.257  -53.027  29.986 0.5517241379
136192  47.057  -52.706  29.405 0.5517241379
136193  46.933  -52.346  28.753 0.5172413793
136194  46.326  -52.724  29.208 0.5172413793
136195  45.564  -52.785  29.068 0.4827586207
136196  44.754  -52.899  28.872 0.4482758621
136197  44.413  -53.888  29.826 0.4827586207
136198  44.154  -53.475  29.248 0.4482758621
136451  57.875  -43.970  14.116 0.0344827586
136452  57.214  -44.280  14.555 0.0344827586
136454  57.177  -44.888  15.158 0.0344827586
136455  56.503  -44.602  14.978 0.0344827586
136456  55.770  -44.911  15.411 0.0344827586
136457  55.057  -45.209  15.839 0.0344827586
136458  54.385  -45.486  16.260 0.0344827586
136460  57.182  -47.121  17.569 0.0689655172
136461  56.499  -46.834  17.426 0.0689655172
136462  55.861  -47.578  18.473 0.1034482759
136463  55.844  -47.049  17.846 0.0689655172
136464  55.831  -46.539  17.228 0.0689655172
136465  55.091  -46.289  17.053 0.0689655172
136466  54.390  -46.015  16.877 0.0689655172
136468  52.997  -46.004  17.081 0.0689655172
136469  52.314  -46.244  17.508 0.0689655172
136470  51.612  -46.502  18.049 0.0689655172
136471  52.382  -47.189  18.896 0.1034482759
136472  51.624  -46.965  18.714 0.1034482759
136473  50.913  -46.692  18.460 0.1034482759
136474  50.250  -46.885  18.873 0.1034482759
142811  54.403  -56.269  40.236 0.6206896552
142812  54.020  -56.603  40.022 0.6551724138
142813  53.544  -56.894  39.805 0.6896551724
142814  53.113  -57.146  39.541 0.6896551724
142815  53.119  -58.070  40.412 0.6896551724
142816  52.891  -57.729  39.877 0.6896551724
142817  52.659  -57.378  39.302 0.6896551724
142818  52.189  -57.613  39.123 0.7241379310
142819  51.687  -57.779  38.903 0.6551724138
142820  51.159  -57.924  38.599 0.7241379310
142832  52.280  -63.007  42.440 0.4482758621
142833  51.351  -62.865  41.408 0.5172413793
142834  51.902  -62.690  41.960 0.5172413793
142836  52.485  -61.890  42.368 0.4827586207
142837  52.606  -61.341  42.244 0.5172413793
142838  52.772  -60.804  42.063 0.5172413793
142839  52.446  -60.414  41.519 0.5172413793
142840  52.111  -60.031  41.009 0.5172413793
142841  51.803  -59.682  40.520 0.5862068966
142842  51.126  -60.452  40.306 0.5172413793
142843  51.331  -59.852  40.132 0.6206896552
142844  51.516  -59.265  39.965 0.5862068966
142845  51.221  -58.889  39.393 0.5862068966
142846  50.934  -58.518  38.845 0.6896551724
142847  50.659  -58.191  38.356 0.6896551724
142848  50.104  -58.461  38.068 0.6551724138
142849  49.572  -58.685  37.714 0.6896551724
142850  49.055  -58.960  37.409 0.6551724138
142851  49.162  -59.953  37.947 0.5517241379
142852  48.831  -59.617  37.495 0.5862068966
142853  48.525  -59.286  37.072 0.6206896552
142854  47.948  -59.590  36.693 0.5862068966
142855  47.402  -59.866  36.300 0.6206896552
142856  46.843  -60.179  35.914 0.5862068966
142857  48.481  -62.296  38.060 0.4827586207
142858  48.053  -61.993  37.595 0.4827586207
142859  47.655  -61.717  37.144 0.4827586207
142861  47.117  -62.012  36.751 0.4137931034
142862  47.313  -61.415  36.708 0.4482758621
142863  46.969  -61.103  36.305 0.4482758621
142864  46.624  -60.795  35.935 0.4482758621
142865  46.256  -60.470  35.529 0.4482758621
159305  59.065  -51.969  23.167 0.1724137931
159333  50.956  -56.615  37.150 0.7241379310
159334  51.256  -56.064  36.763 0.6896551724
159335  51.597  -55.520  36.399 0.7586206897
159336  50.889  -55.349  35.575 0.7586206897
159337  51.443  -55.212  35.765 0.7586206897
159338  51.948  -55.134  35.982 0.7586206897
159339  52.297  -54.663  35.516 0.7586206897
159340  52.655  -54.304  35.063 0.7586206897
159341  53.070  -54.001  34.619 0.7586206897
159342  50.140  -54.333  33.340 0.7241379310
159343  50.733  -54.221  33.420 0.7241379310
159344  51.317  -54.109  33.518 0.7931034483
159345  51.707  -53.650  32.435 0.7586206897
159346  51.791  -53.806  33.029 0.7931034483
159347  51.925  -53.937  33.619 0.7931034483
159348  52.474  -53.861  33.801 0.7586206897
159349  53.009  -53.808  33.987 0.7586206897
159350  53.568  -53.715  34.159 0.7586206897
159351  54.092  -53.534  33.695 0.7241379310
159352  54.637  -53.467  33.172 0.7241379310
159354  54.609  -53.328  31.902 0.6896551724
159355  55.249  -53.461  32.106 0.5862068966
159363  56.499  -53.644  29.717 0.3448275862
159368  57.800  -53.547  27.566 0.3103448276
159369  53.802  -52.723  28.904 0.5172413793
159370  54.451  -52.761  28.559 0.4482758621
159371  55.138  -52.818  28.183 0.4482758621
159372  54.546  -52.412  27.447 0.3793103448
159373  55.180  -52.696  27.633 0.3448275862
159374  55.833  -52.940  27.819 0.3448275862
159375  56.463  -53.070  27.567 0.3448275862
159376  57.124  -53.232  27.299 0.3448275862
159377  57.824  -53.410  27.066 0.3103448276
159378  57.890  -53.218  26.546 0.3103448276
159379  57.964  -52.978  25.961 0.3448275862
159380  58.039  -52.687  25.346 0.2068965517
159381  56.732  -52.287  25.483 0.3103448276
159382  57.437  -52.368  25.125 0.2758620690
159383  58.122  -52.425  24.748 0.1724137931
159384  58.236  -52.174  24.128 0.1724137931
159385  58.358  -51.916  23.552 0.1724137931
159386  58.461  -51.635  22.969 0.1724137931
159387  57.933  -51.321  22.749 0.1724137931
159388  57.304  -51.014  22.570 0.1724137931
159389  56.659  -50.716  22.388 0.1379310345
159390  55.679  -50.978  23.445 0.1724137931
159391  55.829  -50.692  22.814 0.1379310345
159392  55.983  -50.414  22.190 0.1379310345
159393  55.269  -50.094  22.038 0.1379310345
159394  54.620  -49.776  21.865 0.1379310345
159395  53.957  -49.494  21.682 0.1724137931
159396  52.575  -50.968  24.927 0.3448275862
159397  52.624  -50.712  24.379 0.3103448276
159398  52.689  -50.423  23.793 0.2413793103
159399  51.109  -50.189  23.979 0.3448275862
159400  51.953  -50.178  23.636 0.2413793103
159401  52.770  -50.120  23.167 0.2068965517
159402  52.892  -49.824  22.632 0.2068965517
159403  53.071  -49.535  22.090 0.1724137931
159404  53.251  -49.204  21.509 0.1724137931
159405  52.486  -48.917  21.353 0.1724137931
159406  51.749  -48.654  21.221 0.1724137931
159407  50.925  -48.400  21.037 0.1724137931
159408  49.977  -48.835  21.984 0.2068965517
159409  50.068  -48.527  21.443 0.2068965517
159410  50.162  -48.163  20.835 0.1724137931
159411  49.468  -47.934  20.612 0.1724137931
159414  46.849  -51.993  28.145 0.5517241379
159415  46.745  -51.631  27.546 0.4482758621
159416  46.632  -51.261  26.951 0.4137931034
159418  45.815  -51.184  26.776 0.4137931034
159419  46.564  -50.901  26.357 0.4137931034
160139  50.626  -39.387  8.024 0.0344827586
160141  49.321  -39.717  7.981 0.0344827586
160142  48.728  -40.094  8.228 0.0344827586
160143  48.156  -40.497  8.504 0.0344827586
160145  57.135  -42.537  12.678 0.0344827586
160146  56.421  -42.294  12.456 0.0344827586
160147  55.701  -43.193  13.569 0.0344827586
160148  55.655  -42.613  12.902 0.0344827586
160149  55.631  -42.064  12.220 0.0344827586
160150  54.867  -41.853  11.977 0.0344827586
160151  54.053  -41.686  11.736 0.0344827586
160152  53.294  -41.495  11.466 0.0344827586
160153  52.864  -44.471  15.240 0.0344827586
160154  52.822  -43.986  14.666 0.0344827586
160155  52.828  -43.438  13.976 0.0344827586
160156  51.372  -43.567  14.027 0.0344827586
160157  52.107  -43.259  13.707 0.0344827586
160158  52.786  -42.912  13.283 0.0344827586
160159  52.712  -42.407  12.600 0.0344827586
160160  52.624  -41.889  11.928 0.0344827586
160161  52.551  -41.351  11.246 0.0344827586
160162  51.805  -41.261  11.007 0.0344827586
160163  51.038  -41.160  10.695 0.0344827586
160164  50.296  -41.061  10.361 0.0344827586
160165  49.728  -41.812  11.376 0.0344827586
160166  49.645  -41.395  10.697 0.0344827586
160167  49.598  -40.964  10.014 0.0344827586
160168  48.895  -40.917  9.657 0.0344827586
160169  48.207  -40.900  9.253 0.0344827586
160170  47.583  -40.935  8.761 0.0344827586
160171  47.023  -41.361  8.951 0.0344827586
160172  46.496  -41.853  9.186 0.0344827586
160173  45.987  -42.380  9.376 0.0344827586
160174  46.476  -42.483  10.662 0.0344827586
160175  45.945  -42.636  10.163 0.0344827586
160176  45.474  -42.930  9.543 0.0344827586
160177  44.977  -43.501  9.712 0.0344827586
