#!ascii label  , from subject fsaverage vox2ras=TkReg
552
178  -35.247  43.635  19.999 0.1250000000
393  -40.982  37.265  20.541 0.1250000000
893  -41.903  33.371  23.580 0.1388888889
894  -40.414  37.417  25.062 0.1944444444
896  -36.822  45.505  17.163 0.2777777778
1878  -39.622  42.449  21.085 0.1250000000
2812  -40.327  34.939  28.660 0.1111111111
2813  -40.336  35.179  26.518 0.1944444444
2814  -39.572  37.301  27.383 0.1527777778
4120  -41.319  35.144  22.238 0.1666666667
4121  -42.877  33.900  22.087 0.1250000000
4128  -36.931  45.364  15.177 0.2222222222
4129  -36.792  43.061  16.770 0.3055555556
6216  -41.482  33.115  25.704 0.1527777778
6217  -40.646  34.992  24.268 0.1666666667
6218  -40.884  37.444  22.813 0.1527777778
6220  -36.500  45.484  19.105 0.1666666667
7274  -37.605  38.599  27.469 0.1111111111
8251  -40.807  40.124  23.327 0.1111111111
8252  -40.790  39.814  20.812 0.1527777778
8253  -37.689  43.802  18.883 0.2500000000
8254  -38.665  41.557  18.444 0.3055555556
8255  -39.102  39.131  18.582 0.2361111111
10493  -39.903  36.230  28.137 0.1666666667
10494  -39.150  36.880  28.378 0.1527777778
11800  -41.030  36.158  21.508 0.1527777778
11801  -41.500  35.233  21.292 0.1388888889
11802  -41.007  36.120  20.448 0.1250000000
11803  -40.574  36.009  19.522 0.1388888889
11804  -40.405  36.997  19.581 0.1805555556
11805  -35.767  42.712  21.006 0.1111111111
11806  -36.919  42.885  21.778 0.1111111111
11809  -36.336  43.933  14.646 0.2500000000
14200  -40.053  36.191  25.802 0.1944444444
14201  -40.361  35.024  25.379 0.1944444444
14202  -40.366  36.193  24.672 0.1944444444
14203  -40.727  36.295  23.596 0.1805555556
14204  -40.774  37.498  23.958 0.1666666667
18120  -42.432  32.636  24.394 0.1527777778
18122  -42.951  33.016  23.532 0.1388888889
18140  -40.558  41.434  22.346 0.1111111111
18141  -40.994  39.992  22.073 0.1388888889
18142  -40.499  41.326  20.939 0.1527777778
18143  -36.788  45.538  18.181 0.2083333333
18144  -37.195  44.714  19.011 0.1805555556
18145  -37.095  44.475  17.983 0.2638888889
18146  -36.846  41.868  16.452 0.3194444444
18147  -37.593  42.224  17.527 0.3194444444
18148  -37.959  41.145  17.203 0.2916666667
18149  -38.898  40.403  18.424 0.2222222222
18150  -38.126  39.980  17.254 0.2638888889
18151  -38.310  38.762  17.415 0.2500000000
23495  -40.954  34.147  27.204 0.1388888889
23496  -40.433  35.250  27.665 0.1666666667
23497  -39.962  36.314  26.964 0.1944444444
23498  -39.910  37.401  26.227 0.1805555556
25848  -41.562  34.261  22.897 0.1805555556
25849  -42.463  33.749  22.792 0.1388888889
25850  -42.020  34.436  22.132 0.1527777778
25851  -42.235  34.561  21.365 0.1250000000
25852  -41.975  34.542  20.533 0.1250000000
25854  -40.921  35.228  19.586 0.1250000000
25861  -38.550  43.163  21.099 0.1111111111
25862  -36.848  45.493  16.147 0.2500000000
25863  -36.874  44.237  16.918 0.2777777778
25864  -36.554  44.060  15.821 0.2916666667
25865  -36.235  42.807  15.614 0.2916666667
29863  -42.175  32.426  25.382 0.1111111111
29864  -41.576  33.160  24.544 0.1527777778
29865  -40.862  34.050  26.097 0.1944444444
29868  -40.991  35.055  23.218 0.1944444444
29869  -40.895  36.188  22.577 0.1805555556
29870  -40.942  37.343  21.730 0.1250000000
29871  -34.824  44.802  19.088 0.1111111111
29872  -35.968  44.862  19.720 0.1250000000
29873  -35.525  45.849  18.880 0.1388888889
29874  -36.204  46.463  18.433 0.1527777778
29875  -36.649  46.720  17.645 0.1388888889
29878  -36.951  46.880  16.589 0.1944444444
32360  -38.031  37.431  28.223 0.1250000000
32361  -36.999  37.855  27.894 0.1111111111
32378  -34.196  43.645  19.148 0.1111111111
35031  -43.371  33.241  22.817 0.1111111111
35046  -38.728  38.153  27.691 0.1527777778
35047  -39.433  38.582  26.761 0.1666666667
35048  -40.259  38.715  25.631 0.1388888889
35051  -40.771  38.822  24.201 0.1527777778
35052  -40.932  38.788  23.052 0.1388888889
35053  -40.957  38.665  21.879 0.1388888889
35054  -40.948  38.455  20.631 0.1388888889
35055  -36.999  44.615  20.077 0.1250000000
35056  -37.757  43.991  20.066 0.1666666667
35057  -38.497  43.107  19.879 0.1805555556
35058  -37.306  43.435  17.790 0.3472222222
35059  -38.204  42.746  18.625 0.2916666667
35060  -39.304  42.130  19.662 0.1805555556
35061  -39.796  40.810  19.572 0.1944444444
35062  -40.060  39.453  19.601 0.1805555556
35063  -40.258  38.300  19.584 0.1666666667
35064  -39.218  37.909  18.657 0.2222222222
41212  -38.928  35.958  28.851 0.1111111111
41213  -39.251  36.313  28.638 0.1250000000
41214  -38.793  36.540  28.606 0.1111111111
42520  -40.996  36.724  21.048 0.1111111111
42521  -41.047  36.136  20.993 0.1111111111
42522  -40.939  36.684  20.488 0.1250000000
42523  -40.723  36.562  19.995 0.1388888889
42524  -40.737  37.163  20.052 0.1527777778
42525  -35.515  43.184  20.470 0.1250000000
42527  -35.840  43.780  20.369 0.1250000000
44920  -40.127  36.816  25.425 0.1944444444
44921  -40.116  36.090  25.246 0.1944444444
44922  -40.355  36.816  24.886 0.1944444444
44923  -40.557  36.879  24.339 0.1805555556
44924  -40.592  37.460  24.505 0.1944444444
48840  -42.171  32.999  24.006 0.1527777778
48841  -42.672  32.794  23.949 0.1527777778
48842  -42.456  33.157  23.552 0.1250000000
48845  -42.712  33.504  21.097 0.1111111111
48861  -40.643  41.445  21.643 0.1388888889
48862  -40.083  41.956  21.016 0.1527777778
48863  -36.796  45.523  17.690 0.2638888889
48864  -36.974  45.007  18.082 0.2500000000
48865  -36.925  44.897  17.539 0.2500000000
48866  -36.982  41.324  16.349 0.3333333333
48867  -37.409  41.502  16.821 0.3055555556
48868  -37.533  40.968  16.677 0.3194444444
48869  -38.041  40.531  17.188 0.2777777778
48870  -37.619  40.357  16.594 0.2916666667
54518  -40.736  34.652  27.948 0.1111111111
54519  -40.482  35.128  28.215 0.1111111111
54520  -39.706  36.723  27.743 0.1666666667
54521  -39.977  36.310  27.554 0.1805555556
54522  -39.814  36.796  27.164 0.1805555556
54523  -39.864  36.820  26.597 0.1944444444
54524  -39.735  37.410  26.841 0.1805555556
58440  -41.449  34.700  22.579 0.1805555556
58441  -41.827  34.366  22.517 0.1666666667
58442  -41.669  34.741  22.162 0.1527777778
58443  -41.527  35.257  20.873 0.1250000000
58444  -41.859  34.896  21.303 0.1388888889
58445  -41.889  34.887  20.926 0.1111111111
58446  -42.216  34.548  20.991 0.1111111111
58447  -41.750  34.908  20.496 0.1250000000
58448  -41.492  34.893  20.041 0.1250000000
58449  -41.212  35.296  20.001 0.1250000000
58450  -40.027  36.330  19.145 0.1666666667
58458  -37.208  43.412  21.505 0.1111111111
58459  -37.528  42.850  22.061 0.1250000000
58460  -37.802  43.210  21.655 0.1111111111
58462  -37.974  43.459  21.136 0.1388888889
58463  -36.891  45.406  15.678 0.2500000000
58464  -36.759  44.703  15.960 0.2777777778
58465  -36.712  44.682  15.456 0.2500000000
58467  -36.178  43.347  15.083 0.2777777778
58469  -36.155  42.193  15.496 0.2777777778
65637  -41.797  32.727  25.544 0.1250000000
65638  -41.877  32.781  25.001 0.1527777778
65639  -41.506  33.104  25.129 0.1527777778
65640  -40.666  34.703  26.916 0.1805555556
65641  -40.930  34.149  26.670 0.1805555556
65642  -40.607  34.613  26.299 0.1944444444
65643  -40.486  34.995  24.780 0.1666666667
65644  -40.602  34.457  25.140 0.2083333333
65648  -40.999  34.541  23.577 0.1666666667
65649  -40.828  35.017  23.748 0.1805555556
65650  -40.824  36.852  23.210 0.1666666667
65651  -40.835  36.228  23.064 0.1805555556
65652  -40.846  36.800  22.686 0.1527777778
65653  -40.858  36.764  22.202 0.1388888889
65654  -40.838  37.429  22.336 0.1250000000
65655  -34.528  45.382  18.761 0.1111111111
65656  -35.187  45.421  18.991 0.1388888889
65670  -37.052  47.578  16.387 0.1111111111
65671  -37.067  46.924  16.103 0.1944444444
65672  -37.124  47.597  15.822 0.1250000000
71053  -34.808  41.932  20.644 0.1111111111
77408  -42.691  33.868  22.471 0.1250000000
77409  -42.925  33.500  22.797 0.1388888889
77410  -43.133  33.621  22.488 0.1111111111
77445  -37.760  38.083  27.891 0.1388888889
77446  -38.370  37.825  27.966 0.1388888889
77447  -38.179  38.411  27.641 0.1388888889
77448  -38.976  39.607  26.484 0.1388888889
77449  -38.987  38.971  26.920 0.1527777778
77450  -39.493  39.215  26.371 0.1388888889
77451  -39.844  38.696  26.177 0.1388888889
77456  -40.561  40.803  23.484 0.1111111111
77459  -40.636  39.505  24.456 0.1250000000
77460  -40.787  39.560  23.755 0.1250000000
77461  -40.868  38.885  23.625 0.1666666667
77462  -40.885  39.454  23.142 0.1388888889
77463  -40.961  39.935  21.434 0.1527777778
77464  -40.987  39.322  21.979 0.1250000000
77465  -40.954  39.236  21.365 0.1388888889
77466  -40.965  38.553  21.246 0.1250000000
77467  -40.869  39.117  20.726 0.1527777778
77468  -36.248  45.239  19.452 0.1388888889
77469  -36.553  44.806  19.991 0.1388888889
77470  -36.748  45.028  19.574 0.1388888889
77471  -37.475  44.272  18.977 0.2083333333
77472  -37.472  44.373  19.553 0.1527777778
77473  -37.767  43.938  19.474 0.2222222222
77474  -38.121  43.541  20.003 0.1805555556
77475  -38.084  43.437  19.375 0.2222222222
77476  -36.809  43.617  16.858 0.2916666667
77477  -37.028  43.776  17.380 0.3194444444
77478  -37.059  43.226  17.299 0.3194444444
77479  -38.121  41.868  17.940 0.3333333333
77480  -37.891  42.499  18.029 0.3194444444
77481  -38.446  42.159  18.497 0.2638888889
77482  -38.760  42.455  19.078 0.2361111111
77483  -38.999  41.837  19.042 0.2638888889
77484  -39.539  41.514  19.613 0.1944444444
77485  -39.179  41.242  18.987 0.2500000000
77486  -39.009  39.766  18.507 0.2222222222
77487  -39.479  39.898  19.056 0.2222222222
77488  -39.604  39.284  19.065 0.2361111111
77489  -40.162  38.867  19.571 0.1388888889
77490  -39.723  38.716  19.106 0.2222222222
77491  -39.777  38.136  19.109 0.2083333333
77492  -39.179  38.516  18.662 0.2361111111
92614  -39.882  35.365  28.832 0.1111111111
92615  -40.064  35.612  28.439 0.1388888889
92616  -39.669  36.011  28.587 0.1111111111
92617  -39.573  36.592  28.296 0.1527777778
92618  -39.360  37.130  27.917 0.1527777778
94968  -41.117  35.626  21.891 0.1527777778
94969  -41.438  35.181  21.765 0.1666666667
94970  -41.215  35.653  21.393 0.1527777778
94971  -41.211  35.673  20.876 0.1111111111
94972  -41.180  35.634  20.419 0.1250000000
94973  -40.998  35.655  19.979 0.1111111111
94974  -40.852  36.040  19.976 0.1250000000
94975  -40.470  36.453  19.539 0.1527777778
94976  -39.947  36.816  19.151 0.1805555556
94980  -36.664  43.445  21.255 0.1111111111
94983  -36.713  44.629  14.899 0.2361111111
94985  -36.328  43.893  14.061 0.2500000000
99287  -41.504  33.112  26.276 0.1388888889
99288  -40.153  35.664  26.165 0.1944444444
99289  -40.348  35.091  25.948 0.1944444444
99290  -40.204  35.579  25.596 0.1944444444
99291  -40.297  35.544  24.979 0.1944444444
99292  -40.509  35.578  24.422 0.1805555556
99293  -40.689  35.593  23.931 0.1805555556
99294  -40.591  36.234  24.127 0.1944444444
99295  -40.777  36.900  23.798 0.1805555556
99296  -40.877  37.468  23.378 0.1805555556
106344  -42.732  32.342  24.820 0.1111111111
106346  -42.946  32.485  24.391 0.1111111111
106347  -43.208  32.678  23.965 0.1388888889
106349  -42.906  33.911  21.765 0.1250000000
106350  -43.231  33.615  22.121 0.1250000000
106351  -43.189  33.601  21.825 0.1111111111
106379  -40.407  41.422  23.014 0.1111111111
106382  -40.918  40.790  22.179 0.1250000000
106383  -40.884  40.706  21.528 0.1388888889
106384  -40.712  40.538  20.843 0.1666666667
106385  -36.681  45.529  18.629 0.1805555556
106386  -36.871  45.118  19.052 0.1805555556
106387  -37.014  45.080  18.569 0.2083333333
106388  -37.186  44.617  18.528 0.2083333333
106389  -37.363  44.115  18.415 0.2916666667
106390  -36.797  42.476  16.621 0.3055555556
106391  -37.125  42.643  17.169 0.3333333333
106392  -37.258  42.025  16.981 0.3194444444
106393  -37.796  41.649  17.371 0.2916666667
106394  -38.322  41.299  17.811 0.3055555556
106395  -38.784  41.037  18.354 0.2777777778
106396  -38.450  40.742  17.760 0.2638888889
106397  -38.527  40.154  17.832 0.2361111111
106398  -38.605  39.593  17.921 0.2361111111
106399  -38.681  38.951  18.018 0.2222222222
106400  -38.216  39.417  17.338 0.2500000000
116262  -40.986  34.116  27.708 0.1111111111
116263  -40.697  34.716  27.451 0.1388888889
116264  -40.388  35.265  27.134 0.1805555556
116265  -40.166  35.766  27.889 0.1666666667
116266  -40.147  35.833  27.306 0.1666666667
116267  -40.121  35.768  26.743 0.1944444444
116268  -39.950  36.271  26.376 0.1944444444
116269  -39.963  36.813  26.005 0.1805555556
116270  -40.116  37.401  25.628 0.1805555556
121752  -41.733  33.809  23.240 0.1666666667
121753  -42.206  33.569  23.170 0.1666666667
121754  -41.999  33.942  22.848 0.1666666667
121755  -42.254  34.090  22.485 0.1666666667
121756  -42.477  34.155  22.083 0.1527777778
121757  -41.782  34.835  21.730 0.1666666667
121758  -42.167  34.517  21.728 0.1527777778
121759  -42.579  34.201  21.730 0.1388888889
121760  -42.531  34.213  21.427 0.1250000000
121761  -42.386  34.226  21.009 0.1111111111
121762  -42.139  34.170  20.597 0.1111111111
121764  -41.677  34.476  20.076 0.1250000000
121765  -41.095  34.836  19.614 0.1250000000
121767  -40.689  35.624  19.559 0.1388888889
121783  -39.146  42.830  21.125 0.1250000000
121784  -36.855  45.517  16.643 0.2777777778
121785  -36.873  44.847  17.015 0.2638888889
121786  -36.815  44.799  16.490 0.2916666667
121787  -36.698  44.127  16.373 0.3194444444
121788  -36.570  43.483  16.295 0.2777777778
121789  -36.450  43.999  15.252 0.2777777778
121790  -36.371  43.428  15.715 0.2916666667
121791  -36.498  42.924  16.250 0.2916666667
121792  -36.446  42.321  16.112 0.3055555556
121793  -36.490  41.734  15.940 0.3194444444
131526  -42.285  32.535  24.884 0.1250000000
131527  -41.984  32.872  24.496 0.1527777778
131528  -41.726  33.265  24.069 0.1527777778
131529  -41.237  33.623  26.958 0.1111111111
131530  -41.191  33.622  26.440 0.1666666667
131531  -41.170  33.567  25.886 0.1805555556
131532  -40.582  34.529  25.732 0.1944444444
131533  -40.858  33.990  25.519 0.1944444444
131534  -41.173  33.540  25.299 0.1666666667
131537  -41.516  33.686  23.678 0.1388888889
131538  -41.311  34.141  23.334 0.1666666667
131539  -41.235  34.627  23.043 0.1805555556
131540  -41.133  35.091  22.700 0.1944444444
131541  -40.817  35.592  23.398 0.1944444444
131542  -40.938  35.607  22.899 0.1805555556
131543  -41.046  35.633  22.383 0.1666666667
131544  -40.955  36.146  22.031 0.1666666667
131545  -40.945  36.728  21.597 0.1250000000
131546  -40.997  37.300  21.122 0.1111111111
131547  -35.041  44.197  19.552 0.1250000000
131548  -35.600  44.272  19.885 0.1250000000
131549  -35.399  44.833  19.438 0.1111111111
131550  -35.700  45.359  19.253 0.1388888889
131551  -36.018  45.698  19.029 0.1527777778
131553  -35.886  46.185  18.712 0.1527777778
131554  -36.291  45.890  18.681 0.1805555556
131555  -36.495  46.037  18.297 0.1666666667
131556  -36.629  46.080  17.864 0.1805555556
131557  -36.736  46.162  17.372 0.2638888889
131565  -36.824  46.822  17.129 0.1666666667
131566  -36.834  46.190  16.852 0.2500000000
131567  -36.902  46.231  16.353 0.2361111111
131568  -36.948  46.170  15.873 0.2222222222
131569  -37.041  46.103  15.387 0.2222222222
131571  -37.230  46.806  15.058 0.1666666667
138338  -38.266  36.751  28.476 0.1250000000
138340  -37.467  37.664  28.104 0.1111111111
138341  -37.274  38.276  27.713 0.1111111111
138342  -36.511  37.913  27.684 0.1111111111
138364  -35.150  42.548  20.569 0.1111111111
138365  -34.933  43.041  20.091 0.1250000000
138392  -34.709  43.613  19.587 0.1250000000
138393  -34.504  44.213  19.102 0.1111111111
146109  -42.705  33.370  23.131 0.1388888889
146110  -43.173  33.151  23.153 0.1388888889
146154  -38.627  37.163  28.312 0.1250000000
146155  -38.930  37.529  28.050 0.1388888889
146156  -39.219  37.789  27.615 0.1527777778
146157  -38.596  38.764  27.391 0.1388888889
146158  -39.087  38.418  27.283 0.1666666667
146159  -39.490  37.977  27.086 0.1805555556
146160  -39.793  38.097  26.486 0.1666666667
146161  -40.051  38.070  25.889 0.1805555556
146162  -40.445  38.081  25.245 0.1805555556
146168  -39.986  40.004  25.287 0.1111111111
146169  -40.340  39.425  25.160 0.1250000000
146170  -40.559  38.773  24.901 0.1388888889
146171  -40.639  38.105  24.638 0.1527777778
146172  -40.765  38.159  24.081 0.1666666667
146173  -40.891  38.160  23.514 0.1666666667
146174  -40.925  38.116  22.940 0.1527777778
146175  -40.951  39.374  22.563 0.1111111111
146176  -40.964  38.731  22.486 0.1388888889
146177  -40.910  38.093  22.367 0.1388888889
146178  -40.938  38.007  21.789 0.1250000000
146179  -40.993  37.912  21.192 0.1250000000
146180  -40.990  37.864  20.603 0.1527777778
146181  -36.168  44.347  20.202 0.1250000000
146182  -36.706  44.366  20.442 0.1111111111
146183  -37.211  44.217  20.568 0.1111111111
146184  -37.148  44.738  19.587 0.1805555556
146185  -37.389  44.343  20.092 0.1666666667
146186  -37.664  43.945  20.602 0.1527777778
146187  -38.100  43.554  20.587 0.1527777778
146188  -38.567  43.172  20.518 0.1527777778
146189  -39.066  42.791  20.451 0.1250000000
146190  -36.996  44.326  17.445 0.2777777778
146191  -37.223  43.933  17.867 0.3194444444
146192  -37.550  43.628  18.325 0.3055555556
146193  -37.421  42.837  17.681 0.3055555556
146194  -37.745  43.104  18.218 0.3333333333
146195  -37.972  43.292  18.800 0.3333333333
146196  -38.408  42.924  19.251 0.2500000000
146197  -38.941  42.659  19.755 0.1944444444
146198  -39.515  42.368  20.361 0.1388888889
146199  -39.895  41.791  20.305 0.1805555556
146200  -40.192  41.092  20.235 0.1805555556
146201  -40.387  40.349  20.181 0.1944444444
146202  -39.346  40.595  18.991 0.2222222222
146203  -39.940  40.100  19.615 0.1944444444
146204  -40.505  39.649  20.170 0.1666666667
146205  -40.570  39.005  20.089 0.1527777778
146206  -40.634  38.410  20.078 0.1666666667
146207  -40.697  37.792  20.073 0.1388888889
146208  -40.328  37.666  19.593 0.1666666667
146209  -39.818  37.491  19.112 0.1805555556
146210  -39.327  37.287  18.711 0.2222222222
146211  -38.725  38.315  18.113 0.2500000000
146212  -38.763  37.712  18.196 0.2361111111
149814  -40.459  34.357  28.881 0.1111111111
1877  -37.420  36.287  17.076 0.2083333333
1879  -37.123  40.825  16.174 0.3333333333
1880  -36.208  40.707  11.827 0.2361111111
4123  -40.079  34.955  18.837 0.1111111111
4124  -39.447  36.714  18.761 0.1805555556
4130  -35.887  42.574  14.295 0.2638888889
4131  -36.202  40.686  13.971 0.2916666667
8248  -37.779  34.178  17.408 0.1250000000
8256  -37.625  38.577  16.300 0.2638888889
8257  -36.465  38.466  14.240 0.1944444444
18130  -38.675  35.507  18.120 0.1944444444
18131  -38.956  34.564  18.162 0.1388888889
18132  -37.584  35.245  17.311 0.1944444444
18133  -36.547  34.992  16.379 0.1388888889
18134  -36.570  36.204  16.135 0.1527777778
18152  -37.474  39.714  16.074 0.2638888889
18153  -36.039  40.644  12.928 0.2500000000
18154  -36.451  39.738  13.983 0.2500000000
25853  -41.240  34.426  19.688 0.1250000000
25855  -39.706  35.805  18.818 0.1527777778
25856  -38.461  36.495  17.994 0.2222222222
25866  -36.156  41.613  15.346 0.3055555556
25867  -36.485  40.652  15.076 0.3333333333
25868  -35.893  41.507  14.132 0.2638888889
25869  -35.904  41.486  12.887 0.2361111111
25870  -36.108  41.514  11.759 0.2083333333
29866  -40.895  33.965  24.931 0.1666666667
29867  -41.160  34.054  23.861 0.1805555556
35040  -40.359  34.050  19.020 0.1250000000
35041  -39.162  33.667  18.253 0.1250000000
35043  -36.548  33.842  16.545 0.1111111111
35065  -38.344  37.554  17.715 0.2361111111
35066  -37.480  37.447  16.701 0.2500000000
35067  -37.026  39.730  14.905 0.2777777778
35068  -36.998  38.484  15.273 0.2361111111
35069  -36.725  37.351  15.714 0.1805555556
35070  -36.043  37.292  14.584 0.1527777778
48850  -38.019  35.863  17.658 0.2222222222
48851  -38.148  35.380  17.728 0.1944444444
48852  -37.492  35.773  17.230 0.2083333333
48853  -37.026  35.694  16.792 0.2083333333
48854  -36.997  36.238  16.627 0.2083333333
48871  -37.738  39.825  16.685 0.2638888889
48872  -37.310  40.274  16.070 0.2916666667
48873  -36.073  40.659  12.377 0.2361111111
48874  -36.108  40.241  12.957 0.2222222222
48877  -36.125  40.201  11.816 0.1944444444
58451  -40.152  35.919  19.161 0.1527777778
58452  -39.555  36.230  18.789 0.1666666667
58453  -39.063  36.106  18.458 0.1944444444
58454  -38.947  36.610  18.399 0.2222222222
58466  -36.057  43.241  14.437 0.2777777778
58468  -35.999  42.677  14.957 0.2916666667
58470  -35.907  42.098  14.863 0.2638888889
58471  -35.953  41.589  14.755 0.2916666667
58472  -35.809  41.999  14.236 0.2777777778
58473  -36.027  42.588  12.505 0.2222222222
58474  -35.876  41.950  12.947 0.2361111111
65645  -40.706  34.459  24.608 0.1944444444
65646  -41.006  33.983  24.391 0.1944444444
65647  -40.861  34.490  24.080 0.1805555556
77430  -40.671  34.718  19.235 0.1250000000
77432  -40.226  34.525  18.911 0.1388888889
77433  -38.368  34.365  17.800 0.1388888889
77434  -39.059  34.103  18.218 0.1250000000
77435  -38.461  33.894  17.827 0.1250000000
77437  -37.842  33.682  17.435 0.1111111111
77439  -37.163  33.998  16.986 0.1388888889
77440  -36.038  35.489  15.717 0.1388888889
77441  -36.008  34.858  15.842 0.1111111111
77493  -37.938  38.653  16.865 0.2500000000
77494  -38.333  38.130  17.569 0.2361111111
77495  -37.973  38.074  17.023 0.2638888889
77496  -37.917  37.495  17.190 0.2500000000
77497  -37.569  38.010  16.496 0.2500000000
77498  -36.323  40.672  14.513 0.3055555556
77499  -36.742  40.218  14.970 0.3194444444
77500  -36.566  40.247  14.455 0.3194444444
77501  -36.517  39.115  14.079 0.2083333333
77502  -36.751  39.116  14.550 0.2361111111
77503  -36.778  38.462  14.803 0.2222222222
77504  -36.886  37.896  15.520 0.2361111111
77505  -36.551  37.886  14.980 0.1805555556
77506  -36.378  37.342  15.179 0.1805555556
94986  -36.027  43.187  13.854 0.2638888889
94987  -35.889  42.538  13.702 0.2638888889
94988  -36.084  43.186  13.268 0.2361111111
94989  -36.215  43.228  12.676 0.2222222222
106362  -39.336  35.211  18.505 0.1388888889
106363  -39.516  34.758  18.501 0.1388888889
106364  -38.813  35.040  18.140 0.1666666667
106365  -38.267  34.866  17.770 0.1805555556
106366  -37.672  34.701  17.339 0.1666666667
106367  -37.118  34.547  16.923 0.1527777778
106368  -37.072  35.123  16.849 0.1805555556
106369  -36.546  35.603  16.278 0.1527777778
106370  -36.103  36.199  15.587 0.1527777778
106401  -37.848  39.235  16.754 0.2500000000
106402  -37.561  39.153  16.147 0.2777777778
106403  -36.087  40.680  13.473 0.2500000000
106404  -36.386  40.269  13.968 0.2638888889
106405  -36.190  40.256  13.505 0.2361111111
106406  -36.256  39.786  13.510 0.2083333333
106407  -36.302  39.141  13.545 0.1944444444
121766  -40.541  35.106  19.185 0.1111111111
121768  -40.327  35.520  19.178 0.1250000000
121769  -39.898  35.377  18.811 0.1250000000
121770  -39.194  35.635  18.494 0.1805555556
121771  -38.530  35.971  18.074 0.1944444444
121772  -37.945  36.392  17.545 0.2083333333
121794  -36.600  41.198  15.777 0.3333333333
121795  -36.766  40.710  15.620 0.3611111111
121796  -36.287  41.110  15.198 0.3194444444
121797  -36.126  41.108  14.619 0.2916666667
121798  -36.033  41.089  14.025 0.2916666667
121799  -35.833  41.962  13.596 0.2638888889
121800  -35.856  41.462  13.508 0.2638888889
121801  -35.970  41.101  13.427 0.2638888889
121802  -35.972  41.072  12.875 0.2500000000
121804  -36.205  41.146  11.801 0.2222222222
131535  -41.218  33.535  24.718 0.1666666667
131536  -41.347  33.589  24.168 0.1666666667
146136  -41.411  33.964  19.873 0.1111111111
146139  -39.644  34.310  18.573 0.1527777778
146140  -39.750  33.874  18.638 0.1250000000
146142  -39.279  33.241  18.332 0.1111111111
146148  -36.525  34.374  16.478 0.1250000000
146149  -35.992  34.262  15.938 0.1111111111
146213  -38.830  37.129  18.295 0.2222222222
146214  -38.386  37.013  17.857 0.2500000000
146215  -37.911  36.956  17.386 0.2500000000
146216  -37.418  36.892  16.909 0.2083333333
146217  -37.026  40.200  15.495 0.3333333333
146218  -37.210  39.675  15.491 0.2777777778
146219  -37.284  39.102  15.584 0.2500000000
146220  -36.713  39.725  14.452 0.3055555556
146221  -37.027  39.111  15.027 0.2500000000
146222  -37.278  38.495  15.759 0.2500000000
146223  -37.150  37.921  16.002 0.2638888889
146224  -37.088  37.379  16.230 0.2222222222
146225  -37.022  36.816  16.436 0.1944444444
146226  -36.632  36.797  15.935 0.1666666667
146227  -36.255  36.795  15.399 0.1666666667
