#!ascii label  , from subject fsaverage vox2ras=TkReg
1817
57  -38.426  36.109  28.731 0.0972222222
178  -35.247  43.635  19.999 0.1250000000
391  -44.380  30.171  26.854 0.0416666667
392  -42.160  30.585  20.783 0.0138888889
393  -40.982  37.265  20.541 0.1250000000
892  -41.597  33.044  27.827 0.0694444444
893  -41.903  33.371  23.580 0.1388888889
894  -40.414  37.417  25.062 0.1944444444
895  -33.656  47.955  17.362 0.0277777778
896  -36.822  45.505  17.163 0.2777777778
1472  -37.044  40.360  25.060 0.0555555556
1474  -30.497  43.840  17.896 0.0555555556
1875  -44.207  31.186  23.850 0.0277777778
1876  -42.287  33.777  20.710 0.0833333333
1878  -39.622  42.449  21.085 0.1250000000
2033  -42.665  29.100  30.086 0.0138888889
2034  -37.935  30.641  29.586 0.0277777778
2812  -40.327  34.939  28.660 0.1111111111
2813  -40.336  35.179  26.518 0.1944444444
2814  -39.572  37.301  27.383 0.1527777778
4118  -42.731  29.285  25.719 0.0138888889
4119  -44.244  30.810  25.515 0.0277777778
4120  -41.319  35.144  22.238 0.1666666667
4121  -42.877  33.900  22.087 0.1250000000
4122  -41.419  35.292  20.429 0.0972222222
4125  -36.261  41.732  22.218 0.0694444444
4126  -39.024  41.938  23.606 0.0972222222
4127  -37.463  43.728  21.089 0.0972222222
4128  -36.931  45.364  15.177 0.2222222222
4129  -36.792  43.061  16.770 0.3055555556
4462  -40.382  28.476  31.802 0.0138888889
4463  -40.137  29.781  29.733 0.0138888889
4464  -37.859  28.871  31.468 0.0138888889
6214  -42.988  31.495  27.214 0.0555555556
6215  -43.128  32.036  25.267 0.0694444444
6216  -41.482  33.115  25.704 0.1527777778
6217  -40.646  34.992  24.268 0.1666666667
6218  -40.884  37.444  22.813 0.1527777778
6219  -34.320  46.012  18.686 0.0972222222
6220  -36.500  45.484  19.105 0.1666666667
6221  -36.090  47.764  18.128 0.0416666667
6222  -36.951  48.186  16.080 0.0416666667
7273  -36.383  36.811  28.127 0.0833333333
7274  -37.605  38.599  27.469 0.1111111111
7275  -35.400  38.538  26.011 0.0833333333
7276  -34.641  39.542  23.098 0.0555555556
7277  -33.902  41.194  20.258 0.0972222222
7280  -32.956  43.567  18.424 0.0972222222
7281  -31.940  46.261  18.132 0.0416666667
8243  -43.564  31.030  22.260 0.0277777778
8244  -43.758  32.631  23.569 0.0833333333
8245  -43.842  32.598  22.002 0.0555555556
8246  -42.610  32.318  20.777 0.0416666667
8250  -39.493  39.827  25.905 0.0972222222
8251  -40.807  40.124  23.327 0.1111111111
8252  -40.790  39.814  20.812 0.1527777778
8253  -37.689  43.802  18.883 0.2500000000
8254  -38.665  41.557  18.444 0.3055555556
8255  -39.102  39.131  18.582 0.2361111111
8673  -44.284  29.866  28.749 0.0138888889
8674  -42.398  31.123  29.103 0.0138888889
8675  -40.424  32.343  29.197 0.0138888889
8676  -38.285  33.565  29.142 0.0416666667
8685  -36.125  34.378  28.851 0.0694444444
10492  -39.422  35.723  28.891 0.0972222222
10493  -39.903  36.230  28.137 0.1666666667
10494  -39.150  36.880  28.378 0.1527777778
11797  -44.155  29.378  26.888 0.0277777778
11798  -43.781  29.711  26.284 0.0277777778
11799  -44.201  30.490  26.192 0.0416666667
11800  -41.030  36.158  21.508 0.1527777778
11801  -41.500  35.233  21.292 0.1388888889
11802  -41.007  36.120  20.448 0.1250000000
11803  -40.574  36.009  19.522 0.1388888889
11804  -40.405  36.997  19.581 0.1805555556
11805  -35.767  42.712  21.006 0.1111111111
11806  -36.919  42.885  21.778 0.1111111111
11807  -36.409  43.931  20.728 0.0972222222
11809  -36.336  43.933  14.646 0.2500000000
12142  -39.440  28.143  32.724 0.0138888889
12143  -39.002  28.633  31.532 0.0138888889
12144  -38.115  28.385  32.605 0.0138888889
14197  -42.160  32.189  27.453 0.0833333333
14198  -42.105  32.246  26.427 0.0972222222
14199  -41.501  33.125  26.791 0.0972222222
14200  -40.053  36.191  25.802 0.1944444444
14201  -40.361  35.024  25.379 0.1944444444
14202  -40.366  36.193  24.672 0.1944444444
14203  -40.727  36.295  23.596 0.1805555556
14204  -40.774  37.498  23.958 0.1666666667
14205  -34.032  47.254  18.313 0.0555555556
14206  -35.174  47.123  18.542 0.0555555556
14207  -34.938  48.177  17.965 0.0416666667
14208  -34.951  49.740  14.857 0.0277777778
14209  -36.087  49.164  16.233 0.0277777778
14210  -36.207  49.439  15.037 0.0555555556
14211  -37.183  48.254  14.811 0.0833333333
15997  -35.400  36.903  27.612 0.0555555556
15998  -35.997  37.917  27.356 0.0833333333
15999  -34.880  37.566  26.386 0.0694444444
16003  -34.415  40.307  21.562 0.0555555556
16012  -31.727  43.626  18.041 0.0833333333
16013  -32.400  44.823  18.213 0.0694444444
16014  -31.140  45.188  18.199 0.0416666667
18115  -43.573  30.222  24.865 0.0277777778
18117  -43.418  30.302  24.097 0.0277777778
18119  -44.001  31.178  23.066 0.0277777778
18120  -42.432  32.636  24.394 0.1527777778
18121  -43.429  32.322  24.428 0.0555555556
18122  -42.951  33.016  23.532 0.1388888889
18123  -42.781  33.880  21.497 0.0972222222
18124  -43.534  33.287  22.123 0.0972222222
18125  -43.115  33.224  21.433 0.0972222222
18126  -43.297  32.541  21.340 0.0694444444
18127  -42.488  33.043  20.708 0.0972222222
18135  -37.318  39.641  26.460 0.0833333333
18136  -38.449  39.249  26.916 0.0972222222
18137  -38.358  40.326  25.771 0.0555555556
18138  -39.526  42.357  22.453 0.0833333333
18139  -40.175  41.358  23.621 0.0833333333
18140  -40.558  41.434  22.346 0.1111111111
18141  -40.994  39.992  22.073 0.1388888889
18142  -40.499  41.326  20.939 0.1527777778
18143  -36.788  45.538  18.181 0.2083333333
18144  -37.195  44.714  19.011 0.1805555556
18145  -37.095  44.475  17.983 0.2638888889
18146  -36.846  41.868  16.452 0.3194444444
18147  -37.593  42.224  17.527 0.3194444444
18148  -37.959  41.145  17.203 0.2916666667
18149  -38.898  40.403  18.424 0.2222222222
18150  -38.126  39.980  17.254 0.2638888889
18151  -38.310  38.762  17.415 0.2500000000
19138  -42.778  28.378  30.946 0.0138888889
19140  -43.798  28.667  30.064 0.0138888889
19141  -44.523  28.877  29.291 0.0138888889
19142  -43.640  29.541  29.474 0.0138888889
19143  -43.338  30.533  28.921 0.0138888889
19144  -42.546  30.079  29.533 0.0138888889
19145  -39.064  30.238  29.613 0.0138888889
19146  -40.276  30.967  29.310 0.0138888889
19147  -39.203  31.524  29.274 0.0277777778
19148  -39.380  33.036  29.161 0.0416666667
19149  -38.152  32.097  29.172 0.0277777778
19166  -35.706  29.093  32.887 0.0138888889
19171  -36.017  33.012  29.109 0.0416666667
19173  -35.270  34.748  28.746 0.0416666667
23494  -41.003  34.021  28.171 0.0833333333
23495  -40.954  34.147  27.204 0.1388888889
23496  -40.433  35.250  27.665 0.1666666667
23497  -39.962  36.314  26.964 0.1944444444
23498  -39.910  37.401  26.227 0.1805555556
23499  -33.098  47.951  15.993 0.0277777778
23500  -34.395  48.719  16.760 0.0416666667
25846  -43.600  30.036  25.600 0.0277777778
25847  -44.251  31.035  24.645 0.0277777778
25848  -41.562  34.261  22.897 0.1805555556
25849  -42.463  33.749  22.792 0.1388888889
25850  -42.020  34.436  22.132 0.1527777778
25851  -42.235  34.561  21.365 0.1250000000
25852  -41.975  34.542  20.533 0.1250000000
25854  -40.921  35.228  19.586 0.1250000000
25857  -36.772  41.001  23.611 0.0694444444
25858  -38.096  41.189  24.394 0.0833333333
25859  -37.551  42.002  23.044 0.0694444444
25860  -38.209  42.782  22.282 0.0833333333
25861  -38.550  43.163  21.099 0.1111111111
25862  -36.848  45.493  16.147 0.2500000000
25863  -36.874  44.237  16.918 0.2777777778
25864  -36.554  44.060  15.821 0.2916666667
25865  -36.235  42.807  15.614 0.2916666667
26461  -41.806  28.186  32.009 0.0138888889
26462  -41.490  28.731  30.821 0.0138888889
26463  -41.364  29.463  29.916 0.0138888889
26464  -40.151  29.011  30.621 0.0138888889
26465  -38.959  29.241  30.435 0.0138888889
29860  -43.842  30.946  27.030 0.0555555556
29861  -43.749  31.199  26.172 0.0555555556
29862  -42.932  31.745  26.211 0.0833333333
29863  -42.175  32.426  25.382 0.1111111111
29864  -41.576  33.160  24.544 0.1527777778
29865  -40.862  34.050  26.097 0.1944444444
29868  -40.991  35.055  23.218 0.1944444444
29869  -40.895  36.188  22.577 0.1805555556
29870  -40.942  37.343  21.730 0.1250000000
29871  -34.824  44.802  19.088 0.1111111111
29872  -35.968  44.862  19.720 0.1250000000
29873  -35.525  45.849  18.880 0.1388888889
29874  -36.204  46.463  18.433 0.1527777778
29875  -36.649  46.720  17.645 0.1388888889
29876  -35.718  48.821  17.243 0.0277777778
29877  -36.711  48.105  17.174 0.0555555556
29878  -36.951  46.880  16.589 0.1944444444
30963  -41.835  31.145  20.146 0.0277777778
30964  -41.357  30.102  20.078 0.0277777778
32359  -37.361  36.507  28.456 0.0833333333
32360  -38.031  37.431  28.223 0.1250000000
32361  -36.999  37.855  27.894 0.1111111111
32362  -36.494  38.812  26.857 0.0833333333
32363  -36.109  39.500  25.556 0.0833333333
32365  -34.910  39.071  24.542 0.0555555556
32366  -35.882  40.014  24.096 0.0555555556
32367  -35.601  40.586  22.596 0.0694444444
32368  -35.124  41.494  21.232 0.0833333333
32369  -34.592  42.438  20.135 0.0972222222
32377  -33.440  42.282  19.168 0.0972222222
32378  -34.196  43.645  19.148 0.1111111111
32379  -33.597  44.761  18.462 0.0972222222
32380  -33.196  46.086  18.426 0.0694444444
32381  -32.823  47.186  17.846 0.0416666667
32382  -30.785  46.315  17.601 0.0277777778
32383  -31.655  46.710  17.176 0.0138888889
32384  -32.422  47.230  16.556 0.0277777778
35027  -42.855  30.858  21.539 0.0138888889
35028  -43.905  31.445  25.389 0.0277777778
35029  -44.216  31.784  24.592 0.0277777778
35030  -44.398  32.026  23.656 0.0277777778
35031  -43.371  33.241  22.817 0.1111111111
35032  -44.073  32.706  22.734 0.0694444444
35033  -44.294  32.007  22.797 0.0277777778
35034  -43.877  31.888  22.119 0.0277777778
35035  -43.269  31.769  21.454 0.0416666667
35036  -42.570  31.517  20.847 0.0277777778
35037  -41.809  31.995  20.115 0.0555555556
35046  -38.728  38.153  27.691 0.1527777778
35047  -39.433  38.582  26.761 0.1666666667
35048  -40.259  38.715  25.631 0.1388888889
35049  -39.399  40.912  24.790 0.0555555556
35050  -40.348  40.116  24.617 0.0833333333
35051  -40.771  38.822  24.201 0.1527777778
35052  -40.932  38.788  23.052 0.1388888889
35053  -40.957  38.665  21.879 0.1388888889
35054  -40.948  38.455  20.631 0.1388888889
35055  -36.999  44.615  20.077 0.1250000000
35056  -37.757  43.991  20.066 0.1666666667
35057  -38.497  43.107  19.879 0.1805555556
35058  -37.306  43.435  17.790 0.3472222222
35059  -38.204  42.746  18.625 0.2916666667
35060  -39.304  42.130  19.662 0.1805555556
35061  -39.796  40.810  19.572 0.1944444444
35062  -40.060  39.453  19.601 0.1805555556
35063  -40.258  38.300  19.584 0.1666666667
35064  -39.218  37.909  18.657 0.2222222222
36264  -44.718  29.190  27.544 0.0277777778
36272  -44.864  29.048  28.350 0.0138888889
36273  -44.514  30.139  27.763 0.0277777778
36274  -43.726  30.788  27.962 0.0416666667
36275  -42.784  31.447  28.260 0.0555555556
36276  -42.022  32.136  28.554 0.0555555556
36277  -41.379  30.496  29.453 0.0138888889
36278  -41.425  31.681  29.203 0.0138888889
36279  -41.328  32.980  28.765 0.0694444444
36280  -40.552  33.752  29.075 0.0694444444
36281  -39.514  34.484  29.160 0.0555555556
36282  -38.442  34.912  29.039 0.0694444444
36301  -36.898  28.685  32.692 0.0138888889
36307  -37.047  32.584  29.094 0.0416666667
36308  -37.235  34.033  29.008 0.0416666667
36309  -37.352  35.324  28.747 0.0833333333
36310  -36.280  35.602  28.559 0.0833333333
41212  -38.928  35.958  28.851 0.1111111111
41213  -39.251  36.313  28.638 0.1250000000
41214  -38.793  36.540  28.606 0.1111111111
42517  -44.365  29.737  26.862 0.0416666667
42518  -44.177  29.932  26.569 0.0416666667
42519  -44.255  30.308  26.534 0.0416666667
42520  -40.996  36.724  21.048 0.1111111111
42521  -41.047  36.136  20.993 0.1111111111
42522  -40.939  36.684  20.488 0.1250000000
42523  -40.723  36.562  19.995 0.1388888889
42524  -40.737  37.163  20.052 0.1527777778
42525  -35.515  43.184  20.470 0.1250000000
42526  -36.099  43.347  20.877 0.0972222222
42527  -35.840  43.780  20.369 0.1250000000
42861  -39.651  27.930  33.257 0.0138888889
42862  -38.970  28.076  33.136 0.0138888889
42863  -38.764  28.282  32.635 0.0138888889
42864  -38.289  28.195  33.115 0.0138888889
44917  -41.865  32.584  27.635 0.0694444444
44918  -41.808  32.627  27.127 0.0833333333
44919  -41.556  33.099  27.297 0.0833333333
44920  -40.127  36.816  25.425 0.1944444444
44921  -40.116  36.090  25.246 0.1944444444
44922  -40.355  36.816  24.886 0.1944444444
44923  -40.557  36.879  24.339 0.1805555556
44924  -40.592  37.460  24.505 0.1944444444
44925  -33.865  47.722  17.857 0.0416666667
44926  -34.475  47.768  18.134 0.0555555556
44927  -34.294  48.148  17.688 0.0416666667
44928  -35.013  49.855  14.274 0.0277777778
46718  -35.146  37.305  27.039 0.0694444444
46733  -31.438  44.412  18.108 0.0555555556
46734  -30.813  44.551  18.088 0.0416666667
48835  -43.917  30.710  24.412 0.0277777778
48836  -43.505  30.299  24.515 0.0277777778
48837  -43.841  30.746  23.991 0.0277777778
48838  -43.739  30.735  23.567 0.0277777778
48839  -44.110  31.202  23.446 0.0277777778
48840  -42.171  32.999  24.006 0.1527777778
48841  -42.672  32.794  23.949 0.1527777778
48842  -42.456  33.157  23.552 0.1250000000
48843  -42.570  33.866  21.087 0.0972222222
48844  -43.001  33.577  21.546 0.0972222222
48845  -42.712  33.504  21.097 0.1111111111
48846  -42.818  33.152  21.046 0.0972222222
48847  -42.367  33.414  20.710 0.0972222222
48848  -41.946  33.299  20.383 0.0833333333
48849  -41.898  33.672  20.358 0.0833333333
48855  -37.166  39.974  25.800 0.0694444444
48856  -37.832  39.961  26.155 0.0694444444
48857  -37.721  40.328  25.497 0.0555555556
48858  -39.623  42.461  21.801 0.0972222222
48859  -40.091  41.949  22.444 0.0972222222
48860  -40.211  42.045  21.747 0.0972222222
48861  -40.643  41.445  21.643 0.1388888889
48862  -40.083  41.956  21.016 0.1527777778
48863  -36.796  45.523  17.690 0.2638888889
48864  -36.974  45.007  18.082 0.2500000000
48865  -36.925  44.897  17.539 0.2500000000
48866  -36.982  41.324  16.349 0.3333333333
48867  -37.409  41.502  16.821 0.3055555556
48868  -37.533  40.968  16.677 0.3194444444
48869  -38.041  40.531  17.188 0.2777777778
48870  -37.619  40.357  16.594 0.2916666667
49858  -42.723  28.704  30.496 0.0138888889
49859  -43.293  28.513  30.490 0.0138888889
49860  -43.259  28.911  30.106 0.0138888889
49861  -43.739  29.081  29.783 0.0138888889
49862  -43.198  29.370  29.789 0.0138888889
49863  -43.111  29.839  29.546 0.0138888889
49864  -42.598  29.563  29.736 0.0138888889
49865  -38.500  30.431  29.584 0.0277777778
49866  -39.118  30.846  29.412 0.0277777778
49867  -38.578  31.067  29.377 0.0277777778
49868  -38.667  31.791  29.193 0.0277777778
49869  -38.055  31.321  29.323 0.0277777778
54517  -40.699  34.486  28.421 0.0972222222
54518  -40.736  34.652  27.948 0.1111111111
54519  -40.482  35.128  28.215 0.1111111111
54520  -39.706  36.723  27.743 0.1666666667
54521  -39.977  36.310  27.554 0.1805555556
54522  -39.814  36.796  27.164 0.1805555556
54523  -39.864  36.820  26.597 0.1944444444
54524  -39.735  37.410  26.841 0.1805555556
58435  -43.998  30.253  25.883 0.0277777778
58436  -43.665  29.889  25.945 0.0277777778
58437  -43.954  30.393  25.530 0.0277777778
58438  -43.977  30.528  25.114 0.0277777778
58439  -44.237  30.924  25.065 0.0277777778
58440  -41.449  34.700  22.579 0.1805555556
58441  -41.827  34.366  22.517 0.1666666667
58442  -41.669  34.741  22.162 0.1527777778
58443  -41.527  35.257  20.873 0.1250000000
58444  -41.859  34.896  21.303 0.1388888889
58445  -41.889  34.887  20.926 0.1111111111
58446  -42.216  34.548  20.991 0.1111111111
58447  -41.750  34.908  20.496 0.1250000000
58448  -41.492  34.893  20.041 0.1250000000
58449  -41.212  35.296  20.001 0.1250000000
58450  -40.027  36.330  19.145 0.1666666667
58455  -36.548  41.296  22.922 0.0555555556
58456  -37.244  41.500  23.301 0.0555555556
58457  -36.886  41.880  22.651 0.0694444444
58458  -37.208  43.412  21.505 0.1111111111
58459  -37.528  42.850  22.061 0.1250000000
58460  -37.802  43.210  21.655 0.1111111111
58461  -38.439  43.032  21.710 0.0972222222
58462  -37.974  43.459  21.136 0.1388888889
58463  -36.891  45.406  15.678 0.2500000000
58464  -36.759  44.703  15.960 0.2777777778
58465  -36.712  44.682  15.456 0.2500000000
58467  -36.178  43.347  15.083 0.2777777778
58469  -36.155  42.193  15.496 0.2777777778
59458  -40.561  28.204  32.293 0.0138888889
59459  -41.282  28.055  32.451 0.0138888889
59460  -41.102  28.347  31.897 0.0138888889
59461  -41.612  28.464  31.444 0.0138888889
59462  -40.942  28.626  31.302 0.0138888889
59463  -40.816  28.897  30.711 0.0138888889
59464  -40.231  28.744  31.201 0.0138888889
59465  -38.406  28.712  31.488 0.0138888889
59466  -38.968  28.908  30.959 0.0138888889
59467  -38.356  29.100  30.910 0.0138888889
59468  -38.388  29.463  30.418 0.0138888889
59469  -37.839  29.224  30.962 0.0138888889
65632  -43.445  31.244  27.049 0.0416666667
65633  -43.367  31.334  26.609 0.0694444444
65634  -42.944  31.595  26.704 0.0694444444
65635  -41.764  32.692  26.086 0.0972222222
65636  -42.111  32.345  25.912 0.0972222222
65637  -41.797  32.727  25.544 0.1250000000
65638  -41.877  32.781  25.001 0.1527777778
65639  -41.506  33.104  25.129 0.1527777778
65640  -40.666  34.703  26.916 0.1805555556
65641  -40.930  34.149  26.670 0.1805555556
65642  -40.607  34.613  26.299 0.1944444444
65643  -40.486  34.995  24.780 0.1666666667
65644  -40.602  34.457  25.140 0.2083333333
65648  -40.999  34.541  23.577 0.1666666667
65649  -40.828  35.017  23.748 0.1805555556
65650  -40.824  36.852  23.210 0.1666666667
65651  -40.835  36.228  23.064 0.1805555556
65652  -40.846  36.800  22.686 0.1527777778
65653  -40.858  36.764  22.202 0.1388888889
65654  -40.838  37.429  22.336 0.1250000000
65655  -34.528  45.382  18.761 0.1111111111
65656  -35.187  45.421  18.991 0.1388888889
65657  -34.949  45.950  18.752 0.0972222222
65658  -35.658  47.506  18.417 0.0555555556
65659  -35.750  46.843  18.517 0.0555555556
65660  -36.208  47.134  18.308 0.0694444444
65661  -36.444  46.618  18.075 0.0972222222
65662  -36.495  47.299  17.954 0.0833333333
65663  -34.578  49.008  16.369 0.0416666667
65664  -35.066  48.856  17.067 0.0277777778
65665  -35.278  49.109  16.613 0.0277777778
65668  -36.874  48.143  16.644 0.0416666667
65669  -36.932  47.516  16.927 0.0833333333
65670  -37.052  47.578  16.387 0.1111111111
65671  -37.067  46.924  16.103 0.1944444444
65672  -37.124  47.597  15.822 0.1250000000
65682  -36.486  49.911  11.349 0.0833333333
67995  -41.434  31.368  19.775 0.0416666667
67996  -41.481  30.847  19.755 0.0277777778
71032  -36.859  36.673  28.311 0.0972222222
71033  -37.181  37.204  28.227 0.0972222222
71034  -36.701  37.345  28.052 0.0972222222
71035  -35.716  38.302  26.727 0.0833333333
71036  -36.255  38.370  27.127 0.0833333333
71037  -35.970  38.730  26.467 0.0833333333
71038  -36.314  39.183  26.253 0.0833333333
71039  -35.702  39.039  25.797 0.0833333333
71044  -34.299  38.810  23.993 0.0694444444
71045  -34.791  39.300  23.813 0.0694444444
71046  -35.403  39.565  24.320 0.0694444444
71047  -35.333  39.789  23.583 0.0555555556
71048  -35.775  40.284  23.337 0.0555555556
71049  -35.151  40.054  22.833 0.0555555556
71050  -34.185  40.711  20.856 0.0694444444
71051  -34.784  40.908  21.390 0.0555555556
71052  -34.517  41.331  20.727 0.0972222222
71053  -34.808  41.932  20.644 0.1111111111
71054  -34.256  41.800  20.192 0.0972222222
71073  -32.593  42.881  18.418 0.0972222222
71074  -32.807  42.219  18.785 0.0972222222
71075  -33.240  42.934  18.742 0.0972222222
71076  -33.833  42.979  19.153 0.0972222222
71077  -33.633  43.613  18.698 0.0972222222
71078  -33.917  44.185  18.696 0.0972222222
71079  -33.275  44.175  18.397 0.0972222222
71080  -32.151  45.593  18.250 0.0555555556
71081  -32.794  45.402  18.285 0.0694444444
71082  -32.572  46.186  18.281 0.0416666667
71083  -33.011  46.878  18.346 0.0555555556
71084  -32.366  46.837  18.088 0.0416666667
71086  -30.370  45.956  17.758 0.0277777778
71090  -31.521  46.531  16.415 0.0277777778
71091  -32.061  46.947  16.878 0.0138888889
71092  -31.887  46.774  16.114 0.0277777778
71093  -32.219  47.095  15.840 0.0277777778
77399  -43.216  30.959  21.922 0.0138888889
77400  -43.445  31.652  25.717 0.0694444444
77401  -43.828  31.341  25.752 0.0416666667
77402  -43.552  31.779  25.301 0.0555555556
77403  -43.638  32.500  23.983 0.0555555556
77404  -43.865  32.094  24.496 0.0555555556
77405  -44.024  32.234  24.075 0.0416666667
77406  -44.292  31.914  24.124 0.0277777778
77407  -44.164  32.390  23.642 0.0277777778
77408  -42.691  33.868  22.471 0.1250000000
77409  -42.925  33.500  22.797 0.1388888889
77410  -43.133  33.621  22.488 0.1111111111
77411  -43.755  32.943  22.030 0.0833333333
77412  -43.820  32.990  22.403 0.0833333333
77413  -44.018  32.664  22.366 0.0416666667
77414  -44.255  32.401  22.736 0.0277777778
77415  -44.114  32.300  22.379 0.0277777778
77416  -44.143  31.938  22.464 0.0277777778
77417  -43.886  32.248  22.042 0.0277777778
77418  -42.970  32.449  21.065 0.0694444444
77419  -43.306  32.162  21.414 0.0555555556
77420  -42.951  32.062  21.113 0.0555555556
77421  -42.895  31.643  21.154 0.0277777778
77422  -42.590  31.934  20.823 0.0416666667
77423  -42.222  31.772  20.482 0.0555555556
77424  -42.216  32.130  20.459 0.0555555556
77445  -37.760  38.083  27.891 0.1388888889
77446  -38.370  37.825  27.966 0.1388888889
77447  -38.179  38.411  27.641 0.1388888889
77448  -38.976  39.607  26.484 0.1388888889
77449  -38.987  38.971  26.920 0.1527777778
77450  -39.493  39.215  26.371 0.1388888889
77451  -39.844  38.696  26.177 0.1388888889
77452  -39.968  39.353  25.785 0.0972222222
77453  -38.561  41.598  24.030 0.0694444444
77454  -38.764  41.159  24.652 0.0694444444
77455  -39.256  41.451  24.196 0.0972222222
77456  -40.561  40.803  23.484 0.1111111111
77457  -40.318  40.761  24.101 0.0694444444
77458  -40.619  40.179  23.924 0.0833333333
77459  -40.636  39.505  24.456 0.1250000000
77460  -40.787  39.560  23.755 0.1250000000
77461  -40.868  38.885  23.625 0.1666666667
77462  -40.885  39.454  23.142 0.1388888889
77463  -40.961  39.935  21.434 0.1527777778
77464  -40.987  39.322  21.979 0.1250000000
77465  -40.954  39.236  21.365 0.1388888889
77466  -40.965  38.553  21.246 0.1250000000
77467  -40.869  39.117  20.726 0.1527777778
77468  -36.248  45.239  19.452 0.1388888889
77469  -36.553  44.806  19.991 0.1388888889
77470  -36.748  45.028  19.574 0.1388888889
77471  -37.475  44.272  18.977 0.2083333333
77472  -37.472  44.373  19.553 0.1527777778
77473  -37.767  43.938  19.474 0.2222222222
77474  -38.121  43.541  20.003 0.1805555556
77475  -38.084  43.437  19.375 0.2222222222
77476  -36.809  43.617  16.858 0.2916666667
77477  -37.028  43.776  17.380 0.3194444444
77478  -37.059  43.226  17.299 0.3194444444
77479  -38.121  41.868  17.940 0.3333333333
77480  -37.891  42.499  18.029 0.3194444444
77481  -38.446  42.159  18.497 0.2638888889
77482  -38.760  42.455  19.078 0.2361111111
77483  -38.999  41.837  19.042 0.2638888889
77484  -39.539  41.514  19.613 0.1944444444
77485  -39.179  41.242  18.987 0.2500000000
77486  -39.009  39.766  18.507 0.2222222222
77487  -39.479  39.898  19.056 0.2222222222
77488  -39.604  39.284  19.065 0.2361111111
77489  -40.162  38.867  19.571 0.1388888889
77490  -39.723  38.716  19.106 0.2222222222
77491  -39.777  38.136  19.109 0.2083333333
77492  -39.179  38.516  18.662 0.2361111111
80438  -44.446  28.774  27.498 0.0277777778
80439  -44.737  28.681  27.848 0.0138888889
80458  -44.455  29.354  28.990 0.0138888889
80459  -44.767  28.956  28.828 0.0138888889
80460  -44.648  29.464  28.553 0.0277777778
80461  -44.731  29.562  28.079 0.0277777778
80462  -44.428  30.000  28.242 0.0277777778
80463  -44.163  30.496  27.871 0.0416666667
80464  -44.037  30.338  28.377 0.0277777778
80465  -42.840  30.825  29.010 0.0138888889
80466  -43.063  31.016  28.597 0.0277777778
80467  -42.618  31.372  28.696 0.0416666667
80468  -42.344  31.842  28.346 0.0555555556
80469  -42.232  31.680  28.838 0.0416666667
80470  -40.788  29.603  29.804 0.0138888889
80471  -41.378  29.947  29.630 0.0138888889
80472  -40.811  30.104  29.532 0.0138888889
80473  -40.360  31.652  29.263 0.0138888889
80474  -40.877  31.357  29.293 0.0138888889
80475  -40.922  32.043  29.213 0.0138888889
80476  -41.444  32.382  29.042 0.0416666667
80477  -40.939  32.717  29.120 0.0416666667
80478  -40.936  33.350  28.906 0.0694444444
80479  -40.487  33.054  29.120 0.0416666667
80480  -38.853  33.359  29.154 0.0416666667
80481  -39.460  33.782  29.175 0.0416666667
80482  -38.925  34.062  29.163 0.0555555556
80483  -38.977  34.731  29.119 0.0694444444
80484  -38.379  34.251  29.108 0.0555555556
80531  -37.059  28.554  33.260 0.0138888889
80532  -36.489  28.735  33.413 0.0138888889
80546  -36.906  31.783  29.270 0.0277777778
80547  -36.399  32.106  29.277 0.0277777778
80548  -36.065  33.696  28.995 0.0416666667
80549  -36.617  33.529  29.015 0.0277777778
80550  -36.662  34.210  28.932 0.0555555556
80551  -37.287  34.707  28.927 0.0694444444
80552  -36.714  34.839  28.802 0.0694444444
80553  -36.788  35.401  28.634 0.0833333333
80554  -36.213  35.046  28.699 0.0833333333
84488  -40.964  29.865  19.681 0.0277777778
84489  -40.929  29.574  20.057 0.0138888889
92614  -39.882  35.365  28.832 0.1111111111
92615  -40.064  35.612  28.439 0.1388888889
92616  -39.669  36.011  28.587 0.1111111111
92617  -39.573  36.592  28.296 0.1527777778
92618  -39.360  37.130  27.917 0.1527777778
94963  -43.822  28.941  26.955 0.0138888889
94964  -43.604  29.118  26.656 0.0138888889
94965  -43.941  29.535  26.620 0.0277777778
94966  -44.097  30.084  26.223 0.0416666667
94967  -44.164  30.626  25.848 0.0277777778
94968  -41.117  35.626  21.891 0.1527777778
94969  -41.438  35.181  21.765 0.1666666667
94970  -41.215  35.653  21.393 0.1527777778
94971  -41.211  35.673  20.876 0.1111111111
94972  -41.180  35.634  20.419 0.1250000000
94973  -40.998  35.655  19.979 0.1111111111
94974  -40.852  36.040  19.976 0.1250000000
94975  -40.470  36.453  19.539 0.1527777778
94976  -39.947  36.816  19.151 0.1805555556
94977  -36.022  42.206  21.591 0.0833333333
94978  -36.592  42.343  22.028 0.0833333333
94979  -36.362  42.852  21.444 0.0972222222
94980  -36.664  43.445  21.255 0.1111111111
94981  -36.950  43.894  20.953 0.0972222222
94983  -36.713  44.629  14.899 0.2361111111
94985  -36.328  43.893  14.061 0.2500000000
95582  -39.883  28.295  32.221 0.0138888889
95583  -39.648  28.611  31.635 0.0138888889
95584  -39.219  28.386  32.156 0.0138888889
95585  -38.567  28.481  32.080 0.0138888889
95586  -37.957  28.594  32.035 0.0138888889
99283  -42.534  31.826  27.326 0.0555555556
99284  -42.507  31.877  26.828 0.0972222222
99285  -42.126  32.219  26.939 0.0833333333
99286  -41.785  32.656  26.615 0.0833333333
99287  -41.504  33.112  26.276 0.1388888889
99288  -40.153  35.664  26.165 0.1944444444
99289  -40.348  35.091  25.948 0.1944444444
99290  -40.204  35.579  25.596 0.1944444444
99291  -40.297  35.544  24.979 0.1944444444
99292  -40.509  35.578  24.422 0.1805555556
99293  -40.689  35.593  23.931 0.1805555556
99294  -40.591  36.234  24.127 0.1944444444
99295  -40.777  36.900  23.798 0.1805555556
99296  -40.877  37.468  23.378 0.1805555556
99297  -34.170  46.649  18.553 0.0555555556
99298  -34.748  46.585  18.624 0.0694444444
99299  -34.589  47.245  18.444 0.0555555556
99300  -35.071  47.692  18.330 0.0555555556
99301  -35.526  48.073  18.131 0.0555555556
99302  -34.881  49.474  15.361 0.0277777778
99303  -35.452  49.369  16.121 0.0277777778
99304  -35.548  49.519  15.555 0.0277777778
99305  -36.159  49.347  15.660 0.0416666667
99306  -36.655  48.878  15.593 0.0416666667
99307  -37.004  48.246  15.441 0.0694444444
99308  -36.728  48.970  14.958 0.0555555556
99313  -36.054  50.073  12.465 0.0694444444
102523  -35.906  36.902  27.941 0.0833333333
102524  -36.208  37.416  27.843 0.0833333333
102525  -35.706  37.409  27.502 0.0833333333
102526  -35.445  37.796  26.915 0.0694444444
102527  -35.133  38.044  26.233 0.0694444444
102533  -34.533  39.876  22.327 0.0555555556
102534  -33.987  39.742  21.769 0.0555555556
102535  -33.863  40.138  21.034 0.0555555556
102536  -33.547  40.609  20.370 0.0833333333
102550  -32.331  43.575  18.205 0.0833333333
102551  -32.644  44.215  18.250 0.0833333333
102552  -32.058  44.266  18.120 0.0694444444
102553  -31.743  45.043  18.184 0.0694444444
102554  -31.524  45.771  18.215 0.0416666667
106335  -43.145  29.777  25.317 0.0277777778
106337  -43.133  29.858  24.968 0.0138888889
106338  -43.037  29.899  24.609 0.0138888889
106339  -42.936  29.920  24.217 0.0277777778
106340  -42.838  29.912  23.795 0.0138888889
106341  -43.308  30.304  23.684 0.0277777778
106342  -43.657  30.699  23.137 0.0138888889
106343  -43.783  31.109  22.645 0.0277777778
106344  -42.732  32.342  24.820 0.1111111111
106345  -43.209  32.165  24.842 0.0972222222
106346  -42.946  32.485  24.391 0.1111111111
106347  -43.208  32.678  23.965 0.1388888889
106348  -43.374  32.850  23.536 0.0972222222
106349  -42.906  33.911  21.765 0.1250000000
106350  -43.231  33.615  22.121 0.1250000000
106351  -43.189  33.601  21.825 0.1111111111
106352  -43.401  33.243  21.771 0.0833333333
106353  -43.538  32.890  21.677 0.0972222222
106354  -43.599  32.579  21.640 0.0833333333
106355  -43.232  32.892  21.332 0.0972222222
106356  -42.933  32.811  21.000 0.0972222222
106357  -42.573  32.679  20.728 0.0833333333
106358  -42.183  32.488  20.420 0.0555555556
106359  -42.102  32.900  20.364 0.0833333333
106371  -37.426  39.143  26.988 0.0833333333
106372  -38.018  38.924  27.224 0.0833333333
106373  -37.878  39.460  26.742 0.0833333333
106374  -38.411  39.845  26.368 0.0833333333
106375  -38.940  40.144  25.917 0.0833333333
106376  -39.327  42.188  23.056 0.0833333333
106377  -39.664  41.721  23.677 0.0972222222
106378  -39.954  41.876  23.104 0.0972222222
106379  -40.407  41.422  23.014 0.1111111111
106380  -40.759  40.789  22.845 0.0972222222
106381  -40.909  40.071  22.692 0.0972222222
106382  -40.918  40.790  22.179 0.1250000000
106383  -40.884  40.706  21.528 0.1388888889
106384  -40.712  40.538  20.843 0.1666666667
106385  -36.681  45.529  18.629 0.1805555556
106386  -36.871  45.118  19.052 0.1805555556
106387  -37.014  45.080  18.569 0.2083333333
106388  -37.186  44.617  18.528 0.2083333333
106389  -37.363  44.115  18.415 0.2916666667
106390  -36.797  42.476  16.621 0.3055555556
106391  -37.125  42.643  17.169 0.3333333333
106392  -37.258  42.025  16.981 0.3194444444
106393  -37.796  41.649  17.371 0.2916666667
106394  -38.322  41.299  17.811 0.3055555556
106395  -38.784  41.037  18.354 0.2777777778
106396  -38.450  40.742  17.760 0.2638888889
106397  -38.527  40.154  17.832 0.2361111111
106398  -38.605  39.593  17.921 0.2361111111
106399  -38.681  38.951  18.018 0.2222222222
106400  -38.216  39.417  17.338 0.2500000000
108174  -42.914  28.059  31.476 0.0138888889
108178  -44.279  28.311  29.952 0.0138888889
108180  -44.259  28.751  29.708 0.0138888889
108181  -44.149  29.219  29.404 0.0138888889
108182  -44.015  29.705  29.104 0.0138888889
108183  -43.858  30.203  28.851 0.0138888889
108184  -43.512  30.025  29.199 0.0138888889
108185  -42.983  30.326  29.278 0.0138888889
108186  -42.479  30.594  29.325 0.0138888889
108187  -39.595  30.013  29.667 0.0138888889
108188  -40.194  30.337  29.473 0.0138888889
108189  -39.656  30.621  29.442 0.0138888889
108190  -39.718  31.250  29.312 0.0138888889
108191  -39.832  31.937  29.231 0.0138888889
108192  -39.907  32.682  29.176 0.0138888889
108193  -39.310  32.266  29.170 0.0277777778
108194  -38.747  32.581  29.063 0.0277777778
108195  -38.228  32.867  29.134 0.0416666667
108233  -35.900  32.308  29.270 0.0416666667
108234  -35.395  32.521  29.296 0.0277777778
108235  -35.479  33.196  29.130 0.0416666667
108236  -35.552  33.861  28.949 0.0416666667
108237  -35.671  34.600  28.784 0.0555555556
116260  -41.324  33.520  27.991 0.0833333333
116261  -41.270  33.591  27.493 0.0833333333
116262  -40.986  34.116  27.708 0.1111111111
116263  -40.697  34.716  27.451 0.1388888889
116264  -40.388  35.265  27.134 0.1805555556
116265  -40.166  35.766  27.889 0.1666666667
116266  -40.147  35.833  27.306 0.1666666667
116267  -40.121  35.768  26.743 0.1944444444
116268  -39.950  36.271  26.376 0.1944444444
116269  -39.963  36.813  26.005 0.1805555556
116270  -40.116  37.401  25.628 0.1805555556
116271  -33.398  48.029  16.710 0.0277777778
116272  -34.034  48.399  17.105 0.0277777778
116273  -33.726  48.400  16.384 0.0277777778
116279  -34.254  49.451  14.593 0.0277777778
118802  -30.188  44.667  17.963 0.0277777778
121746  -43.426  29.311  26.337 0.0138888889
121747  -43.306  29.503  26.024 0.0138888889
121748  -43.188  29.680  25.677 0.0277777778
121749  -43.598  30.139  25.233 0.0277777778
121750  -43.965  30.625  24.748 0.0277777778
121751  -44.295  31.125  24.268 0.0277777778
121752  -41.733  33.809  23.240 0.1666666667
121753  -42.206  33.569  23.170 0.1666666667
121754  -41.999  33.942  22.848 0.1666666667
121755  -42.254  34.090  22.485 0.1666666667
121756  -42.477  34.155  22.083 0.1527777778
121757  -41.782  34.835  21.730 0.1666666667
121758  -42.167  34.517  21.728 0.1527777778
121759  -42.579  34.201  21.730 0.1388888889
121760  -42.531  34.213  21.427 0.1250000000
121761  -42.386  34.226  21.009 0.1111111111
121762  -42.139  34.170  20.597 0.1111111111
121763  -41.831  34.054  20.246 0.0972222222
121764  -41.677  34.476  20.076 0.1250000000
121765  -41.095  34.836  19.614 0.1250000000
121767  -40.689  35.624  19.559 0.1388888889
121773  -36.908  40.703  24.337 0.0555555556
121774  -37.575  40.741  24.751 0.0416666667
121775  -37.399  41.140  24.044 0.0555555556
121776  -37.848  41.621  23.732 0.0833333333
121777  -38.207  42.072  23.422 0.0972222222
121778  -37.184  42.414  22.404 0.0972222222
121779  -37.853  42.461  22.742 0.0694444444
121780  -38.592  42.396  22.945 0.0972222222
121781  -38.907  42.671  22.360 0.0833333333
121782  -39.058  42.801  21.754 0.0972222222
121783  -39.146  42.830  21.125 0.1250000000
121784  -36.855  45.517  16.643 0.2777777778
121785  -36.873  44.847  17.015 0.2638888889
121786  -36.815  44.799  16.490 0.2916666667
121787  -36.698  44.127  16.373 0.3194444444
121788  -36.570  43.483  16.295 0.2777777778
121789  -36.450  43.999  15.252 0.2777777778
121790  -36.371  43.428  15.715 0.2916666667
121791  -36.498  42.924  16.250 0.2916666667
121792  -36.446  42.321  16.112 0.3055555556
121793  -36.490  41.734  15.940 0.3194444444
123179  -42.488  27.969  31.999 0.0138888889
123180  -42.271  28.271  31.503 0.0138888889
123181  -42.117  28.517  30.925 0.0138888889
123182  -42.070  28.882  30.434 0.0138888889
123183  -42.014  29.291  30.006 0.0138888889
123184  -41.409  29.052  30.288 0.0138888889
123185  -40.750  29.187  30.186 0.0138888889
123186  -40.107  29.315  30.086 0.0138888889
123187  -39.591  28.850  31.070 0.0138888889
123188  -39.554  29.119  30.525 0.0138888889
123189  -39.529  29.456  30.014 0.0138888889
123190  -38.993  29.651  29.985 0.0138888889
123191  -38.463  29.893  29.977 0.0138888889
131518  -44.186  30.590  26.935 0.0416666667
131519  -44.135  30.713  26.557 0.0416666667
131520  -43.755  31.049  26.615 0.0555555556
131521  -43.345  31.483  26.190 0.0555555556
131522  -43.020  31.880  25.743 0.0833333333
131523  -42.448  31.919  26.299 0.0972222222
131524  -42.548  32.084  25.804 0.0972222222
131525  -42.655  32.209  25.313 0.0972222222
131526  -42.285  32.535  24.884 0.1250000000
131527  -41.984  32.872  24.496 0.1527777778
131528  -41.726  33.265  24.069 0.1527777778
131529  -41.237  33.623  26.958 0.1111111111
131530  -41.191  33.622  26.440 0.1666666667
131531  -41.170  33.567  25.886 0.1805555556
131532  -40.582  34.529  25.732 0.1944444444
131533  -40.858  33.990  25.519 0.1944444444
131534  -41.173  33.540  25.299 0.1666666667
131537  -41.516  33.686  23.678 0.1388888889
131538  -41.311  34.141  23.334 0.1666666667
131539  -41.235  34.627  23.043 0.1805555556
131540  -41.133  35.091  22.700 0.1944444444
131541  -40.817  35.592  23.398 0.1944444444
131542  -40.938  35.607  22.899 0.1805555556
131543  -41.046  35.633  22.383 0.1666666667
131544  -40.955  36.146  22.031 0.1666666667
131545  -40.945  36.728  21.597 0.1250000000
131546  -40.997  37.300  21.122 0.1111111111
131547  -35.041  44.197  19.552 0.1250000000
131548  -35.600  44.272  19.885 0.1250000000
131549  -35.399  44.833  19.438 0.1111111111
131550  -35.700  45.359  19.253 0.1388888889
131551  -36.018  45.698  19.029 0.1527777778
131552  -35.361  46.447  18.658 0.0972222222
131553  -35.886  46.185  18.712 0.1527777778
131554  -36.291  45.890  18.681 0.1805555556
131555  -36.495  46.037  18.297 0.1666666667
131556  -36.629  46.080  17.864 0.1805555556
131557  -36.736  46.162  17.372 0.2638888889
131558  -34.708  48.513  17.431 0.0277777778
131559  -35.349  48.512  17.667 0.0277777778
131560  -35.926  48.377  17.784 0.0277777778
131561  -35.949  49.018  16.742 0.0277777778
131563  -36.480  48.013  17.734 0.0277777778
131564  -36.742  47.445  17.448 0.0833333333
131565  -36.824  46.822  17.129 0.1666666667
131566  -36.834  46.190  16.852 0.2500000000
131567  -36.902  46.231  16.353 0.2361111111
131568  -36.948  46.170  15.873 0.2222222222
131569  -37.041  46.103  15.387 0.2222222222
131571  -37.230  46.806  15.058 0.1666666667
134511  -42.085  30.868  20.486 0.0277777778
134512  -41.763  30.346  20.458 0.0138888889
134513  -41.696  30.610  20.129 0.0277777778
134514  -41.322  30.373  19.723 0.0277777778
138337  -37.898  36.297  28.588 0.0833333333
138338  -38.266  36.751  28.476 0.1250000000
138339  -37.683  37.005  28.397 0.0972222222
138340  -37.467  37.664  28.104 0.1111111111
138341  -37.274  38.276  27.713 0.1111111111
138342  -36.511  37.913  27.684 0.1111111111
138343  -36.771  38.375  27.457 0.0972222222
138344  -37.021  38.812  27.223 0.0972222222
138345  -36.880  39.238  26.660 0.0833333333
138346  -36.707  39.608  26.038 0.0833333333
138347  -36.517  39.939  25.335 0.0694444444
138350  -34.817  38.283  25.505 0.0833333333
138352  -34.514  38.554  24.753 0.0694444444
138353  -35.098  38.776  25.262 0.0833333333
138354  -35.520  39.317  25.049 0.0694444444
138355  -35.970  39.804  24.818 0.0555555556
138356  -36.441  40.230  24.584 0.0555555556
138357  -36.340  40.531  23.866 0.0694444444
138358  -36.180  40.804  23.135 0.0555555556
138359  -35.971  41.124  22.411 0.0555555556
138360  -34.984  40.460  22.103 0.0416666667
138361  -35.384  41.011  21.899 0.0416666667
138362  -35.724  41.566  21.744 0.0694444444
138363  -35.425  42.076  21.121 0.0972222222
138364  -35.150  42.548  20.569 0.1111111111
138365  -34.933  43.041  20.091 0.1250000000
138386  -33.256  41.140  19.804 0.0833333333
138387  -32.380  41.616  18.862 0.0833333333
138388  -33.023  41.681  19.288 0.0833333333
138389  -33.650  41.740  19.742 0.0972222222
138390  -34.033  42.376  19.668 0.0972222222
138391  -34.391  43.028  19.632 0.0972222222
138392  -34.709  43.613  19.587 0.1250000000
138393  -34.504  44.213  19.102 0.1111111111
138394  -34.225  44.780  18.743 0.0972222222
138395  -33.935  45.379  18.574 0.0694444444
138396  -33.007  44.744  18.310 0.0833333333
138397  -33.375  45.384  18.422 0.0694444444
138398  -33.793  46.029  18.597 0.0694444444
138399  -33.624  46.717  18.460 0.0555555556
138400  -33.438  47.269  18.109 0.0555555556
138401  -33.245  47.537  17.560 0.0277777778
138402  -30.547  45.319  18.033 0.0277777778
138403  -30.914  45.935  18.102 0.0277777778
138404  -31.327  46.339  17.930 0.0277777778
138406  -31.198  46.537  17.399 0.0138888889
138407  -31.764  46.709  17.761 0.0277777778
138408  -32.239  47.014  17.590 0.0277777778
138409  -32.650  47.291  17.267 0.0138888889
138410  -33.065  47.638  16.986 0.0138888889
138411  -32.787  47.597  16.287 0.0277777778
138412  -32.527  47.406  15.542 0.0277777778
146099  -42.509  30.731  21.134 0.0138888889
146100  -44.074  30.872  26.165 0.0416666667
146101  -44.102  30.997  25.810 0.0277777778
146102  -44.185  31.104  25.455 0.0277777778
146103  -43.680  31.935  24.917 0.0416666667
146104  -44.061  31.624  25.005 0.0277777778
146105  -44.263  31.283  25.046 0.0277777778
146106  -44.357  31.426  24.589 0.0277777778
146107  -44.397  31.542  24.158 0.0277777778
146108  -44.409  31.616  23.729 0.0277777778
146109  -42.705  33.370  23.131 0.1388888889
146110  -43.173  33.151  23.153 0.1388888889
146111  -43.580  32.947  23.179 0.0972222222
146112  -43.518  33.288  22.460 0.0972222222
146113  -43.773  32.996  22.813 0.0833333333
146114  -43.947  32.700  23.175 0.0833333333
146115  -44.241  32.410  23.178 0.0277777778
146116  -44.404  32.057  23.211 0.0277777778
146117  -44.371  31.625  23.295 0.0277777778
146118  -44.207  31.586  22.917 0.0277777778
146119  -43.998  31.555  22.561 0.0277777778
146120  -43.771  31.501  22.188 0.0416666667
146121  -43.593  32.203  21.704 0.0555555556
146122  -43.611  31.825  21.772 0.0555555556
146123  -43.490  31.408  21.849 0.0416666667
146124  -43.128  31.308  21.527 0.0416666667
146125  -42.787  31.190  21.187 0.0277777778
146126  -42.416  31.052  20.814 0.0277777778
146127  -42.220  31.366  20.500 0.0277777778
146128  -41.838  31.593  20.132 0.0555555556
146154  -38.627  37.163  28.312 0.1250000000
146155  -38.930  37.529  28.050 0.1388888889
146156  -39.219  37.789  27.615 0.1527777778
146157  -38.596  38.764  27.391 0.1388888889
146158  -39.087  38.418  27.283 0.1666666667
146159  -39.490  37.977  27.086 0.1805555556
146160  -39.793  38.097  26.486 0.1666666667
146161  -40.051  38.070  25.889 0.1805555556
146162  -40.445  38.081  25.245 0.1805555556
146163  -38.242  40.724  25.085 0.0416666667
146164  -38.885  40.645  25.319 0.0555555556
146165  -39.477  40.388  25.422 0.0833333333
146166  -39.854  41.171  24.243 0.0694444444
146167  -39.936  40.572  24.755 0.0833333333
146168  -39.986  40.004  25.287 0.1111111111
146169  -40.340  39.425  25.160 0.1250000000
146170  -40.559  38.773  24.901 0.1388888889
146171  -40.639  38.105  24.638 0.1527777778
146172  -40.765  38.159  24.081 0.1666666667
146173  -40.891  38.160  23.514 0.1666666667
146174  -40.925  38.116  22.940 0.1527777778
146175  -40.951  39.374  22.563 0.1111111111
146176  -40.964  38.731  22.486 0.1388888889
146177  -40.910  38.093  22.367 0.1388888889
146178  -40.938  38.007  21.789 0.1250000000
146179  -40.993  37.912  21.192 0.1250000000
146180  -40.990  37.864  20.603 0.1527777778
146181  -36.168  44.347  20.202 0.1250000000
146182  -36.706  44.366  20.442 0.1111111111
146183  -37.211  44.217  20.568 0.1111111111
146184  -37.148  44.738  19.587 0.1805555556
146185  -37.389  44.343  20.092 0.1666666667
146186  -37.664  43.945  20.602 0.1527777778
146187  -38.100  43.554  20.587 0.1527777778
146188  -38.567  43.172  20.518 0.1527777778
146189  -39.066  42.791  20.451 0.1250000000
146190  -36.996  44.326  17.445 0.2777777778
146191  -37.223  43.933  17.867 0.3194444444
146192  -37.550  43.628  18.325 0.3055555556
146193  -37.421  42.837  17.681 0.3055555556
146194  -37.745  43.104  18.218 0.3333333333
146195  -37.972  43.292  18.800 0.3333333333
146196  -38.408  42.924  19.251 0.2500000000
146197  -38.941  42.659  19.755 0.1944444444
146198  -39.515  42.368  20.361 0.1388888889
146199  -39.895  41.791  20.305 0.1805555556
146200  -40.192  41.092  20.235 0.1805555556
146201  -40.387  40.349  20.181 0.1944444444
146202  -39.346  40.595  18.991 0.2222222222
146203  -39.940  40.100  19.615 0.1944444444
146204  -40.505  39.649  20.170 0.1666666667
146205  -40.570  39.005  20.089 0.1527777778
146206  -40.634  38.410  20.078 0.1666666667
146207  -40.697  37.792  20.073 0.1388888889
146208  -40.328  37.666  19.593 0.1666666667
146209  -39.818  37.491  19.112 0.1805555556
146210  -39.327  37.287  18.711 0.2222222222
146211  -38.725  38.315  18.113 0.2500000000
146212  -38.763  37.712  18.196 0.2361111111
149764  -44.138  28.866  27.200 0.0138888889
149765  -44.416  29.265  27.187 0.0277777778
149766  -44.561  29.674  27.198 0.0277777778
149788  -44.768  28.525  29.117 0.0138888889
149790  -44.861  28.637  28.214 0.0138888889
149791  -44.850  29.100  27.936 0.0138888889
149792  -44.779  29.595  27.653 0.0277777778
149793  -44.497  30.147  27.249 0.0277777778
149794  -44.215  30.599  27.411 0.0416666667
149795  -43.848  30.937  27.466 0.0416666667
149796  -43.393  31.182  27.577 0.0416666667
149797  -43.556  30.668  28.451 0.0416666667
149798  -43.238  31.095  28.081 0.0416666667
149799  -42.925  31.477  27.733 0.0555555556
149800  -42.468  31.842  27.873 0.0694444444
149801  -42.082  32.226  28.011 0.0416666667
149802  -41.811  32.583  28.227 0.0694444444
149803  -41.975  29.757  29.694 0.0138888889
149804  -41.963  30.306  29.512 0.0138888889
149805  -41.974  30.867  29.348 0.0138888889
149806  -40.818  30.710  29.367 0.0138888889
149807  -41.408  31.064  29.332 0.0138888889
149808  -41.953  31.429  29.179 0.0277777778
149809  -41.858  31.993  28.975 0.0555555556
149810  -41.697  32.561  28.661 0.0555555556
149811  -41.525  33.082  28.323 0.0555555556
149812  -41.187  33.509  28.471 0.0833333333
149813  -40.834  33.933  28.668 0.0833333333
149814  -40.459  34.357  28.881 0.1111111111
149815  -39.977  33.426  29.152 0.0416666667
149816  -40.055  34.144  29.155 0.0694444444
149817  -40.000  34.779  29.054 0.0972222222
149818  -39.503  35.124  29.067 0.0833333333
149819  -38.994  35.364  29.033 0.0694444444
149820  -38.462  35.541  28.930 0.0694444444
149874  -37.820  28.164  33.680 0.0138888889
149875  -37.645  28.360  33.147 0.0138888889
149876  -37.461  28.515  32.589 0.0138888889
149877  -37.369  28.744  32.021 0.0138888889
149878  -36.344  28.870  32.809 0.0138888889
149892  -37.344  30.887  29.558 0.0277777778
149893  -37.508  31.602  29.269 0.0277777778
149894  -37.595  32.363  29.156 0.0277777778
149895  -37.681  33.092  29.088 0.0416666667
149896  -36.561  32.830  29.068 0.0416666667
149897  -37.160  33.315  29.035 0.0416666667
149898  -37.776  33.784  29.080 0.0555555556
149899  -37.874  34.462  29.016 0.0694444444
149900  -37.900  35.108  28.912 0.0833333333
149901  -37.907  35.718  28.757 0.0833333333
149902  -37.384  35.904  28.589 0.0833333333
149903  -36.826  36.015  28.481 0.0833333333
149904  -36.346  36.206  28.346 0.0833333333
149905  -35.775  35.242  28.632 0.0694444444
149906  -35.849  35.791  28.476 0.0833333333
149907  -35.904  36.356  28.214 0.0833333333
1155  -38.151  32.452  17.720 0.0694444444
1157  -36.470  30.627  12.870 0.0138888889
1877  -37.420  36.287  17.076 0.2083333333
1879  -37.123  40.825  16.174 0.3333333333
1880  -36.208  40.707  11.827 0.2361111111
4123  -40.079  34.955  18.837 0.1111111111
4124  -39.447  36.714  18.761 0.1805555556
4130  -35.887  42.574  14.295 0.2638888889
4131  -36.202  40.686  13.971 0.2916666667
6687  -40.931  31.598  19.366 0.0555555556
6688  -40.549  29.616  19.288 0.0138888889
6689  -38.758  30.545  17.774 0.0277777778
6690  -37.675  29.207  15.285 0.0138888889
8247  -40.528  33.215  19.124 0.0694444444
8248  -37.779  34.178  17.408 0.1250000000
8256  -37.625  38.577  16.300 0.2638888889
8257  -36.465  38.466  14.240 0.1944444444
14985  -39.634  32.036  18.555 0.0694444444
14986  -39.882  31.138  18.575 0.0416666667
14987  -38.404  31.467  17.780 0.0555555556
14988  -35.911  30.682  14.124 0.0277777778
14989  -36.669  30.202  15.493 0.0277777778
14990  -36.963  29.859  14.100 0.0277777778
14991  -38.297  28.805  13.947 0.0138888889
18128  -41.691  32.750  20.027 0.0555555556
18129  -41.444  33.549  19.945 0.0833333333
18130  -38.675  35.507  18.120 0.1944444444
18131  -38.956  34.564  18.162 0.1388888889
18132  -37.584  35.245  17.311 0.1944444444
18133  -36.547  34.992  16.379 0.1388888889
18134  -36.570  36.204  16.135 0.1527777778
18152  -37.474  39.714  16.074 0.2638888889
18153  -36.039  40.644  12.928 0.2500000000
18154  -36.451  39.738  13.983 0.2500000000
23967  -36.667  32.813  16.665 0.0833333333
23968  -36.889  31.790  16.797 0.0416666667
23969  -35.608  32.259  15.471 0.0555555556
23970  -35.148  31.717  14.080 0.0416666667
25853  -41.240  34.426  19.688 0.1250000000
25855  -39.706  35.805  18.818 0.1527777778
25856  -38.461  36.495  17.994 0.2222222222
25866  -36.156  41.613  15.346 0.3055555556
25867  -36.485  40.652  15.076 0.3333333333
25868  -35.893  41.507  14.132 0.2638888889
25869  -35.904  41.486  12.887 0.2361111111
25870  -36.108  41.514  11.759 0.2083333333
29866  -40.895  33.965  24.931 0.1666666667
29867  -41.160  34.054  23.861 0.1805555556
30965  -40.972  30.629  19.344 0.0277777778
30966  -39.928  30.123  18.527 0.0277777778
30967  -38.947  29.392  17.597 0.0138888889
30968  -37.297  30.816  16.792 0.0277777778
30969  -37.806  29.850  16.699 0.0138888889
30970  -38.413  28.548  16.386 0.0138888889
30971  -38.737  27.889  15.007 0.0138888889
35038  -40.765  32.413  19.270 0.0555555556
35039  -39.416  32.823  18.434 0.0833333333
35040  -40.359  34.050  19.020 0.1250000000
35041  -39.162  33.667  18.253 0.1250000000
35042  -37.911  33.239  17.507 0.0833333333
35043  -36.548  33.842  16.545 0.1111111111
35065  -38.344  37.554  17.715 0.2361111111
35066  -37.480  37.447  16.701 0.2500000000
35067  -37.026  39.730  14.905 0.2777777778
35068  -36.998  38.484  15.273 0.2361111111
35069  -36.725  37.351  15.714 0.1805555556
35070  -36.043  37.292  14.584 0.1527777778
45705  -38.888  32.233  18.139 0.0555555556
45706  -39.007  31.767  18.182 0.0555555556
45707  -38.245  31.953  17.756 0.0694444444
45708  -36.136  30.590  13.473 0.0277777778
45709  -36.391  30.256  14.122 0.0277777778
45710  -36.669  30.202  13.465 0.0138888889
45711  -37.353  29.817  13.469 0.0138888889
45712  -37.148  30.241  12.902 0.0138888889
48850  -38.019  35.863  17.658 0.2222222222
48851  -38.148  35.380  17.728 0.1944444444
48852  -37.492  35.773  17.230 0.2083333333
48853  -37.026  35.694  16.792 0.2083333333
48854  -36.997  36.238  16.627 0.2083333333
48871  -37.738  39.825  16.685 0.2638888889
48872  -37.310  40.274  16.070 0.2916666667
48873  -36.073  40.659  12.377 0.2361111111
48874  -36.108  40.241  12.957 0.2222222222
48877  -36.125  40.201  11.816 0.1944444444
51203  -39.384  28.545  17.982 0.0138888889
55305  -36.035  33.148  16.046 0.0833333333
55306  -36.105  32.556  16.097 0.0694444444
55311  -35.223  31.577  13.387 0.0416666667
55312  -35.006  32.057  12.670 0.0416666667
58451  -40.152  35.919  19.161 0.1527777778
58452  -39.555  36.230  18.789 0.1666666667
58453  -39.063  36.106  18.458 0.1944444444
58454  -38.947  36.610  18.399 0.2222222222
58466  -36.057  43.241  14.437 0.2777777778
58468  -35.999  42.677  14.957 0.2916666667
58470  -35.907  42.098  14.863 0.2638888889
58471  -35.953  41.589  14.755 0.2916666667
58472  -35.809  41.999  14.236 0.2777777778
58473  -36.027  42.588  12.505 0.2222222222
58474  -35.876  41.950  12.947 0.2361111111
65645  -40.706  34.459  24.608 0.1944444444
65646  -41.006  33.983  24.391 0.1944444444
65647  -40.861  34.490  24.080 0.1805555556
67997  -40.982  31.109  19.380 0.0277777778
67998  -39.327  30.856  18.193 0.0555555556
67999  -39.959  30.660  18.567 0.0555555556
68000  -39.409  30.354  18.201 0.0416666667
68001  -39.398  29.786  18.089 0.0277777778
68002  -38.868  30.010  17.719 0.0138888889
68004  -37.082  31.271  16.821 0.0277777778
68005  -36.620  30.955  16.206 0.0277777778
68006  -37.158  29.736  15.418 0.0277777778
68007  -37.205  30.025  16.141 0.0277777778
68008  -37.657  29.535  16.020 0.0138888889
68009  -38.136  29.235  16.563 0.0138888889
68010  -38.046  28.850  15.846 0.0138888889
68011  -38.507  28.170  15.684 0.0138888889
68012  -38.187  28.522  15.140 0.0138888889
77425  -41.145  32.987  19.593 0.0555555556
77426  -41.254  32.616  19.677 0.0555555556
77427  -40.664  32.792  19.202 0.0694444444
77428  -40.113  32.611  18.839 0.0694444444
77429  -39.989  33.014  18.781 0.0833333333
77430  -40.671  34.718  19.235 0.1250000000
77431  -40.823  34.262  19.362 0.0972222222
77432  -40.226  34.525  18.911 0.1388888889
77433  -38.368  34.365  17.800 0.1388888889
77434  -39.059  34.103  18.218 0.1250000000
77435  -38.461  33.894  17.827 0.1250000000
77436  -38.554  33.466  17.872 0.0833333333
77437  -37.842  33.682  17.435 0.1111111111
77438  -37.210  33.484  17.021 0.0972222222
77439  -37.163  33.998  16.986 0.1388888889
77440  -36.038  35.489  15.717 0.1388888889
77441  -36.008  34.858  15.842 0.1111111111
77493  -37.938  38.653  16.865 0.2500000000
77494  -38.333  38.130  17.569 0.2361111111
77495  -37.973  38.074  17.023 0.2638888889
77496  -37.917  37.495  17.190 0.2500000000
77497  -37.569  38.010  16.496 0.2500000000
77498  -36.323  40.672  14.513 0.3055555556
77499  -36.742  40.218  14.970 0.3194444444
77500  -36.566  40.247  14.455 0.3194444444
77501  -36.517  39.115  14.079 0.2083333333
77502  -36.751  39.116  14.550 0.2361111111
77503  -36.778  38.462  14.803 0.2222222222
77504  -36.886  37.896  15.520 0.2361111111
77505  -36.551  37.886  14.980 0.1805555556
77506  -36.378  37.342  15.179 0.1805555556
94986  -36.027  43.187  13.854 0.2638888889
94987  -35.889  42.538  13.702 0.2638888889
94988  -36.084  43.186  13.268 0.2361111111
94989  -36.215  43.228  12.676 0.2222222222
100701  -40.319  31.823  18.939 0.0416666667
100702  -40.407  31.346  18.991 0.0416666667
100703  -39.738  31.576  18.570 0.0555555556
100704  -39.140  31.293  18.187 0.0555555556
100705  -38.597  31.006  17.776 0.0694444444
100706  -35.837  30.899  14.806 0.0277777778
100707  -36.286  30.683  15.522 0.0277777778
100708  -36.215  30.401  14.810 0.0277777778
100709  -36.703  29.979  14.798 0.0277777778
100710  -37.293  29.551  14.736 0.0138888889
100711  -37.913  28.954  14.593 0.0138888889
100712  -37.621  29.384  14.040 0.0138888889
100713  -38.088  29.299  13.421 0.0138888889
106360  -41.564  33.151  19.984 0.0694444444
106361  -40.995  33.397  19.535 0.0833333333
106362  -39.336  35.211  18.505 0.1388888889
106363  -39.516  34.758  18.501 0.1388888889
106364  -38.813  35.040  18.140 0.1666666667
106365  -38.267  34.866  17.770 0.1805555556
106366  -37.672  34.701  17.339 0.1666666667
106367  -37.118  34.547  16.923 0.1527777778
106368  -37.072  35.123  16.849 0.1805555556
106369  -36.546  35.603  16.278 0.1527777778
106370  -36.103  36.199  15.587 0.1527777778
106401  -37.848  39.235  16.754 0.2500000000
106402  -37.561  39.153  16.147 0.2777777778
106403  -36.087  40.680  13.473 0.2500000000
106404  -36.386  40.269  13.968 0.2638888889
106405  -36.190  40.256  13.505 0.2361111111
106406  -36.256  39.786  13.510 0.2083333333
106407  -36.302  39.141  13.545 0.1944444444
110597  -40.130  29.328  18.906 0.0138888889
110598  -40.253  29.070  19.306 0.0138888889
117363  -37.401  32.633  17.234 0.0555555556
117364  -37.516  32.149  17.299 0.0555555556
117365  -36.779  32.294  16.750 0.0555555556
121766  -40.541  35.106  19.185 0.1111111111
121768  -40.327  35.520  19.178 0.1250000000
121769  -39.898  35.377  18.811 0.1250000000
121770  -39.194  35.635  18.494 0.1805555556
121771  -38.530  35.971  18.074 0.1944444444
121772  -37.945  36.392  17.545 0.2083333333
121794  -36.600  41.198  15.777 0.3333333333
121795  -36.766  40.710  15.620 0.3611111111
121796  -36.287  41.110  15.198 0.3194444444
121797  -36.126  41.108  14.619 0.2916666667
121798  -36.033  41.089  14.025 0.2916666667
121799  -35.833  41.962  13.596 0.2638888889
121800  -35.856  41.462  13.508 0.2638888889
121801  -35.970  41.101  13.427 0.2638888889
121802  -35.972  41.072  12.875 0.2500000000
121804  -36.205  41.146  11.801 0.2222222222
131535  -41.218  33.535  24.718 0.1666666667
131536  -41.347  33.589  24.168 0.1666666667
134515  -40.832  30.138  19.320 0.0277777778
134516  -40.499  30.899  18.966 0.0277777778
134517  -40.474  30.396  18.946 0.0277777778
134518  -40.343  29.882  18.909 0.0277777778
134519  -39.859  29.594  18.497 0.0277777778
134520  -39.379  29.196  18.049 0.0138888889
134521  -39.032  28.787  17.540 0.0138888889
134522  -37.628  31.633  17.321 0.0416666667
134523  -37.844  31.145  17.338 0.0416666667
134524  -38.052  30.705  17.301 0.0277777778
134525  -36.867  30.516  16.158 0.0277777778
134526  -37.518  30.369  16.765 0.0277777778
134527  -38.208  30.247  17.300 0.0138888889
134528  -38.441  29.608  17.171 0.0138888889
134529  -38.593  28.987  17.066 0.0138888889
134530  -38.805  28.295  16.904 0.0138888889
134531  -38.817  27.851  16.190 0.0138888889
134532  -39.019  27.528  15.492 0.0138888889
146129  -41.392  31.813  19.755 0.0555555556
146130  -41.778  32.353  20.096 0.0555555556
146131  -41.338  32.228  19.731 0.0555555556
146132  -40.851  32.015  19.292 0.0555555556
146133  -40.220  32.218  18.890 0.0694444444
146134  -39.542  32.421  18.483 0.0694444444
146135  -38.779  32.624  18.067 0.0694444444
146136  -41.411  33.964  19.873 0.1111111111
146137  -40.929  33.815  19.470 0.0972222222
146138  -40.405  33.653  19.050 0.0972222222
146139  -39.644  34.310  18.573 0.1527777778
146140  -39.750  33.874  18.638 0.1250000000
146141  -39.844  33.448  18.677 0.0972222222
146142  -39.279  33.241  18.332 0.1111111111
146143  -38.684  33.028  17.979 0.0694444444
146144  -38.019  32.829  17.623 0.0555555556
146145  -37.267  33.039  17.120 0.0833333333
146146  -36.591  33.330  16.603 0.0833333333
146147  -35.978  33.678  15.968 0.0833333333
146148  -36.525  34.374  16.478 0.1250000000
146149  -35.992  34.262  15.938 0.1111111111
146213  -38.830  37.129  18.295 0.2222222222
146214  -38.386  37.013  17.857 0.2500000000
146215  -37.911  36.956  17.386 0.2500000000
146216  -37.418  36.892  16.909 0.2083333333
146217  -37.026  40.200  15.495 0.3333333333
146218  -37.210  39.675  15.491 0.2777777778
146219  -37.284  39.102  15.584 0.2500000000
146220  -36.713  39.725  14.452 0.3055555556
146221  -37.027  39.111  15.027 0.2500000000
146222  -37.278  38.495  15.759 0.2500000000
146223  -37.150  37.921  16.002 0.2638888889
146224  -37.088  37.379  16.230 0.2222222222
146225  -37.022  36.816  16.436 0.1944444444
146226  -36.632  36.797  15.935 0.1666666667
146227  -36.255  36.795  15.399 0.1666666667
154694  -36.354  31.121  12.222 0.0138888889
154702  -36.942  31.222  11.672 0.0138888889
154703  -37.013  30.706  12.293 0.0138888889
177  -29.409  34.648  23.044 0.0277777778
657  -24.118  36.325  21.855 0.0138888889
658  -27.032  39.013  18.157 0.0555555556
1471  -34.421  36.686  26.698 0.0277777778
1473  -32.301  38.889  20.978 0.0555555556
2037  -33.909  32.421  29.528 0.0416666667
2038  -30.475  32.441  28.214 0.0138888889
2577  -22.585  38.690  22.724 0.0138888889
2578  -23.593  39.449  20.143 0.0277777778
3412  -32.117  35.518  24.621 0.0416666667
3413  -33.013  37.512  23.951 0.0555555556
3414  -30.623  36.768  22.042 0.0277777778
3415  -26.383  41.971  17.084 0.0138888889
3416  -28.856  41.136  17.472 0.0277777778
3417  -28.126  44.232  17.145 0.0138888889
3418  -29.789  45.955  16.769 0.0138888889
4473  -32.363  33.002  29.395 0.0277777778
5791  -26.572  34.882  21.961 0.0277777778
5792  -27.958  36.591  20.380 0.0555555556
5793  -25.394  37.586  19.715 0.0277777778
5794  -24.600  40.403  17.890 0.0138888889
7278  -29.512  38.643  19.262 0.0416666667
7279  -31.287  40.926  18.500 0.0833333333
8683  -35.524  29.593  31.611 0.0138888889
8684  -35.769  31.624  29.535 0.0277777778
8686  -34.357  34.930  28.655 0.0416666667
8687  -32.407  34.371  27.123 0.0277777778
8688  -30.035  33.285  25.566 0.0138888889
8693  -23.002  36.471  24.558 0.0138888889
8694  -22.447  39.318  26.081 0.0138888889
8941  -23.553  40.789  28.860 0.0138888889
10257  -22.181  40.063  23.374 0.0138888889
10258  -22.652  40.395  21.997 0.0138888889
11092  -30.844  35.005  23.774 0.0277777778
11093  -31.327  36.040  23.412 0.0277777778
13492  -25.213  35.435  21.753 0.0138888889
13493  -25.827  36.157  20.806 0.0277777778
13494  -24.723  36.926  20.779 0.0138888889
13496  -24.085  39.880  18.861 0.0277777778
16000  -32.500  38.097  22.542 0.0555555556
16001  -33.698  38.540  23.503 0.0694444444
16002  -33.505  39.199  22.010 0.0416666667
16004  -33.260  40.000  20.527 0.0694444444
16006  -28.798  37.530  19.756 0.0555555556
16007  -28.293  38.686  18.600 0.0555555556
16008  -29.697  42.315  17.503 0.0555555556
16009  -30.121  40.959  17.942 0.0555555556
16010  -30.920  42.232  17.898 0.0833333333
16011  -32.183  42.209  18.445 0.0833333333
16016  -30.590  45.997  16.237 0.0277777778
16017  -30.198  45.433  14.615 0.0277777778
19168  -33.709  31.308  30.464 0.0138888889
19169  -34.568  30.813  30.459 0.0277777778
19170  -34.800  32.015  29.544 0.0277777778
19172  -35.005  33.359  29.100 0.0416666667
19174  -34.163  33.770  29.152 0.0416666667
19175  -31.462  32.790  28.895 0.0277777778
19176  -32.428  33.690  28.385 0.0277777778
19177  -31.392  33.271  27.577 0.0277777778
19178  -31.265  33.811  26.280 0.0277777778
19179  -30.353  32.807  26.905 0.0138888889
19193  -22.634  37.929  25.268 0.0138888889
19801  -22.831  40.010  27.490 0.0138888889
23071  -23.166  37.377  22.186 0.0138888889
23072  -23.780  37.835  20.924 0.0138888889
23073  -23.106  39.024  21.415 0.0138888889
23074  -23.113  40.719  20.733 0.0138888889
24574  -33.312  36.123  25.636 0.0277777778
24575  -33.847  37.062  25.321 0.0555555556
24576  -32.612  36.484  24.331 0.0555555556
24577  -31.798  37.092  23.112 0.0277777778
24578  -31.379  37.798  21.419 0.0555555556
24579  -26.618  40.530  17.464 0.0277777778
24580  -27.935  40.052  17.756 0.0277777778
24581  -27.606  41.424  17.210 0.0277777778
24582  -28.415  42.513  17.229 0.0277777778
24583  -29.221  43.952  17.515 0.0277777778
24584  -29.968  45.393  17.776 0.0277777778
24585  -28.951  45.448  17.122 0.0138888889
26466  -37.899  29.638  30.465 0.0138888889
26480  -32.998  31.918  30.395 0.0277777778
26481  -33.183  32.798  29.644 0.0277777778
26482  -32.405  32.302  30.389 0.0138888889
28873  -27.939  34.584  22.418 0.0277777778
28874  -28.565  35.507  21.650 0.0277777778
28875  -27.167  35.723  21.136 0.0277777778
28879  -24.958  38.906  18.670 0.0277777778
28880  -25.717  39.610  17.863 0.0416666667
32364  -34.244  38.072  24.982 0.0694444444
32370  -29.336  36.574  21.092 0.0416666667
32371  -30.227  37.566  20.489 0.0555555556
32372  -30.953  38.685  19.929 0.0555555556
32373  -29.129  39.837  18.230 0.0555555556
32374  -30.342  39.803  18.761 0.0555555556
32375  -31.749  39.819  19.541 0.0833333333
32376  -32.614  41.052  19.336 0.0833333333
36302  -36.738  29.205  31.517 0.0138888889
36303  -36.676  30.073  30.447 0.0138888889
36304  -34.402  30.048  31.663 0.0138888889
36305  -35.615  30.425  30.433 0.0138888889
36306  -36.829  31.137  29.572 0.0277777778
36311  -35.426  35.901  28.330 0.0416666667
36312  -34.469  35.957  27.731 0.0277777778
36313  -33.285  33.914  28.990 0.0277777778
36314  -33.424  34.929  28.054 0.0277777778
36315  -33.417  35.626  26.837 0.0277777778
36316  -32.313  35.015  25.802 0.0277777778
36317  -31.133  34.384  24.972 0.0277777778
36318  -29.736  33.895  24.226 0.0138888889
36326  -28.662  33.008  24.783 0.0138888889
36327  -28.302  33.699  23.528 0.0277777778
36328  -26.849  33.901  23.076 0.0138888889
36329  -25.493  34.365  22.767 0.0138888889
36330  -24.292  35.123  22.781 0.0138888889
36332  -23.643  35.164  24.017 0.0138888889
36333  -23.312  36.206  23.067 0.0138888889
36334  -22.645  37.510  23.579 0.0138888889
36335  -22.195  38.953  24.365 0.0138888889
36336  -22.005  40.400  25.126 0.0138888889
37069  -22.232  41.114  26.592 0.0138888889
37070  -22.734  41.787  28.047 0.0138888889
40977  -22.081  40.785  23.640 0.0138888889
40978  -22.309  40.926  22.975 0.0138888889
41812  -30.144  34.797  23.406 0.0277777778
41813  -30.418  35.341  23.125 0.0277777778
41814  -29.685  35.178  22.696 0.0277777778
44212  -24.618  35.854  21.795 0.0138888889
44213  -24.966  36.176  21.291 0.0138888889
44214  -24.395  36.603  21.352 0.0138888889
46717  -34.892  36.839  27.180 0.0555555556
46719  -34.647  37.114  26.531 0.0555555556
46720  -32.435  38.464  21.741 0.0555555556
46721  -32.971  38.650  22.295 0.0555555556
46722  -32.917  39.041  21.482 0.0555555556
46723  -33.421  39.595  21.239 0.0694444444
46724  -32.765  39.439  20.713 0.0555555556
46725  -27.221  38.371  18.610 0.0555555556
46726  -27.899  38.191  18.852 0.0555555556
46727  -27.693  38.802  18.318 0.0555555556
46728  -30.088  43.059  17.687 0.0416666667
46729  -30.318  42.265  17.706 0.0555555556
46730  -30.678  43.000  17.824 0.0694444444
46731  -31.312  42.937  17.957 0.0833333333
46732  -31.106  43.771  18.007 0.0694444444
49888  -33.799  31.805  29.944 0.0138888889
49889  -34.246  31.580  29.927 0.0138888889
49890  -34.336  32.185  29.541 0.0277777778
49891  -34.905  32.677  29.312 0.0277777778
49892  -34.457  32.895  29.306 0.0416666667
49893  -34.578  33.586  29.121 0.0416666667
49894  -34.042  33.104  29.332 0.0416666667
49895  -30.975  32.602  28.551 0.0138888889
49896  -31.431  33.047  28.220 0.0277777778
49897  -30.953  32.828  27.892 0.0277777778
49898  -30.867  33.026  27.249 0.0277777778
49899  -30.434  32.598  27.534 0.0138888889
53812  -22.850  38.008  22.427 0.0138888889
53813  -23.116  38.197  21.810 0.0138888889
53814  -22.828  38.839  22.072 0.0138888889
53815  -22.702  41.237  21.639 0.0138888889
53816  -22.881  40.564  21.330 0.0138888889
56317  -32.725  35.815  25.099 0.0277777778
56318  -33.051  36.253  24.918 0.0416666667
56319  -32.405  35.988  24.448 0.0416666667
56320  -30.890  36.362  22.778 0.0277777778
56321  -31.529  36.559  23.280 0.0277777778
56322  -31.186  36.910  22.571 0.0277777778
56323  -31.523  37.444  22.296 0.0416666667
56324  -30.985  37.317  21.753 0.0416666667
56325  -26.483  41.247  17.248 0.0277777778
56326  -27.107  40.982  17.335 0.0277777778
56327  -26.992  41.676  17.150 0.0138888889
56330  -28.242  43.348  17.186 0.0138888889
56331  -28.843  43.211  17.349 0.0138888889
56332  -28.637  44.113  17.332 0.0138888889
56333  -29.015  44.827  17.454 0.0138888889
56334  -28.538  44.886  17.162 0.0138888889
59492  -32.602  31.795  31.009 0.0138888889
59493  -32.725  32.130  30.420 0.0277777778
63517  -27.248  34.702  22.195 0.0277777778
63518  -27.542  35.139  21.776 0.0277777778
63519  -26.881  35.283  21.558 0.0277777778
63520  -25.585  36.862  20.260 0.0277777778
63521  -26.202  36.513  20.350 0.0277777778
63522  -25.970  37.178  19.789 0.0416666667
63524  -25.739  37.878  19.224 0.0416666667
63525  -23.662  38.643  20.529 0.0277777778
63527  -23.911  38.901  19.869 0.0277777778
63528  -24.336  40.137  18.360 0.0277777778
63529  -24.491  39.332  18.733 0.0277777778
63530  -24.791  39.632  18.234 0.0277777778
63531  -25.278  39.228  18.154 0.0277777778
63532  -25.130  39.980  17.834 0.0277777778
63533  -25.523  40.380  17.544 0.0277777778
71040  -33.447  37.275  24.661 0.0694444444
71041  -34.027  37.547  25.186 0.0694444444
71042  -33.667  37.783  24.406 0.0694444444
71043  -34.166  39.044  23.306 0.0555555556
71055  -28.229  36.053  21.009 0.0277777778
71056  -28.927  36.050  21.373 0.0277777778
71057  -28.596  36.569  20.673 0.0555555556
71058  -29.192  38.082  19.495 0.0555555556
71059  -29.537  37.523  20.122 0.0555555556
71060  -29.883  38.095  19.812 0.0555555556
71061  -30.579  38.128  20.166 0.0555555556
71062  -30.240  38.674  19.550 0.0555555556
71063  -28.386  40.609  17.563 0.0277777778
71064  -28.545  39.904  17.968 0.0277777778
71065  -29.013  40.465  17.760 0.0277777778
71066  -30.694  40.926  18.180 0.0833333333
71067  -30.215  40.374  18.326 0.0833333333
71068  -30.809  40.356  18.605 0.0833333333
71069  -31.027  39.808  19.146 0.0833333333
71070  -31.451  40.399  18.995 0.0833333333
71071  -32.196  40.427  19.364 0.0833333333
71072  -31.935  40.989  18.905 0.0833333333
71085  -29.850  45.866  17.391 0.0138888889
71087  -30.281  46.197  17.217 0.0138888889
71088  -30.982  46.097  15.958 0.0277777778
71089  -31.116  46.357  16.721 0.0138888889
80533  -35.574  29.273  32.203 0.0138888889
80534  -36.254  29.148  32.152 0.0138888889
80535  -36.126  29.426  31.532 0.0138888889
80536  -36.672  29.614  30.958 0.0138888889
80537  -36.076  29.792  30.964 0.0138888889
80541  -35.115  31.144  29.875 0.0277777778
80542  -35.063  30.635  30.444 0.0277777778
80543  -35.662  30.960  29.909 0.0277777778
80544  -36.219  30.755  29.947 0.0277777778
80545  -36.296  31.381  29.575 0.0277777778
80555  -34.819  34.830  28.734 0.0416666667
80556  -35.373  35.345  28.565 0.0694444444
80557  -34.891  35.364  28.461 0.0416666667
80558  -34.934  35.889  28.091 0.0416666667
80559  -34.430  35.460  28.224 0.0416666667
80560  -32.788  32.931  29.579 0.0277777778
80561  -33.234  33.337  29.341 0.0416666667
80562  -32.805  33.414  29.184 0.0277777778
80563  -32.444  34.047  27.767 0.0277777778
80564  -32.923  34.369  28.268 0.0277777778
80565  -32.959  34.737  27.662 0.0277777778
80566  -33.469  35.301  27.457 0.0277777778
80567  -32.945  35.043  26.985 0.0277777778
80568  -32.859  35.319  26.311 0.0277777778
80569  -32.355  34.689  26.470 0.0277777778
80570  -30.672  33.527  25.924 0.0277777778
80571  -31.216  34.106  25.629 0.0277777778
80572  -30.603  33.821  25.261 0.0277777778
80573  -30.455  34.114  24.587 0.0277777778
80574  -29.923  33.579  24.888 0.0138888889
80591  -29.176  32.277  26.833 0.0138888889
80596  -28.478  33.323  24.133 0.0138888889
80598  -27.576  33.769  23.294 0.0277777778
80601  -25.636  33.861  23.326 0.0138888889
80603  -24.868  34.684  22.727 0.0138888889
80604  -24.442  34.604  23.281 0.0138888889
80611  -23.440  35.658  23.498 0.0138888889
80612  -23.080  36.287  23.760 0.0138888889
80613  -22.924  36.820  23.272 0.0138888889
80614  -22.797  36.967  24.073 0.0138888889
80615  -22.539  38.642  25.704 0.0138888889
80616  -22.373  38.432  24.822 0.0138888889
80617  -22.227  39.110  25.236 0.0138888889
80618  -22.061  39.677  24.745 0.0138888889
80619  -22.153  39.799  25.605 0.0138888889
82441  -22.093  40.749  25.844 0.0138888889
82442  -22.279  40.173  26.302 0.0138888889
82443  -23.151  40.405  28.184 0.0138888889
82444  -22.745  40.886  27.746 0.0138888889
82445  -23.115  41.256  28.422 0.0138888889
92191  -22.364  39.377  23.047 0.0138888889
92192  -22.589  39.538  22.379 0.0138888889
92193  -22.407  40.220  22.676 0.0138888889
93694  -31.482  35.236  24.205 0.0277777778
93695  -31.729  35.746  24.003 0.0416666667
93696  -31.078  35.525  23.563 0.0277777778
93697  -30.663  35.865  22.929 0.0277777778
93698  -30.307  36.188  22.242 0.0277777778
93700  -26.903  42.382  17.008 0.0138888889
93704  -28.095  44.909  16.871 0.0138888889
98014  -25.858  35.130  21.787 0.0277777778
98015  -26.157  35.511  21.368 0.0277777778
98016  -25.534  35.816  21.284 0.0277777778
98017  -25.265  36.535  20.752 0.0277777778
98018  -25.040  37.268  20.228 0.0138888889
98019  -23.542  40.232  19.771 0.0138888889
98020  -23.836  39.673  19.497 0.0277777778
102528  -32.685  37.761  23.296 0.0555555556
102529  -33.346  38.022  23.695 0.0694444444
102530  -33.098  38.296  23.036 0.0694444444
102531  -33.596  38.821  22.789 0.0694444444
102532  -34.072  39.354  22.556 0.0416666667
102538  -28.365  37.049  20.042 0.0555555556
102539  -28.111  37.606  19.460 0.0555555556
102540  -28.532  38.091  19.199 0.0555555556
102541  -28.884  38.632  18.954 0.0416666667
102542  -29.309  41.703  17.443 0.0277777778
102543  -29.500  41.034  17.690 0.0416666667
102544  -29.971  41.576  17.640 0.0555555556
102545  -30.576  41.533  17.869 0.0833333333
102546  -31.157  41.550  18.142 0.0833333333
102547  -31.745  41.566  18.465 0.0833333333
102548  -31.572  42.224  18.147 0.0833333333
102549  -31.992  42.902  18.148 0.0833333333
102555  -29.651  45.682  15.972 0.0138888889
102556  -30.186  45.960  16.485 0.0138888889
102557  -30.027  45.670  15.701 0.0277777778
102558  -30.412  45.722  15.447 0.0277777778
108230  -34.133  31.071  30.424 0.0138888889
108231  -34.663  31.338  29.903 0.0277777778
108232  -35.274  31.823  29.530 0.0277777778
108238  -35.104  34.055  28.912 0.0555555556
108239  -34.698  34.251  28.949 0.0416666667
108240  -34.270  34.382  28.933 0.0416666667
108241  -31.927  32.955  29.148 0.0277777778
108242  -32.387  33.355  28.916 0.0277777778
108243  -31.933  33.214  28.585 0.0277777778
108244  -31.924  33.484  27.969 0.0277777778
108245  -31.899  33.764  27.315 0.0277777778
108246  -31.837  34.093  26.668 0.0277777778
108247  -31.335  33.515  26.931 0.0277777778
108248  -30.775  33.262  26.594 0.0277777778
108249  -30.189  33.030  26.240 0.0277777778
108273  -22.785  37.172  24.904 0.0138888889
108274  -22.933  37.462  25.731 0.0138888889
108275  -22.860  38.141  26.142 0.0138888889
108276  -22.789  38.840  26.533 0.0138888889
109369  -22.603  39.688  26.778 0.0138888889
109370  -22.991  39.198  27.198 0.0138888889
109371  -23.275  39.559  27.918 0.0138888889
109372  -23.638  39.980  28.651 0.0138888889
115273  -23.649  36.839  21.970 0.0138888889
115274  -23.947  37.080  21.382 0.0138888889
115275  -23.485  37.609  21.572 0.0138888889
115276  -23.386  38.385  21.181 0.0138888889
115277  -23.354  39.209  20.798 0.0277777778
115278  -22.862  39.699  21.696 0.0138888889
115279  -23.110  39.867  21.052 0.0138888889
115280  -23.336  40.065  20.444 0.0138888889
118780  -33.887  36.414  26.192 0.0277777778
118781  -34.149  36.865  26.012 0.0416666667
118782  -33.632  36.582  25.466 0.0277777778
118783  -33.257  36.766  24.806 0.0555555556
118784  -32.821  36.993  24.194 0.0555555556
118785  -31.931  36.246  23.867 0.0277777778
118786  -32.165  36.766  23.743 0.0277777778
118787  -32.359  37.275  23.570 0.0555555556
118788  -32.091  37.592  22.822 0.0416666667
118789  -31.978  37.937  22.001 0.0555555556
118790  -31.848  38.324  21.176 0.0555555556
118791  -26.824  39.744  17.776 0.0416666667
118792  -27.490  39.512  17.956 0.0416666667
118793  -27.279  40.253  17.605 0.0277777778
118794  -27.745  40.772  17.433 0.0277777778
118795  -28.232  41.240  17.296 0.0277777778
118796  -27.453  42.128  17.091 0.0138888889
118797  -28.030  41.938  17.187 0.0277777778
118798  -28.658  41.796  17.293 0.0277777778
118799  -29.064  42.376  17.322 0.0277777778
118800  -29.469  43.096  17.496 0.0416666667
118801  -29.856  43.882  17.723 0.0416666667
118803  -29.556  44.745  17.728 0.0277777778
118804  -29.414  45.430  17.479 0.0277777778
118805  -29.358  45.732  16.970 0.0138888889
118806  -28.518  45.410  16.753 0.0138888889
118808  -29.266  45.702  16.280 0.0138888889
123192  -37.927  30.125  30.000 0.0138888889
123223  -33.329  31.649  30.456 0.0138888889
123224  -33.432  32.135  29.927 0.0138888889
123225  -33.541  32.648  29.569 0.0416666667
123226  -33.114  32.317  29.963 0.0277777778
123227  -32.789  32.466  29.948 0.0277777778
123228  -32.394  32.593  29.843 0.0277777778
123231  -31.955  32.643  29.680 0.0138888889
123232  -31.513  32.550  29.473 0.0138888889
123233  -31.005  32.448  29.200 0.0138888889
123234  -30.515  32.323  28.912 0.0138888889
128839  -28.687  34.567  22.692 0.0277777778
128840  -28.975  35.045  22.326 0.0277777778
128841  -28.235  35.041  22.027 0.0277777778
128842  -27.885  35.583  21.348 0.0277777778
128843  -27.588  36.138  20.726 0.0277777778
128844  -26.474  35.919  20.953 0.0277777778
128845  -26.887  36.317  20.498 0.0277777778
128852  -24.862  37.966  19.712 0.0277777778
128853  -24.206  39.118  19.300 0.0277777778
128854  -24.659  38.603  19.182 0.0277777778
128855  -25.140  38.228  19.175 0.0277777778
128858  -26.355  39.276  17.975 0.0416666667
128859  -26.164  40.040  17.619 0.0416666667
128860  -25.965  40.842  17.357 0.0277777778
128861  -25.845  41.569  17.178 0.0138888889
138348  -34.364  37.331  25.865 0.0555555556
138349  -34.580  37.802  25.707 0.0694444444
138351  -33.940  38.306  24.217 0.0555555556
138366  -29.297  35.598  22.031 0.0277777778
138368  -30.007  36.662  21.554 0.0416666667
138369  -29.075  37.030  20.399 0.0555555556
138370  -29.774  37.071  20.820 0.0555555556
138371  -30.414  37.208  21.278 0.0555555556
138372  -30.808  37.674  20.914 0.0555555556
138373  -31.198  38.211  20.612 0.0555555556
138374  -31.651  38.758  20.407 0.0416666667
138375  -28.124  39.333  18.142 0.0416666667
138376  -28.691  39.243  18.422 0.0416666667
138377  -29.270  39.222  18.741 0.0555555556
138378  -29.631  40.413  18.064 0.0555555556
138379  -29.714  39.832  18.528 0.0555555556
138380  -29.897  39.233  19.031 0.0416666667
138381  -30.599  39.265  19.333 0.0416666667
138382  -31.336  39.216  19.731 0.0416666667
138383  -32.053  39.300  20.188 0.0555555556
138384  -32.486  39.871  19.955 0.0833333333
138385  -32.872  40.508  19.844 0.0833333333
138405  -30.701  46.267  16.976 0.0138888889
149879  -36.814  28.844  32.095 0.0138888889
149880  -37.319  29.022  31.494 0.0138888889
149881  -37.290  29.409  30.977 0.0138888889
149882  -37.301  29.857  30.490 0.0138888889
149883  -37.294  30.329  30.001 0.0277777778
149886  -34.948  29.812  31.617 0.0138888889
149887  -34.495  30.389  31.069 0.0138888889
149888  -34.999  30.192  31.017 0.0138888889
149889  -35.552  29.982  31.009 0.0138888889
149890  -36.131  30.253  30.414 0.0277777778
149891  -36.739  30.572  29.960 0.0277777778
149908  -35.438  36.421  27.995 0.0416666667
149909  -34.950  36.414  27.614 0.0277777778
149910  -34.473  36.399  27.206 0.0277777778
149911  -33.632  33.220  29.373 0.0416666667
149912  -33.737  33.877  29.128 0.0416666667
149913  -33.818  34.452  28.813 0.0416666667
149914  -32.861  33.889  28.735 0.0277777778
149915  -33.359  34.463  28.560 0.0277777778
149916  -33.891  34.984  28.411 0.0277777778
149917  -33.956  35.443  27.877 0.0277777778
149918  -33.957  35.859  27.308 0.0277777778
149919  -33.926  36.189  26.741 0.0277777778
149920  -33.361  35.884  26.225 0.0277777778
149921  -32.793  35.568  25.673 0.0277777778
149922  -32.225  35.246  25.154 0.0277777778
149923  -31.791  34.415  26.011 0.0277777778
149924  -31.745  34.705  25.369 0.0277777778
149925  -31.648  34.912  24.742 0.0416666667
149926  -31.002  34.664  24.305 0.0416666667
149927  -30.292  34.431  23.959 0.0277777778
149928  -29.564  34.247  23.617 0.0277777778
149937  -29.957  32.168  28.602 0.0138888889
149946  -29.921  32.263  27.868 0.0138888889
149947  -29.844  32.411  27.183 0.0138888889
149948  -29.697  32.620  26.540 0.0138888889
149952  -29.348  33.104  25.158 0.0138888889
149953  -29.186  33.399  24.488 0.0138888889
149954  -29.006  33.746  23.819 0.0277777778
149955  -28.845  34.146  23.248 0.0277777778
149956  -28.123  34.111  22.972 0.0277777778
149957  -27.357  34.204  22.755 0.0277777778
149958  -26.661  34.357  22.533 0.0277777778
149959  -26.319  33.615  23.442 0.0138888889
149960  -26.170  34.073  22.881 0.0138888889
149961  -26.010  34.579  22.328 0.0138888889
149962  -25.339  34.890  22.248 0.0138888889
149963  -24.708  35.268  22.252 0.0138888889
149964  -24.147  35.739  22.312 0.0138888889
149971  -23.920  35.096  23.375 0.0138888889
149972  -23.782  35.641  22.893 0.0138888889
149973  -23.664  36.244  22.435 0.0138888889
149974  -23.224  36.773  22.638 0.0138888889
149975  -22.853  37.401  22.837 0.0138888889
149976  -22.574  38.096  23.159 0.0138888889
149977  -22.581  37.689  24.437 0.0138888889
149978  -22.423  38.231  23.967 0.0138888889
149979  -22.313  38.805  23.514 0.0138888889
149980  -22.109  39.492  23.879 0.0138888889
149981  -22.008  40.252  24.219 0.0138888889
149982  -21.995  40.975  24.597 0.0138888889
152173  -21.996  41.344  25.353 0.0138888889
152176  -22.487  40.539  27.042 0.0138888889
152177  -22.427  41.427  27.313 0.0138888889
11094  -29.989  35.714  22.455 0.0277777778
11096  -27.317  42.904  16.981 0.0138888889
16005  -27.434  37.764  19.161 0.0555555556
28876  -26.624  36.949  19.891 0.0416666667
28877  -26.108  38.207  18.740 0.0555555556
28878  -24.372  38.380  19.758 0.0277777778
56328  -27.710  43.485  17.008 0.0138888889
56329  -27.857  42.688  17.100 0.0138888889
63523  -26.372  37.586  19.328 0.0555555556
63526  -24.065  38.126  20.321 0.0138888889
93702  -27.234  43.709  16.871 0.0138888889
98021  -23.767  40.431  19.117 0.0138888889
98022  -23.945  40.692  18.540 0.0138888889
102537  -27.669  37.130  19.773 0.0555555556
128846  -27.293  36.734  20.113 0.0555555556
128847  -27.029  37.359  19.478 0.0555555556
128848  -26.749  37.970  18.902 0.0555555556
128849  -26.558  38.594  18.411 0.0555555556
128850  -24.230  37.348  20.828 0.0138888889
128851  -24.538  37.642  20.263 0.0138888889
128856  -25.498  38.533  18.683 0.0277777778
128857  -25.894  38.860  18.253 0.0416666667
138367  -29.653  36.125  21.795 0.0277777778
25055  -42.438  37.643  -0.414 0.0138888889
119899  -41.297  37.708  -1.067 0.0138888889
119900  -41.532  37.769  -0.511 0.0138888889
119901  -41.847  37.874  0.020 0.0138888889
