#!ascii label  , from subject fsaverage vox2ras=TkReg
1888
1865  -31.681  50.964  -0.317 0.0555555556
8223  -23.920  48.999  5.504 0.0138888889
14178  -27.768  47.130  6.035 0.0555555556
14180  -26.950  47.712  4.983 0.0416666667
14182  -25.632  48.160  4.698 0.0277777778
18052  -30.763  51.384  -1.212 0.0277777778
34970  -24.538  48.949  4.656 0.0277777778
44898  -27.040  47.144  5.822 0.0416666667
44899  -27.332  47.462  5.513 0.0416666667
44900  -26.631  47.506  5.288 0.0416666667
44901  -26.265  47.865  4.795 0.0277777778
44902  -25.983  47.704  5.109 0.0277777778
48768  -32.351  51.331  -0.109 0.0555555556
48770  -31.965  51.484  -0.668 0.0416666667
48771  -31.504  51.694  -1.079 0.0277777778
48772  -31.251  51.142  -0.796 0.0277777778
58371  -32.940  51.239  1.197 0.0694444444
65573  -29.758  47.646  6.602 0.0833333333
77259  -24.785  48.414  5.069 0.0138888889
77260  -24.239  48.959  5.054 0.0138888889
99248  -28.463  47.262  6.225 0.0833333333
99250  -28.028  47.516  5.723 0.0555555556
99254  -26.629  47.920  4.431 0.0277777778
99255  -25.924  48.161  4.271 0.0277777778
99256  -25.337  48.540  4.254 0.0277777778
116233  -29.576  47.328  6.934 0.0833333333
116235  -29.390  46.968  7.357 0.0972222222
116236  -28.921  47.073  6.736 0.0972222222
121656  -32.662  51.242  0.521 0.0694444444
145929  -25.064  48.520  4.688 0.0277777778
145930  -24.814  48.975  4.231 0.0277777778
73491  -45.463  36.801  -6.077 0.0138888889
1632  -44.751  37.742  0.872 0.0138888889
3680  -43.684  37.170  -1.207 0.0138888889
3681  -47.013  36.539  -0.815 0.0138888889
3682  -46.372  36.238  -2.790 0.0138888889
3684  -45.387  36.438  -4.743 0.0138888889
6692  -46.821  33.364  3.366 0.0138888889
6693  -47.226  33.259  6.674 0.0138888889
7647  -42.525  38.543  2.625 0.0277777778
7648  -44.490  35.834  2.788 0.0138888889
7649  -47.058  35.086  0.863 0.0138888889
11361  -45.009  36.624  -2.003 0.0138888889
11363  -45.855  36.172  -3.771 0.0138888889
14993  -48.215  32.925  2.276 0.0138888889
14994  -48.343  32.680  3.883 0.0138888889
16798  -43.728  38.257  1.842 0.0277777778
16799  -43.648  37.262  2.816 0.0277777778
16800  -44.739  36.907  1.986 0.0138888889
16801  -45.654  35.362  1.880 0.0138888889
16802  -45.916  36.557  1.058 0.0138888889
16804  -48.372  35.525  -0.911 0.0138888889
25057  -45.752  37.197  0.003 0.0138888889
25058  -45.385  36.971  -0.964 0.0138888889
25062  -47.401  35.692  -3.564 0.0138888889
25063  -46.972  35.865  -4.482 0.0138888889
25064  -46.524  36.274  -5.386 0.0138888889
30974  -45.584  34.136  4.588 0.0138888889
30975  -45.729  34.001  6.233 0.0138888889
30976  -47.012  33.280  5.026 0.0138888889
33377  -45.513  34.485  2.994 0.0138888889
33378  -46.856  33.968  1.868 0.0138888889
33379  -48.254  33.727  0.877 0.0138888889
33380  -47.176  36.135  0.122 0.0138888889
33381  -48.450  34.720  -0.044 0.0138888889
45713  -48.847  32.762  1.776 0.0138888889
47516  -43.935  38.106  0.737 0.0138888889
47517  -43.434  38.297  1.190 0.0138888889
47518  -44.201  37.981  1.345 0.0138888889
47519  -44.317  37.632  1.941 0.0138888889
47520  -44.864  37.419  1.460 0.0138888889
47521  -45.302  36.740  1.531 0.0138888889
47522  -45.378  37.215  0.994 0.0138888889
57120  -43.934  37.366  -0.733 0.0277777778
57121  -44.742  37.302  -0.613 0.0138888889
57122  -44.547  37.078  -1.067 0.0277777778
57123  -45.659  36.409  -2.359 0.0138888889
57124  -45.783  36.520  -1.829 0.0138888889
57125  -46.474  36.274  -2.271 0.0138888889
57126  -47.309  36.109  -2.236 0.0138888889
57127  -47.106  36.062  -2.688 0.0138888889
57128  -47.624  35.719  -3.100 0.0138888889
57129  -46.880  35.970  -3.191 0.0138888889
57130  -45.604  36.274  -4.291 0.0138888889
57131  -46.434  35.995  -4.156 0.0138888889
57132  -46.227  36.156  -4.619 0.0138888889
57133  -46.770  36.061  -4.918 0.0138888889
57134  -46.053  36.346  -5.036 0.0138888889
68018  -46.194  33.693  3.975 0.0138888889
68019  -46.267  33.688  4.822 0.0138888889
68020  -46.832  33.280  4.216 0.0138888889
73429  -42.341  38.728  2.025 0.0277777778
73431  -41.680  38.825  2.351 0.0277777778
73433  -41.830  38.570  2.929 0.0416666667
73435  -42.506  38.065  3.099 0.0416666667
73436  -44.058  36.543  2.792 0.0138888889
73440  -44.395  35.426  3.347 0.0138888889
73441  -44.916  34.812  3.530 0.0138888889
73442  -44.969  35.126  2.881 0.0138888889
73443  -46.363  35.211  1.394 0.0138888889
73444  -46.277  34.601  1.820 0.0138888889
73445  -46.978  34.491  1.317 0.0138888889
73446  -47.577  33.840  1.358 0.0138888889
73447  -47.704  34.354  0.804 0.0138888889
73448  -46.379  36.877  -0.388 0.0138888889
73449  -46.497  36.729  0.095 0.0138888889
73450  -47.129  36.473  -0.323 0.0138888889
73451  -49.006  34.722  -0.955 0.0138888889
73452  -48.432  35.153  -0.440 0.0138888889
73453  -48.993  34.367  -0.500 0.0138888889
73454  -48.921  33.941  -0.086 0.0138888889
84556  -46.454  33.620  6.489 0.0138888889
84557  -45.667  33.813  6.958 0.0138888889
94176  -43.430  37.014  -1.691 0.0138888889
94177  -44.306  36.855  -1.619 0.0138888889
94178  -44.157  36.769  -2.077 0.0138888889
94179  -44.861  36.558  -2.476 0.0138888889
94180  -45.499  36.364  -2.862 0.0138888889
94181  -46.087  36.170  -3.284 0.0138888889
100715  -47.506  33.080  2.777 0.0138888889
100716  -47.530  32.991  3.628 0.0138888889
100717  -48.297  32.743  3.119 0.0138888889
103963  -42.978  38.565  1.633 0.0277777778
103964  -43.171  38.388  2.252 0.0277777778
103965  -43.198  37.975  2.776 0.0277777778
103966  -43.822  37.824  2.416 0.0277777778
103967  -44.260  37.102  2.443 0.0277777778
103968  -44.597  36.342  2.360 0.0138888889
103969  -45.059  35.614  2.351 0.0138888889
103970  -45.143  36.145  1.960 0.0138888889
103971  -45.782  35.972  1.507 0.0138888889
103972  -46.459  35.815  1.033 0.0138888889
103973  -47.653  36.091  -1.336 0.0138888889
103974  -47.734  36.132  -0.844 0.0138888889
103975  -48.289  35.629  -1.357 0.0138888889
103976  -48.891  34.999  -1.426 0.0138888889
103977  -49.415  34.267  -1.454 0.0138888889
119904  -44.460  37.795  0.318 0.0138888889
119905  -45.235  37.529  0.425 0.0138888889
119906  -44.960  37.505  -0.118 0.0138888889
119907  -45.558  37.147  -0.498 0.0138888889
119908  -46.219  36.799  -0.854 0.0138888889
119909  -45.161  36.775  -1.479 0.0277777778
119910  -46.016  36.677  -1.344 0.0138888889
119911  -46.891  36.466  -1.295 0.0138888889
119912  -47.493  36.102  -1.781 0.0138888889
119919  -46.649  35.952  -3.680 0.0138888889
119920  -47.201  35.731  -4.026 0.0138888889
119921  -47.657  35.605  -4.381 0.0138888889
119923  -47.227  35.982  -5.252 0.0138888889
119924  -46.981  36.170  -5.725 0.0138888889
134540  -45.063  34.551  5.164 0.0138888889
134541  -45.087  34.413  5.939 0.0138888889
134542  -45.672  34.109  5.432 0.0138888889
134543  -46.379  33.706  5.698 0.0138888889
134544  -47.157  33.322  5.916 0.0138888889
134545  -47.636  32.962  4.431 0.0138888889
134546  -47.834  32.914  5.207 0.0138888889
134547  -47.909  32.980  6.023 0.0138888889
141281  -44.937  34.617  4.323 0.0138888889
141282  -45.521  34.241  3.747 0.0138888889
141283  -46.177  33.859  3.162 0.0138888889
141284  -45.598  34.871  2.372 0.0138888889
141285  -46.200  34.168  2.434 0.0138888889
141286  -46.849  33.561  2.557 0.0138888889
141287  -47.507  33.400  2.025 0.0138888889
141288  -48.183  33.282  1.510 0.0138888889
141289  -48.810  33.117  1.046 0.0138888889
141290  -45.918  37.072  0.558 0.0138888889
141291  -46.563  36.331  0.553 0.0138888889
141292  -47.133  35.633  0.499 0.0138888889
141293  -47.786  35.874  -0.375 0.0138888889
141294  -47.794  35.459  0.052 0.0138888889
141295  -47.747  34.925  0.392 0.0138888889
141296  -48.369  34.201  0.313 0.0138888889
141297  -48.873  33.502  0.387 0.0138888889
141342  -45.713  36.572  -5.549 0.0138888889
154713  -45.033  34.191  6.651 0.0138888889
154714  -44.840  33.929  7.199 0.0138888889
265  -39.025  44.027  4.493 0.1944444444
387  -33.555  50.683  4.499 0.1527777778
394  -37.308  45.252  12.834 0.2638888889
897  -35.069  49.984  13.596 0.0416666667
898  -36.577  49.469  9.206 0.2083333333
1863  -36.756  52.629  1.520 0.0694444444
1881  -38.102  44.979  8.417 0.2777777778
1882  -38.918  49.581  5.644 0.1666666667
2816  -34.743  49.275  15.921 0.0416666667
2817  -32.615  48.369  12.510 0.0555555556
2818  -33.198  49.008  10.532 0.0972222222
4095  -34.956  52.311  3.435 0.0833333333
4096  -34.201  52.514  0.796 0.0555555556
4134  -37.696  45.263  10.563 0.3194444444
4135  -35.032  49.472  6.422 0.1944444444
4136  -37.751  49.781  7.436 0.1944444444
4137  -36.348  50.853  5.125 0.1944444444
4138  -37.575  51.123  3.659 0.1250000000
5949  -38.309  45.155  3.120 0.2083333333
6201  -32.451  49.177  5.585 0.1527777778
6223  -37.548  48.385  13.660 0.1388888889
6224  -38.238  48.309  11.197 0.1527777778
6225  -35.773  49.958  11.265 0.0972222222
6226  -33.957  48.942  8.460 0.1527777778
8211  -37.198  51.420  -0.870 0.0416666667
8213  -35.586  53.488  -0.734 0.0277777778
8261  -39.050  44.628  6.500 0.2083333333
8262  -38.292  47.541  9.229 0.2638888889
8263  -38.909  47.241  7.210 0.2638888889
8264  -39.364  46.383  4.850 0.2500000000
8265  -38.558  48.105  3.301 0.1666666667
8266  -37.739  49.718  1.523 0.0555555556
10496  -32.474  47.923  13.444 0.0555555556
11355  -39.259  43.275  5.340 0.1805555556
11775  -34.231  51.520  4.050 0.1250000000
11776  -33.716  51.813  2.902 0.0694444444
11777  -33.055  51.109  3.596 0.0972222222
11808  -37.110  45.240  14.015 0.2500000000
11810  -36.380  43.866  13.484 0.2500000000
11812  -36.610  43.926  12.319 0.2361111111
11814  -37.497  45.334  11.738 0.2777777778
11815  -34.241  49.896  5.253 0.1805555556
11816  -35.684  50.189  5.747 0.2083333333
11817  -34.868  50.756  4.762 0.1805555556
11818  -35.548  51.501  4.278 0.1527777778
14175  -32.069  48.719  6.385 0.0972222222
14176  -31.133  49.119  5.427 0.1111111111
14212  -36.468  49.648  13.816 0.0833333333
14213  -36.833  49.807  12.565 0.1111111111
14214  -35.315  50.133  12.388 0.0833333333
14216  -33.518  49.048  9.537 0.1250000000
14217  -32.868  48.718  7.973 0.1388888889
14218  -33.270  48.838  6.915 0.1527777778
18045  -37.076  52.015  0.316 0.0416666667
18046  -36.586  52.817  -0.732 0.0277777778
18047  -36.210  53.060  0.287 0.0416666667
18048  -32.970  51.715  0.175 0.0694444444
18049  -33.605  52.627  -0.430 0.0555555556
18160  -37.619  43.792  9.074 0.3194444444
18164  -38.526  44.850  7.404 0.2083333333
18165  -37.377  49.077  10.349 0.1666666667
18166  -38.355  47.894  10.162 0.2222222222
18167  -37.651  48.781  9.382 0.2500000000
18168  -38.537  49.980  6.616 0.2083333333
18169  -38.669  48.716  7.576 0.3055555556
18170  -39.198  48.390  6.474 0.2361111111
18171  -39.281  46.866  6.103 0.2500000000
18172  -39.339  47.888  5.314 0.2500000000
18173  -38.984  47.162  4.165 0.2222222222
18174  -38.890  48.885  4.470 0.1944444444
18175  -37.107  51.910  2.690 0.0694444444
18176  -37.777  50.477  2.629 0.0833333333
18177  -37.526  51.295  1.589 0.0416666667
18178  -37.505  50.615  0.414 0.0277777778
23501  -33.448  48.532  15.150 0.0416666667
23502  -33.588  49.041  14.260 0.0416666667
23503  -33.762  49.388  13.154 0.0416666667
23504  -34.023  49.637  12.110 0.0833333333
23505  -32.947  48.755  11.510 0.0694444444
25803  -35.912  52.826  2.570 0.0833333333
25804  -35.475  52.968  1.266 0.0555555556
25805  -34.605  52.508  2.224 0.0694444444
25806  -33.477  51.692  1.551 0.0694444444
25874  -37.832  45.093  9.411 0.3055555556
25875  -35.749  49.397  7.821 0.1805555556
25876  -37.106  49.535  8.326 0.2083333333
25877  -36.391  49.954  7.030 0.2083333333
25878  -37.154  50.428  6.316 0.2083333333
25879  -37.763  50.609  5.629 0.1527777778
25880  -38.284  50.496  4.705 0.1666666667
25881  -37.009  51.248  4.529 0.1250000000
25882  -36.273  52.072  3.627 0.0833333333
29241  -38.598  44.637  3.819 0.2083333333
29829  -32.968  49.874  4.994 0.1666666667
29830  -32.279  50.441  4.195 0.1250000000
29831  -31.634  49.747  4.835 0.1250000000
29879  -37.110  46.854  15.587 0.1666666667
29880  -37.347  46.766  14.493 0.1388888889
29881  -37.812  46.714  13.364 0.2083333333
29882  -38.239  46.781  12.196 0.2222222222
29883  -37.960  48.365  12.416 0.1527777778
29884  -37.171  49.534  11.394 0.1111111111
29885  -36.192  49.617  10.221 0.1388888889
29886  -34.307  49.613  11.052 0.0972222222
29887  -34.782  49.444  9.979 0.1527777778
29888  -35.248  49.240  8.867 0.1527777778
29889  -34.471  49.024  7.355 0.1805555556
29890  -33.734  49.188  5.904 0.1666666667
34938  -36.203  53.553  -1.579 0.0138888889
34940  -34.909  53.109  0.044 0.0416666667
35081  -39.365  44.447  5.529 0.1805555556
35082  -38.441  46.766  10.958 0.2361111111
35083  -38.307  46.485  9.831 0.2500000000
35084  -38.222  46.246  8.791 0.2916666667
35085  -38.143  48.714  8.499 0.3055555556
35086  -38.497  47.398  8.219 0.2777777778
35087  -38.494  46.052  7.752 0.2638888889
35088  -38.865  45.859  6.712 0.2222222222
35089  -39.230  45.590  5.750 0.2361111111
35090  -39.173  45.180  4.733 0.2222222222
35091  -38.935  45.763  3.940 0.2222222222
35092  -38.512  46.437  3.269 0.1944444444
35093  -38.146  47.237  2.254 0.1527777778
35094  -38.392  49.797  3.576 0.1805555556
35095  -37.997  48.931  2.366 0.1527777778
35096  -37.749  48.131  1.331 0.0833333333
35097  -37.551  49.056  0.364 0.0555555556
42075  -39.225  43.648  4.877 0.1666666667
42495  -33.894  51.124  4.241 0.1666666667
42496  -33.598  51.352  3.827 0.1111111111
42497  -33.288  50.958  4.104 0.1250000000
42528  -37.209  45.218  13.418 0.2083333333
42529  -36.752  44.557  13.730 0.2361111111
42530  -36.866  44.555  13.131 0.2361111111
42531  -36.490  43.893  12.881 0.2361111111
42532  -36.949  44.585  12.550 0.2500000000
42533  -37.038  44.622  12.003 0.2777777778
42534  -37.400  45.287  12.277 0.2500000000
42535  -33.857  50.278  4.882 0.1805555556
42536  -34.533  50.317  5.020 0.1805555556
42537  -34.167  50.713  4.636 0.1666666667
42538  -34.500  51.161  4.400 0.1666666667
44929  -35.617  49.690  15.011 0.0277777778
44930  -35.684  49.808  14.428 0.0555555556
44931  -36.317  49.534  14.483 0.0555555556
44932  -35.781  49.923  13.740 0.0555555556
44933  -35.927  50.064  13.116 0.0694444444
44934  -35.182  50.076  13.004 0.0555555556
44938  -32.512  48.677  7.161 0.1111111111
48765  -36.954  52.313  0.889 0.0416666667
48766  -36.695  52.661  0.354 0.0555555556
48767  -36.485  52.830  0.875 0.0416666667
48769  -32.647  51.864  -0.433 0.0555555556
48880  -37.864  44.396  8.743 0.2638888889
48882  -38.094  44.367  8.250 0.2638888889
48884  -38.298  44.922  7.909 0.2500000000
48885  -36.946  49.306  9.794 0.2083333333
48886  -37.493  48.927  9.860 0.1944444444
48887  -37.150  49.214  9.327 0.2083333333
48888  -38.769  49.797  6.162 0.1944444444
48889  -38.990  49.219  6.602 0.2361111111
48890  -39.145  49.001  6.076 0.2222222222
48891  -39.341  48.157  5.910 0.2222222222
48892  -39.193  48.732  5.499 0.1944444444
48893  -39.160  48.384  4.925 0.2083333333
48894  -38.944  49.291  5.064 0.1805555556
48895  -36.920  52.300  2.138 0.0694444444
48896  -37.429  51.641  2.125 0.0694444444
48897  -37.266  52.029  1.539 0.0694444444
48898  -37.327  51.684  0.928 0.0277777778
54525  -32.804  47.714  15.214 0.0416666667
54526  -33.367  48.245  15.625 0.0416666667
54527  -32.917  48.028  14.751 0.0416666667
54528  -32.510  48.168  12.999 0.0555555556
54529  -32.984  48.529  13.884 0.0555555556
54530  -33.047  48.722  13.381 0.0416666667
54531  -33.659  49.240  13.743 0.0416666667
54532  -33.168  48.908  12.854 0.0416666667
54533  -33.355  49.108  12.325 0.0694444444
54534  -32.795  48.545  12.031 0.0694444444
58365  -35.408  52.671  3.032 0.0972222222
58366  -35.256  52.765  2.457 0.0694444444
58367  -34.761  52.446  2.890 0.0972222222
58368  -33.246  51.413  2.577 0.0694444444
58369  -33.603  51.778  2.215 0.0694444444
58370  -33.095  51.295  1.878 0.0694444444
58480  -37.294  44.563  10.902 0.3194444444
58482  -37.355  44.512  10.307 0.3333333333
58483  -37.536  44.483  9.770 0.2916666667
58484  -37.760  45.188  9.977 0.2777777778
58485  -35.401  49.413  7.170 0.1805555556
58486  -36.061  49.656  7.442 0.1944444444
58487  -35.713  49.697  6.753 0.1944444444
58488  -36.012  50.552  5.470 0.2083333333
58489  -36.406  50.370  6.058 0.2083333333
58490  -36.741  50.606  5.768 0.2083333333
58491  -37.495  50.570  6.032 0.1666666667
58492  -37.070  50.792  5.445 0.1944444444
58493  -37.377  50.941  5.101 0.1666666667
58494  -36.687  51.078  4.861 0.1527777778
58495  -35.194  51.959  3.945 0.1388888889
58496  -35.880  51.860  4.009 0.1111111111
58497  -35.578  52.284  3.575 0.0972222222
58498  -36.034  52.449  3.151 0.0833333333
64305  -38.425  44.901  3.472 0.2222222222
64306  -38.157  44.199  3.248 0.2222222222
65565  -32.710  49.500  5.297 0.1388888889
65566  -32.276  49.843  4.942 0.1388888889
65567  -32.000  49.513  5.244 0.1250000000
65568  -30.602  48.920  5.237 0.0972222222
65666  -36.603  48.743  16.215 0.0416666667
65667  -36.563  48.739  16.789 0.0277777778
65673  -37.293  48.337  14.266 0.1250000000
65674  -37.318  47.538  14.668 0.1250000000
65675  -37.519  47.573  14.109 0.1388888889
65676  -37.571  46.729  13.925 0.1805555556
65677  -37.763  47.551  13.519 0.1527777778
65678  -38.000  47.531  12.903 0.1666666667
65679  -37.853  48.380  13.018 0.1388888889
65680  -36.282  50.004  11.897 0.0972222222
65681  -37.017  49.662  11.963 0.1111111111
65683  -36.665  49.638  10.835 0.1388888889
65684  -36.007  49.790  10.747 0.1111111111
65685  -33.605  49.289  11.338 0.0833333333
65686  -34.173  49.641  11.589 0.0833333333
65687  -33.738  49.337  10.821 0.0972222222
65688  -33.749  49.001  9.011 0.1250000000
65689  -34.141  49.262  9.814 0.1250000000
65690  -34.368  49.183  9.260 0.1111111111
65691  -34.981  49.341  9.423 0.1388888889
65692  -34.580  49.078  8.665 0.1527777778
65693  -34.847  49.101  8.121 0.1666666667
65694  -34.219  48.935  7.899 0.1666666667
65695  -32.882  48.921  6.173 0.1527777778
65696  -33.494  48.964  6.362 0.1666666667
65697  -33.103  49.156  5.736 0.1527777778
65698  -33.337  49.498  5.395 0.1666666667
77177  -37.028  51.888  -1.390 0.0277777778
77178  -36.149  53.280  -0.697 0.0277777778
77179  -36.367  53.188  -1.208 0.0138888889
77180  -35.892  53.556  -1.153 0.0277777778
77183  -34.805  52.795  1.063 0.0555555556
77184  -35.186  53.070  0.665 0.0555555556
77185  -34.552  52.834  0.412 0.0416666667
77187  -33.882  52.988  -0.714 0.0277777778
77532  -39.233  44.079  6.460 0.2222222222
77533  -39.331  43.984  5.942 0.2083333333
77534  -39.284  44.532  6.033 0.1944444444
77535  -38.436  47.595  11.682 0.2083333333
77536  -38.387  46.823  11.564 0.2500000000
77537  -38.596  47.564  11.073 0.1666666667
77538  -38.283  47.690  9.695 0.2361111111
77539  -38.467  47.164  10.028 0.2222222222
77540  -38.382  47.010  9.534 0.2500000000
77541  -38.225  46.358  9.294 0.2777777778
77542  -38.287  46.893  9.017 0.2916666667
77543  -37.433  49.697  7.878 0.2222222222
77544  -37.691  49.222  8.454 0.2777777778
77545  -38.005  49.284  8.031 0.2777777778
77546  -38.841  47.980  7.431 0.2916666667
77547  -38.616  48.051  7.918 0.3055555556
77548  -38.709  47.333  7.743 0.2916666667
77549  -38.518  46.730  8.002 0.2777777778
77550  -38.703  46.635  7.457 0.2638888889
77551  -38.682  45.960  7.224 0.2638888889
77552  -38.902  46.518  6.933 0.2500000000
77553  -39.349  46.663  5.499 0.2361111111
77554  -39.225  46.248  5.876 0.2500000000
77555  -39.303  46.030  5.323 0.2638888889
77556  -39.272  45.405  5.256 0.2083333333
77557  -39.253  45.748  4.787 0.2222222222
77558  -39.079  45.461  4.324 0.2222222222
77559  -39.162  46.059  4.371 0.2222222222
77560  -38.783  47.628  3.755 0.1805555556
77561  -38.731  46.801  3.701 0.2083333333
77562  -38.604  47.224  3.256 0.1805555556
77563  -38.365  46.839  2.788 0.1805555556
77564  -38.360  47.650  2.765 0.1527777778
77565  -37.929  50.849  4.174 0.1666666667
77566  -38.376  50.153  4.139 0.1527777778
77567  -38.035  50.553  3.648 0.1388888889
77568  -37.738  50.116  2.081 0.0694444444
77569  -37.927  49.738  2.563 0.0972222222
77570  -37.793  49.317  1.977 0.0694444444
77571  -37.850  48.513  1.816 0.0972222222
77572  -37.752  48.915  1.427 0.0833333333
77573  -37.664  48.557  0.880 0.0833333333
77574  -37.665  49.362  0.956 0.0833333333
77575  -37.391  51.025  -0.232 0.0555555556
77576  -37.472  50.320  -0.242 0.0555555556
77577  -37.390  50.718  -0.873 0.0555555556
92620  -32.422  47.671  13.855 0.0555555556
92621  -31.898  47.298  12.962 0.0555555556
92623  -32.096  47.859  12.115 0.0694444444
94923  -34.585  51.913  3.810 0.1250000000
94924  -34.319  52.091  3.243 0.0972222222
94925  -33.949  51.723  3.567 0.1111111111
94926  -33.385  51.461  3.269 0.0972222222
94927  -32.870  51.098  2.960 0.0833333333
94982  -36.982  45.328  14.621 0.2361111111
94984  -36.700  44.610  14.336 0.2500000000
94992  -36.728  43.917  11.796 0.2500000000
94993  -37.166  44.612  11.481 0.2916666667
94994  -37.612  45.328  11.158 0.3055555556
94995  -34.664  49.614  5.750 0.1805555556
94996  -35.348  49.799  6.019 0.1944444444
94997  -34.961  50.019  5.478 0.1805555556
94998  -35.288  50.440  5.206 0.1805555556
94999  -35.614  50.814  4.913 0.1805555556
95000  -35.960  51.129  4.667 0.1666666667
95001  -35.200  51.129  4.512 0.1805555556
95002  -34.858  51.540  4.184 0.1388888889
99243  -32.243  48.939  5.988 0.1527777778
99244  -31.765  49.163  5.520 0.1250000000
99245  -31.585  48.891  5.857 0.1111111111
99309  -36.880  49.011  14.406 0.0833333333
99310  -37.101  49.156  13.807 0.0972222222
99311  -37.356  49.188  13.161 0.1111111111
99312  -36.671  49.772  13.210 0.0694444444
99314  -35.524  50.088  11.800 0.0972222222
99316  -33.339  49.065  10.036 0.0972222222
99317  -33.001  48.846  9.241 0.0972222222
99318  -33.180  48.825  8.737 0.1111111111
99319  -33.392  48.818  8.223 0.1250000000
99320  -33.620  48.829  7.700 0.1527777778
99321  -33.059  48.780  7.495 0.1250000000
99322  -32.681  48.776  6.656 0.1388888889
106209  -37.166  51.720  -0.209 0.0416666667
106210  -36.918  52.164  -0.778 0.0277777778
106211  -36.825  52.369  -0.196 0.0277777778
106212  -36.391  52.891  -0.200 0.0277777778
106213  -35.875  53.229  -0.238 0.0416666667
106214  -33.631  52.145  0.496 0.0694444444
106215  -33.951  52.542  0.135 0.0694444444
106216  -33.319  52.216  -0.154 0.0694444444
106424  -38.767  44.757  6.933 0.2222222222
106425  -37.846  48.804  10.782 0.1805555556
106426  -38.348  48.154  10.641 0.1805555556
106427  -37.906  48.542  10.283 0.1944444444
106428  -37.979  48.341  9.803 0.2361111111
106429  -38.078  48.215  9.349 0.2361111111
106430  -38.176  49.952  7.034 0.1944444444
106431  -38.350  49.415  7.587 0.2638888889
106432  -38.658  49.346  7.092 0.2361111111
106433  -38.950  48.601  7.049 0.2916666667
106434  -39.090  47.839  6.904 0.2916666667
106435  -39.108  47.088  6.664 0.2638888889
106436  -39.273  47.601  6.311 0.2638888889
106437  -39.368  47.363  5.715 0.2361111111
106438  -39.383  47.077  5.099 0.2361111111
106439  -39.187  46.748  4.530 0.2361111111
106440  -39.180  47.525  4.721 0.2222222222
106441  -38.973  48.020  4.318 0.1944444444
106442  -38.752  48.507  3.860 0.1944444444
106443  -37.283  51.536  3.187 0.1111111111
106444  -37.704  50.813  3.164 0.0833333333
106445  -37.511  51.224  2.661 0.0694444444
106446  -37.633  50.887  2.135 0.0694444444
106447  -37.644  50.504  1.602 0.0416666667
106448  -37.615  50.155  1.012 0.0416666667
106449  -37.517  50.944  1.012 0.0277777778
106450  -37.341  51.336  0.369 0.0416666667
116274  -33.913  48.675  15.955 0.0416666667
116275  -34.063  48.958  15.550 0.0416666667
116276  -32.963  48.279  14.295 0.0416666667
116277  -33.509  48.821  14.714 0.0416666667
116278  -34.178  49.235  15.095 0.0416666667
116280  -34.332  49.651  14.041 0.0416666667
116281  -34.416  49.784  13.383 0.0416666667
116282  -34.523  49.875  12.842 0.0416666667
116283  -33.907  49.537  12.612 0.0555555556
116284  -33.482  49.226  11.825 0.0694444444
116285  -33.065  48.925  11.064 0.0833333333
121647  -36.367  52.753  2.048 0.0555555556
121648  -36.161  52.954  1.404 0.0694444444
121649  -35.720  52.950  1.930 0.0694444444
121650  -35.029  52.778  1.775 0.0694444444
121651  -34.404  52.517  1.477 0.0694444444
121652  -34.136  52.171  2.553 0.0833333333
121653  -33.985  52.199  1.855 0.0694444444
121654  -33.833  52.131  1.168 0.0694444444
121655  -33.259  51.686  0.847 0.0694444444
121813  -37.705  44.440  9.234 0.3055555556
121814  -37.976  45.036  8.887 0.2916666667
121815  -36.172  49.449  8.551 0.1527777778
121816  -36.820  49.475  8.755 0.1805555556
121817  -36.424  49.595  8.127 0.1805555556
121818  -36.736  49.775  7.690 0.2222222222
121819  -37.074  49.963  7.241 0.1944444444
121820  -36.082  50.009  6.318 0.1805555556
121821  -36.802  50.194  6.617 0.2222222222
121822  -37.494  50.254  6.857 0.1944444444
121823  -37.875  50.330  6.502 0.1666666667
121824  -38.220  50.401  6.155 0.1805555556
121825  -38.410  50.268  5.701 0.1805555556
121826  -38.552  50.030  5.166 0.1805555556
121827  -38.026  50.604  5.196 0.1527777778
121828  -37.676  50.962  4.652 0.1527777778
121829  -37.355  51.268  4.125 0.1250000000
121830  -36.310  51.449  4.391 0.1388888889
121831  -36.623  51.621  4.056 0.0972222222
121832  -36.997  51.632  3.643 0.1111111111
121833  -36.679  52.056  3.185 0.0972222222
121834  -36.496  52.543  2.722 0.0833333333
129837  -38.834  44.370  4.140 0.2083333333
129838  -38.635  43.670  3.906 0.2083333333
131433  -33.241  50.280  4.748 0.1388888889
131434  -32.943  50.568  4.370 0.1250000000
131435  -32.587  50.215  4.641 0.1388888889
131436  -31.873  50.168  4.530 0.1250000000
131438  -31.384  49.397  5.129 0.1250000000
131562  -36.300  48.564  17.282 0.0277777778
131570  -37.187  47.549  15.254 0.1250000000
131572  -37.156  46.044  14.878 0.2083333333
131573  -37.277  45.981  14.276 0.1944444444
131574  -37.454  45.940  13.688 0.1944444444
131575  -37.688  45.978  13.152 0.2500000000
131576  -37.778  46.011  12.560 0.2500000000
131577  -37.998  46.757  12.774 0.2083333333
131578  -38.175  47.561  12.297 0.1666666667
131579  -38.145  48.348  11.788 0.1527777778
131580  -37.547  49.145  12.545 0.1388888889
131581  -37.679  49.099  11.957 0.1388888889
131582  -37.757  48.972  11.322 0.1388888889
131583  -37.282  49.300  10.876 0.1250000000
131584  -36.804  49.461  10.341 0.1388888889
131585  -36.342  49.449  9.699 0.1527777778
131586  -34.640  49.973  12.320 0.0972222222
131587  -34.806  49.926  11.768 0.0972222222
131588  -35.031  49.843  11.184 0.0972222222
131589  -33.895  49.303  10.280 0.1250000000
131590  -34.531  49.520  10.483 0.1250000000
131591  -35.302  49.746  10.691 0.1111111111
131592  -35.490  49.578  10.124 0.1527777778
131593  -35.682  49.441  9.580 0.1388888889
131594  -35.930  49.383  9.048 0.1666666667
131595  -35.500  49.279  8.318 0.2083333333
131596  -35.112  49.206  7.588 0.1805555556
131597  -34.723  49.176  6.834 0.1805555556
131598  -33.848  48.885  7.116 0.1666666667
131599  -34.099  49.042  6.578 0.1666666667
131600  -34.379  49.302  6.125 0.1944444444
131601  -33.989  49.529  5.546 0.1666666667
131602  -33.566  49.870  5.080 0.1944444444
145832  -36.739  52.614  -1.298 0.0277777778
145833  -36.637  53.015  -1.782 0.0277777778
145838  -35.910  53.094  0.762 0.0416666667
145839  -35.576  53.191  0.197 0.0416666667
145840  -35.269  53.344  -0.367 0.0416666667
145841  -34.250  52.891  -0.183 0.0416666667
145842  -34.586  53.195  -0.526 0.0416666667
145856  -32.699  50.760  3.924 0.1250000000
146259  -39.260  43.407  5.850 0.1805555556
146260  -39.367  43.848  5.424 0.1805555556
146261  -39.270  44.287  5.006 0.1805555556
146262  -37.898  46.056  11.992 0.2500000000
146263  -38.073  46.069  11.382 0.2638888889
146264  -38.098  46.017  10.782 0.2916666667
146265  -38.547  47.425  10.515 0.1944444444
146266  -38.432  46.647  10.368 0.2777777778
146267  -38.106  45.932  10.167 0.3055555556
146268  -38.069  45.804  9.613 0.2916666667
146269  -38.104  45.690  9.065 0.2916666667
146270  -38.158  45.587  8.581 0.2500000000
146271  -37.404  49.209  8.905 0.2222222222
146272  -37.862  48.709  8.926 0.2777777778
146273  -38.182  48.106  8.856 0.2777777778
146274  -38.389  48.706  8.031 0.3055555556
146275  -38.394  48.075  8.389 0.2916666667
146276  -38.359  47.451  8.720 0.2638888889
146277  -38.370  46.809  8.512 0.3055555556
146278  -38.336  46.150  8.281 0.3055555556
146279  -38.303  45.518  8.085 0.2777777778
146280  -38.474  45.411  7.547 0.2361111111
146281  -38.683  45.319  7.045 0.2361111111
146282  -38.923  45.222  6.581 0.2222222222
146283  -39.084  46.410  6.422 0.2500000000
146284  -39.072  45.763  6.226 0.2222222222
146285  -39.166  45.069  6.129 0.2222222222
146286  -39.283  44.974  5.644 0.2222222222
146287  -39.280  44.878  5.145 0.1944444444
146288  -39.146  44.674  4.640 0.2083333333
146289  -38.964  44.942  4.261 0.2361111111
146290  -38.819  45.190  3.870 0.2222222222
146291  -38.682  45.488  3.562 0.2083333333
146292  -38.961  46.385  4.042 0.2361111111
146293  -38.676  46.063  3.647 0.2222222222
146294  -38.445  45.772  3.218 0.2083333333
146295  -38.282  46.097  2.804 0.1944444444
146296  -38.163  46.457  2.288 0.1666666667
146297  -37.963  46.913  1.763 0.1388888889
146298  -38.721  49.719  4.619 0.1805555556
146299  -38.659  49.347  4.028 0.1944444444
146300  -38.487  48.973  3.406 0.1805555556
146301  -37.997  50.111  3.103 0.1250000000
146302  -38.188  49.358  2.978 0.1666666667
146303  -38.259  48.537  2.776 0.1666666667
146304  -38.070  48.084  2.258 0.1527777778
146305  -37.918  47.688  1.809 0.1250000000
146310  -37.547  49.840  0.435 0.0555555556
146311  -37.508  49.565  -0.252 0.0555555556
8215  -29.872  51.624  -2.097 0.0138888889
18051  -31.305  52.338  -1.721 0.0277777778
77193  -30.585  52.019  -1.883 0.0138888889
106221  -31.013  51.964  -1.445 0.0277777778
106222  -30.287  51.605  -1.607 0.0277777778
24  -38.056  50.015  -3.407 0.0277777778
2657  -38.912  51.858  -5.340 0.0138888889
8212  -36.930  53.085  -2.709 0.0138888889
10335  -38.859  49.354  -4.483 0.0138888889
10337  -38.665  50.818  -4.368 0.0138888889
10348  -39.157  47.887  -4.666 0.0138888889
18050  -32.223  52.010  -0.926 0.0416666667
20273  -35.858  53.926  -2.614 0.0138888889
23236  -39.922  47.119  -5.597 0.0138888889
34935  -37.438  50.714  -2.207 0.0416666667
34936  -37.654  51.631  -2.962 0.0277777778
34937  -36.959  52.305  -1.886 0.0277777778
34941  -34.192  53.373  -1.017 0.0277777778
37639  -37.914  52.333  -4.073 0.0138888889
41055  -38.448  49.652  -3.962 0.0416666667
41056  -38.764  50.066  -4.455 0.0138888889
41057  -38.353  50.362  -3.889 0.0277777778
41065  -37.860  49.629  -2.886 0.0277777778
41067  -38.244  49.168  -3.578 0.0416666667
41068  -38.630  48.892  -4.096 0.0416666667
54085  -39.525  48.260  -4.963 0.0138888889
54086  -39.538  47.505  -5.108 0.0138888889
77175  -37.293  51.076  -1.510 0.0416666667
77176  -37.219  51.520  -2.028 0.0416666667
77181  -35.666  53.722  -1.568 0.0138888889
77182  -35.297  53.701  -1.177 0.0277777778
77186  -33.171  52.735  -0.956 0.0277777778
77188  -33.429  53.169  -1.178 0.0138888889
77189  -33.757  53.523  -1.466 0.0138888889
77190  -33.006  53.245  -1.642 0.0138888889
83858  -37.326  52.395  -2.810 0.0277777778
83859  -37.851  51.947  -3.544 0.0277777778
83860  -37.391  52.699  -3.405 0.0138888889
92334  -39.096  50.600  -4.917 0.0138888889
92335  -38.906  51.346  -4.839 0.0138888889
106217  -32.917  52.332  -0.716 0.0416666667
106218  -32.463  52.464  -1.188 0.0277777778
106219  -32.015  52.601  -1.575 0.0277777778
106220  -31.757  52.208  -1.329 0.0277777778
110219  -36.493  53.628  -2.670 0.0138888889
110220  -36.915  53.313  -3.309 0.0138888889
115656  -39.266  47.163  -4.838 0.0138888889
115657  -39.603  46.668  -5.318 0.0138888889
115658  -39.928  46.228  -5.834 0.0138888889
115659  -40.286  46.691  -6.140 0.0138888889
145827  -37.728  50.354  -2.808 0.0277777778
145828  -37.904  50.828  -3.162 0.0416666667
145829  -37.526  51.171  -2.610 0.0416666667
145830  -37.280  51.981  -2.413 0.0277777778
145831  -36.953  52.728  -2.312 0.0277777778
145834  -36.547  53.331  -2.171 0.0138888889
145835  -36.046  53.716  -2.077 0.0138888889
145843  -34.921  53.498  -0.856 0.0277777778
145844  -34.545  53.688  -1.351 0.0138888889
153877  -38.164  51.155  -3.685 0.0277777778
153878  -38.356  51.590  -4.204 0.0277777778
153879  -38.450  52.076  -4.676 0.0138888889
153880  -37.373  53.015  -3.965 0.0138888889
58  -34.464  35.725  12.220 0.1527777778
266  -44.462  34.844  5.623 0.0138888889
1629  -36.921  40.433  7.371 0.1944444444
1630  -37.799  34.940  7.610 0.0555555556
1631  -39.982  38.821  3.852 0.0555555556
3075  -35.491  33.531  15.374 0.0833333333
3076  -36.009  31.154  15.534 0.0416666667
3077  -34.636  32.701  12.580 0.0833333333
3675  -38.666  42.340  6.117 0.1527777778
3676  -37.976  39.691  5.503 0.1250000000
3677  -38.487  41.248  3.860 0.1527777778
4132  -36.155  42.611  11.956 0.2361111111
4133  -37.059  42.597  9.960 0.2500000000
4913  -41.116  35.061  6.587 0.0277777778
4914  -39.788  33.066  8.671 0.0138888889
7641  -35.259  37.987  9.104 0.1944444444
7642  -35.068  35.158  9.376 0.1111111111
7643  -36.616  37.581  6.896 0.0972222222
7644  -38.980  37.000  5.487 0.0833333333
7645  -42.048  36.687  4.485 0.0138888889
8249  -35.722  36.032  14.990 0.1388888889
8258  -35.360  38.354  11.743 0.1805555556
8259  -36.528  40.487  9.507 0.1944444444
8260  -37.977  42.656  7.838 0.2638888889
9222  -36.515  32.722  10.213 0.0694444444
9223  -39.150  31.236  10.799 0.0138888889
10755  -34.694  34.497  13.864 0.1388888889
10756  -34.723  33.005  14.026 0.0694444444
10757  -34.291  34.087  12.376 0.0972222222
11356  -38.713  41.847  5.089 0.1527777778
11357  -38.775  42.655  4.143 0.1527777778
11811  -35.940  42.509  13.063 0.2361111111
11813  -36.933  43.880  11.247 0.2916666667
12593  -42.776  35.029  6.086 0.0138888889
12594  -42.321  34.177  7.282 0.0138888889
12595  -44.117  34.308  6.849 0.0138888889
14992  -37.926  29.816  12.927 0.0138888889
16785  -36.265  39.308  8.222 0.1805555556
16786  -35.861  37.763  7.909 0.1388888889
16787  -36.635  39.128  7.092 0.1388888889
16788  -38.850  39.213  4.624 0.0833333333
16789  -38.268  38.276  5.444 0.0972222222
16790  -39.646  37.981  4.805 0.0694444444
16791  -40.632  36.835  5.085 0.0555555556
16792  -41.120  37.767  4.156 0.0416666667
18155  -36.113  39.725  12.969 0.2222222222
18156  -35.801  38.456  13.071 0.1805555556
18157  -35.953  39.646  11.767 0.1944444444
18158  -35.819  39.447  10.484 0.2083333333
18159  -36.337  40.572  10.684 0.2222222222
18161  -37.482  42.630  8.936 0.2222222222
18162  -38.108  43.759  8.085 0.2361111111
18163  -38.670  43.642  7.186 0.2361111111
20498  -36.332  34.981  8.359 0.0972222222
20499  -35.539  33.846  9.875 0.0972222222
20500  -36.948  33.781  8.956 0.0694444444
20502  -39.341  32.230  9.670 0.0277777778
23506  -32.139  48.192  9.779 0.0972222222
23971  -35.460  31.484  12.713 0.0416666667
25047  -37.758  41.344  6.704 0.1805555556
25048  -37.326  40.106  6.386 0.1666666667
25049  -38.108  41.009  5.744 0.1527777778
25050  -38.491  40.495  4.715 0.1250000000
25051  -38.966  39.916  3.765 0.1111111111
25871  -36.527  41.529  10.831 0.2222222222
25872  -36.599  42.564  10.928 0.2222222222
25873  -37.200  43.848  10.135 0.3055555556
27275  -39.381  34.994  7.041 0.0416666667
27276  -38.631  33.839  8.308 0.0555555556
27277  -40.442  33.980  7.790 0.0416666667
33357  -34.599  36.865  10.526 0.1666666667
33358  -34.416  35.455  10.670 0.1250000000
33359  -34.926  36.578  9.054 0.1388888889
33360  -35.874  36.299  7.924 0.1250000000
33361  -37.110  36.157  7.099 0.0833333333
33362  -37.308  38.743  6.165 0.1388888889
33363  -37.615  37.254  6.103 0.0833333333
33364  -38.441  36.059  6.431 0.0416666667
33365  -39.994  35.949  5.937 0.0416666667
33366  -41.571  35.864  5.439 0.0277777778
33367  -43.173  35.708  4.901 0.0138888889
33370  -39.777  39.424  2.909 0.0833333333
33373  -41.181  38.629  3.265 0.0416666667
33374  -42.419  37.502  3.506 0.0138888889
33375  -43.378  36.298  3.623 0.0138888889
33376  -44.327  35.176  3.991 0.0138888889
35044  -35.531  34.736  15.274 0.0972222222
35045  -34.964  35.800  13.685 0.1388888889
35071  -35.387  37.165  13.347 0.1527777778
35072  -34.786  37.055  11.946 0.1527777778
35073  -35.191  38.197  10.384 0.1944444444
35074  -35.956  39.366  9.274 0.1805555556
35075  -36.663  40.548  8.418 0.1805555556
35076  -36.914  41.559  9.746 0.2083333333
35077  -37.148  41.613  8.642 0.2083333333
35078  -37.355  41.506  7.592 0.2361111111
35079  -38.383  42.510  6.914 0.2222222222
35080  -39.149  43.507  6.341 0.2083333333
37908  -34.570  33.963  10.985 0.0972222222
37909  -35.291  32.634  11.309 0.0694444444
37910  -36.322  31.637  11.553 0.0277777778
37911  -37.948  32.905  9.393 0.0416666667
37912  -37.638  31.918  10.530 0.0416666667
37913  -37.654  30.847  11.771 0.0138888889
41475  -34.510  35.079  13.048 0.1250000000
41476  -34.417  34.295  13.121 0.1111111111
41477  -34.325  34.898  12.300 0.1250000000
42076  -39.078  42.989  4.730 0.1666666667
42077  -38.915  43.347  4.309 0.1805555556
43313  -43.709  34.988  5.953 0.0138888889
43314  -43.468  34.690  6.494 0.0138888889
43315  -44.385  34.625  6.316 0.0138888889
47505  -36.614  39.944  7.779 0.1666666667
47506  -36.441  39.269  7.689 0.1388888889
47507  -36.765  39.827  7.230 0.1805555556
47508  -39.442  38.997  4.204 0.0694444444
47509  -39.229  38.599  4.691 0.0833333333
47510  -39.922  38.421  4.342 0.0555555556
47511  -40.415  37.853  4.499 0.0416666667
47512  -40.553  38.315  4.025 0.0416666667
48875  -36.083  40.217  12.406 0.2222222222
48876  -35.983  39.685  12.411 0.1944444444
48878  -36.148  40.130  11.194 0.2083333333
48879  -36.285  40.650  11.296 0.2361111111
48881  -37.840  43.768  8.581 0.2361111111
48883  -38.349  44.334  7.745 0.2916666667
51218  -37.032  34.932  7.954 0.0694444444
51219  -36.581  34.361  8.686 0.0694444444
51220  -37.337  34.347  8.305 0.0694444444
54536  -32.002  48.006  10.230 0.0972222222
55307  -35.519  32.898  15.431 0.0694444444
55308  -34.585  32.808  13.290 0.0694444444
55309  -34.882  32.335  14.061 0.0694444444
55310  -34.868  32.161  13.337 0.0694444444
57105  -38.248  41.809  6.422 0.1805555556
57106  -37.918  41.164  6.243 0.1805555556
57107  -38.326  41.717  5.921 0.1666666667
57108  -38.671  41.593  4.469 0.1527777778
57109  -38.542  41.194  4.831 0.1527777778
57110  -38.590  40.890  4.327 0.1250000000
57111  -38.679  40.222  4.225 0.1111111111
57112  -38.622  40.559  3.790 0.1111111111
58475  -35.931  42.006  12.379 0.2500000000
58476  -35.976  41.493  12.305 0.2500000000
58477  -36.085  42.019  11.827 0.2361111111
58478  -36.289  41.985  11.305 0.2222222222
58479  -36.370  42.578  11.435 0.2500000000
58481  -37.066  43.847  10.693 0.2916666667
60818  -40.285  35.068  6.830 0.0416666667
60819  -39.883  34.461  7.456 0.0416666667
60820  -40.848  34.574  7.193 0.0416666667
60822  -42.020  33.737  7.765 0.0138888889
68003  -36.389  31.469  16.194 0.0416666667
73395  -34.912  37.439  9.750 0.1944444444
73396  -34.699  36.721  9.795 0.1805555556
73397  -35.067  37.316  9.035 0.1805555556
73398  -36.242  37.663  7.381 0.1111111111
73399  -35.784  36.995  7.861 0.1388888889
73400  -36.299  36.893  7.370 0.1111111111
73401  -36.449  36.196  7.458 0.0833333333
73402  -36.790  36.839  6.942 0.0833333333
73403  -37.586  39.950  5.922 0.1388888889
73404  -37.274  39.484  6.272 0.1388888889
73405  -37.642  39.254  5.847 0.1111111111
73406  -38.593  37.615  5.449 0.0833333333
73407  -37.935  37.831  5.759 0.0833333333
73408  -38.263  37.164  5.797 0.0833333333
73409  -38.011  36.642  6.239 0.0694444444
73410  -38.678  36.553  5.899 0.0416666667
73411  -39.168  36.045  6.131 0.0416666667
73412  -39.468  36.462  5.671 0.0416666667
73413  -41.335  36.760  4.835 0.0416666667
73414  -41.088  36.326  5.242 0.0416666667
73415  -41.833  36.282  4.996 0.0138888889
73416  -42.444  35.817  5.232 0.0138888889
73417  -42.582  36.200  4.663 0.0138888889
73432  -41.055  38.939  2.701 0.0416666667
73434  -41.844  38.125  3.387 0.0416666667
73437  -43.470  36.701  3.167 0.0138888889
73438  -43.932  36.093  3.222 0.0138888889
73439  -43.849  35.782  3.825 0.0138888889
77442  -35.600  35.365  15.118 0.1111111111
77443  -35.173  35.246  14.498 0.1250000000
77444  -35.336  35.905  14.357 0.1388888889
77507  -36.226  37.857  14.410 0.1666666667
77508  -35.528  38.425  12.396 0.1805555556
77509  -35.578  37.809  13.211 0.1805555556
77510  -35.266  37.745  12.548 0.1805555556
77511  -35.038  37.123  12.649 0.1805555556
77512  -35.045  37.699  11.833 0.1805555556
77513  -34.860  37.620  11.137 0.1805555556
77514  -35.218  38.266  11.066 0.1805555556
77515  -36.167  39.996  9.962 0.2083333333
77516  -35.864  39.416  9.871 0.2083333333
77517  -36.238  39.992  9.377 0.1944444444
77518  -36.366  39.928  8.833 0.1805555556
77519  -36.627  40.484  8.941 0.1805555556
77520  -36.811  42.020  10.404 0.2222222222
77521  -36.755  41.527  10.346 0.2222222222
77522  -37.050  42.036  9.866 0.2083333333
77523  -37.735  42.666  8.358 0.2361111111
77524  -37.354  42.131  8.786 0.2083333333
77525  -37.556  42.133  8.244 0.2222222222
77526  -37.252  41.596  8.107 0.2083333333
77527  -37.697  42.089  7.721 0.2361111111
77528  -37.905  42.019  7.248 0.2222222222
77529  -38.213  42.627  7.342 0.2222222222
77530  -38.896  44.167  6.863 0.2222222222
77531  -38.914  43.577  6.751 0.2222222222
84533  -34.659  35.298  9.986 0.1111111111
84534  -34.416  34.700  10.812 0.1111111111
84535  -34.705  34.581  10.211 0.1111111111
84536  -35.963  33.211  10.070 0.0694444444
84537  -35.337  33.262  10.578 0.0833333333
84538  -35.859  32.685  10.718 0.0555555556
84539  -35.814  32.088  11.409 0.0555555556
84540  -36.405  32.193  10.868 0.0416666667
84541  -39.139  33.418  8.513 0.0555555556
84542  -38.232  33.384  8.817 0.0694444444
84543  -38.837  32.964  9.012 0.0277777778
84544  -39.183  31.762  10.210 0.0138888889
84545  -38.435  32.088  10.077 0.0416666667
84546  -38.327  31.576  10.648 0.0277777778
84547  -37.577  31.378  11.168 0.0277777778
84548  -38.351  31.008  11.263 0.0277777778
84549  -38.442  30.493  11.835 0.0277777778
84550  -39.216  30.685  11.364 0.0138888889
92622  -31.964  47.591  12.584 0.0555555556
92624  -32.251  48.052  11.645 0.0694444444
92625  -31.712  47.585  11.210 0.0833333333
93087  -35.049  33.981  14.670 0.0972222222
93088  -35.013  33.305  14.702 0.0694444444
93089  -34.670  33.750  13.940 0.1111111111
93090  -34.442  33.501  13.214 0.0972222222
93091  -34.392  33.359  12.458 0.0972222222
94167  -39.029  42.828  5.766 0.1666666667
94168  -38.698  42.159  5.603 0.1527777778
94169  -39.010  42.598  5.204 0.1666666667
94170  -38.859  42.311  4.607 0.1666666667
94171  -38.602  41.948  3.984 0.1527777778
94990  -36.314  43.244  12.125 0.2222222222
94991  -36.500  43.234  11.610 0.2361111111
96395  -41.947  35.065  6.321 0.0277777778
96396  -41.719  34.617  6.934 0.0277777778
96397  -42.572  34.644  6.700 0.0138888889
96398  -43.225  34.244  7.077 0.0138888889
96399  -43.900  33.888  7.379 0.0138888889
99315  -32.839  48.790  9.724 0.0972222222
103941  -35.824  38.647  8.643 0.1805555556
103942  -35.580  37.883  8.501 0.1666666667
103943  -36.057  38.571  8.073 0.1805555556
103944  -36.281  38.469  7.492 0.1250000000
103945  -36.585  38.343  6.945 0.0972222222
103946  -38.338  39.452  5.054 0.1111111111
103947  -38.068  39.005  5.460 0.0972222222
103948  -38.591  38.755  5.073 0.0972222222
103949  -38.934  38.104  5.108 0.0694444444
103950  -39.328  37.483  5.159 0.0555555556
103951  -39.778  36.903  5.264 0.0555555556
103952  -40.114  37.378  4.919 0.0416666667
103953  -40.892  37.296  4.661 0.0416666667
103954  -41.581  37.194  4.319 0.0416666667
106408  -36.110  38.479  13.682 0.1805555556
106409  -36.026  39.116  12.991 0.1805555556
106410  -35.769  39.090  12.332 0.1805555556
106411  -35.689  39.055  11.661 0.1944444444
106412  -35.568  38.935  11.064 0.1944444444
106413  -35.884  39.558  11.113 0.1944444444
106414  -36.125  40.034  10.548 0.2083333333
106415  -36.448  40.516  10.083 0.1944444444
106416  -37.323  43.188  9.501 0.2916666667
106417  -37.284  42.610  9.430 0.2361111111
106418  -37.546  43.186  8.969 0.2638888889
106419  -37.827  43.208  8.452 0.2361111111
106420  -38.116  43.188  7.946 0.2500000000
106421  -38.350  43.149  7.471 0.2500000000
106422  -38.384  43.713  7.618 0.2500000000
106423  -38.600  44.276  7.288 0.2500000000
110624  -35.710  35.033  8.823 0.1111111111
110625  -35.268  34.501  9.638 0.1111111111
110626  -35.877  34.414  9.139 0.0972222222
110627  -36.219  33.772  9.391 0.0694444444
110628  -36.683  33.262  9.579 0.0694444444
110629  -40.474  32.760  8.858 0.0138888889
110630  -39.570  32.626  9.125 0.0277777778
110631  -40.281  32.351  9.291 0.0138888889
110632  -40.113  31.954  9.852 0.0138888889
116286  -32.416  48.245  11.131 0.0833333333
116287  -32.552  48.445  10.643 0.0972222222
116288  -32.671  48.621  10.177 0.0972222222
117366  -36.212  32.003  16.143 0.0416666667
117367  -35.757  31.700  15.509 0.0555555556
117368  -35.113  32.600  14.786 0.0694444444
117369  -35.270  31.962  14.819 0.0694444444
117370  -35.505  31.412  14.807 0.0555555556
117371  -35.486  31.193  14.114 0.0416666667
117372  -35.646  31.051  13.441 0.0416666667
117373  -35.929  31.047  12.823 0.0277777778
119883  -37.299  40.861  7.028 0.1805555556
119884  -37.122  40.254  6.861 0.1527777778
119885  -37.490  40.675  6.536 0.1805555556
119886  -37.652  40.536  6.054 0.1527777778
119887  -37.992  40.351  5.591 0.1250000000
119888  -38.459  41.469  5.412 0.1388888889
119889  -38.327  40.779  5.230 0.1388888889
119890  -38.265  40.090  5.112 0.1250000000
119891  -38.593  39.837  4.634 0.1111111111
119892  -38.986  39.566  4.182 0.0972222222
119893  -39.435  39.344  3.771 0.0833333333
121803  -36.036  41.081  12.331 0.2361111111
121805  -36.315  41.108  11.301 0.2222222222
121806  -36.299  41.534  11.289 0.2222222222
121807  -36.540  42.009  10.847 0.2222222222
121808  -36.831  42.564  10.439 0.2361111111
121809  -36.713  43.182  11.064 0.2500000000
121810  -36.890  43.172  10.538 0.2361111111
121811  -37.105  43.204  10.042 0.2777777778
121812  -37.411  43.824  9.594 0.3055555556
125081  -38.551  34.953  7.307 0.0416666667
125082  -38.165  34.364  7.977 0.0555555556
125083  -39.007  34.397  7.699 0.0416666667
125084  -39.515  33.906  8.022 0.0416666667
125085  -40.080  33.508  8.248 0.0416666667
125086  -41.435  34.113  7.508 0.0277777778
125087  -41.030  33.616  8.015 0.0416666667
125088  -40.710  33.182  8.438 0.0138888889
125089  -41.446  32.902  8.652 0.0138888889
129839  -38.354  43.931  3.532 0.2083333333
141225  -34.484  36.308  11.372 0.1666666667
141226  -34.348  35.591  11.401 0.1527777778
141227  -34.470  36.161  10.606 0.1666666667
141228  -34.625  36.013  9.880 0.1250000000
141229  -34.929  35.827  9.167 0.1111111111
141230  -35.405  37.133  8.432 0.1527777778
141231  -35.358  36.421  8.461 0.1388888889
141232  -35.472  35.723  8.587 0.1250000000
141233  -36.088  35.612  8.102 0.0972222222
141234  -36.719  35.551  7.657 0.0972222222
141235  -37.448  35.530  7.323 0.0694444444
141236  -36.958  39.690  6.731 0.1388888889
141237  -36.935  38.953  6.601 0.1388888889
141238  -36.959  38.158  6.496 0.1111111111
141239  -37.724  38.539  5.773 0.0972222222
141240  -37.378  37.948  6.069 0.0972222222
141241  -37.094  37.408  6.480 0.0972222222
141242  -37.368  36.727  6.573 0.0694444444
141243  -37.759  36.102  6.760 0.0555555556
141244  -38.158  35.496  6.978 0.0416666667
141245  -38.898  35.506  6.701 0.0416666667
141246  -39.745  35.535  6.473 0.0416666667
141247  -40.548  35.467  6.249 0.0277777778
141248  -40.312  36.381  5.472 0.0416666667
141249  -40.789  35.872  5.693 0.0277777778
141250  -41.345  35.463  5.999 0.0277777778
141251  -42.159  35.446  5.741 0.0138888889
141252  -43.062  35.368  5.584 0.0138888889
141253  -43.787  35.214  5.283 0.0138888889
141254  -38.559  42.978  3.724 0.1805555556
141255  -38.402  42.240  3.534 0.1527777778
141261  -39.307  39.630  3.313 0.0972222222
141262  -39.912  39.150  3.375 0.0833333333
141270  -40.490  39.029  3.081 0.0694444444
141271  -40.558  38.724  3.547 0.0555555556
141272  -41.200  38.221  3.683 0.0555555556
141273  -41.779  37.651  3.810 0.0277777778
141274  -42.270  37.074  3.945 0.0138888889
141275  -43.058  37.416  3.167 0.0277777778
141276  -42.907  36.856  3.523 0.0138888889
141277  -42.727  36.543  4.064 0.0138888889
141278  -43.250  36.043  4.245 0.0138888889
141279  -43.814  35.503  4.520 0.0138888889
141280  -44.436  35.000  4.843 0.0138888889
146150  -35.496  34.118  15.327 0.0972222222
146151  -35.065  34.591  14.631 0.1250000000
146152  -34.775  35.127  13.788 0.1388888889
146153  -34.672  35.749  12.964 0.1250000000
146228  -35.874  36.683  14.801 0.1388888889
146229  -35.900  37.845  13.833 0.1666666667
146230  -35.705  37.231  13.986 0.1666666667
146231  -35.526  36.577  14.192 0.1527777778
146232  -35.191  36.493  13.506 0.1388888889
146233  -34.854  36.440  12.823 0.1666666667
146234  -34.615  36.394  12.103 0.1527777778
146235  -34.629  36.961  11.256 0.1805555556
146236  -34.883  37.545  10.415 0.1805555556
146237  -35.214  38.108  9.709 0.2083333333
146238  -35.504  38.834  10.423 0.1944444444
146239  -35.555  38.784  9.785 0.2083333333
146240  -35.610  38.685  9.173 0.1944444444
146241  -36.107  39.311  8.726 0.1805555556
146242  -36.472  39.946  8.299 0.1666666667
146243  -36.769  40.515  7.889 0.2083333333
146244  -36.467  41.076  10.801 0.2222222222
146245  -36.648  41.060  10.223 0.1944444444
146246  -36.748  41.024  9.630 0.1944444444
146247  -37.199  42.082  9.315 0.2361111111
146248  -37.040  41.573  9.177 0.2083333333
146249  -36.866  41.016  9.057 0.2222222222
146250  -36.912  41.083  8.521 0.1944444444
146251  -36.981  41.063  7.999 0.2083333333
146252  -37.063  40.945  7.483 0.1944444444
146253  -37.575  41.438  7.134 0.2222222222
146254  -38.091  41.926  6.817 0.1944444444
146255  -38.554  42.407  6.508 0.1944444444
146256  -38.591  43.083  7.031 0.2361111111
146257  -38.807  42.982  6.610 0.2083333333
146258  -38.948  42.923  6.231 0.1666666667
154686  -34.234  34.823  11.487 0.1250000000
154687  -34.306  34.020  11.605 0.1111111111
154688  -34.604  33.299  11.778 0.0833333333
154689  -34.941  33.928  10.409 0.0972222222
154690  -34.895  33.282  11.161 0.0833333333
154691  -34.925  32.639  11.923 0.0833333333
154692  -35.341  32.048  12.018 0.0555555556
154693  -35.825  31.546  12.111 0.0277777778
154695  -37.743  33.850  8.572 0.0833333333
154696  -37.432  33.340  9.143 0.0694444444
154697  -37.212  32.829  9.765 0.0416666667
154698  -38.622  32.549  9.530 0.0277777778
154699  -37.776  32.429  9.957 0.0416666667
154700  -37.064  32.289  10.402 0.0416666667
154701  -36.954  31.755  11.035 0.0277777778
154704  -37.753  30.350  12.368 0.0138888889
154705  -38.558  29.946  12.377 0.0138888889
55  -30.349  46.402  10.774 0.0694444444
885  -31.693  48.389  7.307 0.0972222222
887  -26.347  47.281  5.638 0.0277777778
1467  -28.827  44.911  13.643 0.0416666667
1468  -24.533  47.117  9.924 0.0277777778
2805  -30.976  47.377  8.970 0.0972222222
2806  -29.101  47.451  6.372 0.0833333333
2807  -28.249  46.154  8.006 0.0972222222
2815  -32.361  47.403  14.303 0.0555555556
3405  -27.753  45.577  14.960 0.0138888889
3406  -25.765  45.992  13.359 0.0138888889
4103  -23.516  50.114  10.525 0.0138888889
6203  -30.032  48.816  5.108 0.0972222222
7263  -29.784  45.332  12.280 0.0416666667
7264  -27.289  45.686  9.935 0.0277777778
7265  -26.367  45.311  11.571 0.0277777778
7266  -24.034  47.758  12.211 0.0277777778
7282  -31.350  46.296  15.640 0.0416666667
8222  -25.286  46.845  7.547 0.0416666667
10485  -30.725  46.904  9.891 0.0833333333
10486  -29.699  46.662  8.502 0.0972222222
10487  -29.343  46.172  9.316 0.0833333333
10495  -31.309  46.721  12.478 0.0555555556
10497  -31.560  47.312  11.673 0.0694444444
10498  -31.871  47.817  10.717 0.0833333333
11086  -26.562  46.016  14.825 0.0138888889
14177  -30.806  48.393  6.019 0.0972222222
14215  -32.491  48.595  8.965 0.0972222222
15975  -29.371  44.998  12.997 0.0416666667
15976  -28.090  45.012  11.775 0.0416666667
15977  -27.583  44.866  12.485 0.0416666667
15978  -24.920  47.282  13.861 0.0138888889
15979  -24.772  46.717  12.823 0.0138888889
15980  -24.095  48.256  13.343 0.0138888889
15981  -23.599  49.422  12.656 0.0138888889
16015  -29.478  45.428  15.191 0.0277777778
16018  -30.818  45.680  14.035 0.0416666667
18068  -25.782  46.085  9.827 0.0277777778
18069  -26.293  46.155  8.788 0.0277777778
18070  -24.937  46.946  8.704 0.0277777778
23481  -31.354  47.918  8.205 0.0972222222
23483  -30.063  47.253  7.620 0.0972222222
23484  -28.695  46.708  7.141 0.0972222222
23485  -27.264  46.540  6.767 0.0694444444
24561  -28.294  45.130  14.218 0.0416666667
24562  -27.162  45.048  13.171 0.0416666667
24563  -26.903  45.613  14.003 0.0138888889
24564  -25.826  46.545  14.270 0.0138888889
25817  -23.856  48.591  10.190 0.0277777778
25818  -23.976  48.311  8.810 0.0138888889
25819  -23.428  49.701  9.104 0.0138888889
29834  -29.572  48.139  5.759 0.0694444444
32331  -30.103  45.816  11.515 0.0555555556
32332  -28.947  45.769  10.255 0.0416666667
32333  -28.499  45.348  10.997 0.0416666667
32334  -26.760  45.440  10.718 0.0277777778
32335  -25.283  46.094  10.744 0.0277777778
32336  -25.974  45.511  12.427 0.0277777778
32337  -24.933  46.341  11.793 0.0277777778
32338  -24.233  47.333  11.038 0.0277777778
32339  -23.716  48.948  11.444 0.0277777778
32340  -23.468  50.638  11.884 0.0138888889
32385  -31.993  46.845  15.058 0.0416666667
32386  -31.178  46.211  13.265 0.0416666667
34964  -27.759  45.862  8.982 0.0555555556
34965  -26.767  46.205  7.750 0.0416666667
34966  -25.821  46.921  6.536 0.0277777778
34967  -24.196  47.993  7.590 0.0138888889
34968  -24.544  47.872  6.485 0.0138888889
34969  -25.080  47.890  5.530 0.0277777778
41205  -30.540  46.667  10.348 0.0694444444
41206  -30.064  46.521  9.619 0.0833333333
41207  -29.874  46.293  10.050 0.0694444444
41215  -30.851  46.550  11.655 0.0555555556
41216  -31.394  47.000  12.135 0.0694444444
41217  -30.988  46.821  11.216 0.0694444444
41218  -31.171  47.068  10.766 0.0694444444
44895  -31.892  48.547  6.843 0.0972222222
44896  -31.405  48.610  6.201 0.0972222222
44897  -31.249  48.339  6.619 0.0972222222
44935  -32.108  48.463  8.146 0.0833333333
44936  -32.693  48.691  8.492 0.0972222222
44937  -32.312  48.581  7.662 0.1111111111
46695  -29.099  44.907  13.318 0.0416666667
46696  -28.487  44.853  12.711 0.0416666667
46697  -28.218  44.830  13.030 0.0416666667
46698  -24.638  47.941  14.111 0.0138888889
46699  -24.482  47.723  13.607 0.0138888889
46700  -24.239  48.475  13.873 0.0138888889
46735  -29.237  45.145  14.404 0.0416666667
46736  -29.830  45.404  14.916 0.0416666667
46737  -29.558  45.116  14.112 0.0416666667
46738  -29.855  45.154  13.792 0.0416666667
48788  -25.097  46.517  9.838 0.0277777778
48789  -25.373  46.505  9.299 0.0277777778
48790  -24.749  47.053  9.338 0.0277777778
54495  -31.155  47.626  8.573 0.0972222222
54496  -30.716  47.565  7.897 0.0972222222
54497  -30.527  47.248  8.281 0.0972222222
54498  -28.969  46.328  8.229 0.0972222222
54499  -29.178  46.628  7.784 0.0972222222
54500  -28.472  46.403  7.551 0.0972222222
54501  -28.003  46.538  6.927 0.0833333333
54502  -27.776  46.300  7.358 0.0694444444
54535  -31.430  47.580  9.828 0.0972222222
54537  -31.558  47.791  9.386 0.0972222222
54538  -31.738  48.012  9.025 0.0972222222
56295  -28.032  45.403  14.605 0.0138888889
56296  -27.550  45.306  14.058 0.0277777778
56297  -27.343  45.570  14.456 0.0138888889
56299  -26.194  46.238  14.474 0.0138888889
56300  -25.849  46.853  14.754 0.0138888889
56337  -28.339  45.528  15.311 0.0138888889
56338  -28.643  45.411  14.993 0.0277777778
58388  -23.643  49.345  10.340 0.0138888889
58389  -23.634  49.190  9.630 0.0138888889
58390  -23.459  49.893  9.811 0.0138888889
70965  -29.970  45.585  11.893 0.0416666667
70966  -29.326  45.487  11.218 0.0416666667
70967  -29.144  45.229  11.626 0.0416666667
70968  -27.183  45.056  11.625 0.0416666667
70969  -27.419  45.137  11.217 0.0416666667
70970  -26.600  45.326  11.176 0.0277777778
70971  -25.971  45.717  10.748 0.0277777778
70972  -25.812  45.695  11.177 0.0277777778
70973  -26.412  45.479  13.232 0.0138888889
70974  -26.570  45.257  12.787 0.0277777778
70975  -25.851  45.735  12.896 0.0138888889
70976  -24.328  47.191  12.544 0.0138888889
70977  -24.811  46.520  12.339 0.0277777778
70978  -24.417  46.997  11.998 0.0277777778
70979  -24.518  46.806  11.406 0.0277777778
70980  -24.091  47.504  11.624 0.0277777778
70981  -23.917  48.107  11.233 0.0277777778
70982  -23.792  48.334  11.834 0.0277777778
70984  -23.507  50.029  12.281 0.0138888889
71094  -31.689  46.526  15.347 0.0416666667
71095  -30.335  45.476  13.121 0.0416666667
71096  -31.014  45.965  13.652 0.0416666667
71097  -30.525  45.715  12.735 0.0416666667
71098  -30.613  45.948  12.335 0.0555555556
77243  -28.105  45.649  10.070 0.0416666667
77244  -28.337  45.791  9.622 0.0555555556
77245  -27.527  45.748  9.463 0.0277777778
77246  -25.770  46.457  8.167 0.0277777778
77247  -26.519  46.119  8.268 0.0416666667
77248  -26.013  46.431  7.642 0.0416666667
77249  -26.291  46.483  7.113 0.0416666667
77250  -25.576  46.864  7.047 0.0416666667
77251  -23.678  48.860  8.263 0.0138888889
77252  -24.082  48.145  8.199 0.0138888889
77254  -23.641  49.050  5.993 0.0138888889
77255  -23.986  48.474  6.508 0.0138888889
77256  -24.185  48.431  5.968 0.0138888889
77257  -24.773  47.867  5.965 0.0138888889
77258  -24.476  48.386  5.487 0.0138888889
92601  -30.840  47.105  9.395 0.0972222222
92602  -30.352  46.974  8.712 0.0972222222
92603  -30.209  46.752  9.186 0.0972222222
92604  -29.511  46.407  8.923 0.0972222222
92619  -31.845  47.029  13.381 0.0555555556
92626  -31.316  47.338  10.291 0.0833333333
93682  -27.129  45.717  14.847 0.0138888889
99247  -30.396  48.575  5.544 0.0833333333
99249  -28.683  47.635  5.894 0.0694444444
102483  -29.605  45.075  12.627 0.0416666667
102484  -28.963  45.085  11.999 0.0416666667
102485  -28.765  44.940  12.370 0.0416666667
102486  -27.825  44.888  12.148 0.0416666667
102487  -26.954  45.047  12.010 0.0416666667
102488  -25.280  46.622  13.600 0.0138888889
102489  -25.249  46.313  13.079 0.0138888889
102490  -24.782  46.988  13.332 0.0138888889
102491  -24.375  47.451  13.074 0.0138888889
102492  -24.010  48.016  12.792 0.0138888889
102493  -23.771  48.592  12.435 0.0138888889
102494  -23.791  48.815  13.017 0.0138888889
102559  -30.801  45.838  15.145 0.0416666667
102560  -31.135  46.030  14.845 0.0416666667
102561  -30.518  45.554  14.320 0.0416666667
102562  -30.129  45.266  13.471 0.0416666667
106250  -26.520  45.836  9.852 0.0277777778
106251  -26.788  45.894  9.379 0.0277777778
106252  -26.065  46.120  9.308 0.0277777778
106253  -25.590  46.506  8.730 0.0277777778
106254  -25.115  46.915  8.117 0.0277777778
116229  -31.530  48.200  7.777 0.0833333333
116230  -31.080  48.099  7.052 0.0833333333
116231  -30.928  47.857  7.528 0.0833333333
116234  -29.883  46.921  8.031 0.0972222222
116237  -28.226  46.871  6.531 0.0833333333
116238  -27.492  46.769  6.336 0.0555555556
116239  -26.752  46.810  6.174 0.0555555556
116289  -32.303  48.406  9.407 0.0972222222
116290  -31.915  48.264  8.647 0.0972222222
118749  -28.539  45.001  13.937 0.0416666667
118750  -27.976  44.873  13.349 0.0416666667
118751  -27.754  45.076  13.701 0.0416666667
118752  -27.008  45.348  13.611 0.0138888889
118753  -26.340  45.756  13.657 0.0138888889
118754  -26.727  45.837  14.401 0.0138888889
118755  -26.294  46.003  14.103 0.0138888889
118756  -25.755  46.256  13.818 0.0138888889
118757  -25.356  46.910  14.047 0.0138888889
118758  -25.081  47.526  14.326 0.0138888889
118809  -29.116  45.476  15.479 0.0138888889
118810  -28.920  45.248  14.687 0.0416666667
121679  -24.154  47.827  10.055 0.0277777778
121680  -24.264  47.714  9.420 0.0277777778
121681  -23.924  48.461  9.516 0.0277777778
121682  -23.661  49.001  8.917 0.0138888889
131444  -30.607  48.117  6.400 0.0694444444
131445  -30.169  48.247  5.885 0.0694444444
131446  -29.798  48.459  5.424 0.0833333333
138255  -30.239  46.141  11.171 0.0555555556
138256  -29.734  46.047  10.501 0.0694444444
138257  -29.514  45.738  10.852 0.0555555556
138258  -28.709  45.528  10.595 0.0416666667
138259  -27.851  45.486  10.440 0.0416666667
138260  -28.323  45.133  11.373 0.0416666667
138261  -27.630  45.335  10.819 0.0277777778
138262  -26.982  45.561  10.282 0.0277777778
138263  -26.182  45.790  10.293 0.0277777778
138264  -25.478  46.111  10.300 0.0277777778
138265  -24.872  46.569  10.344 0.0277777778
138266  -27.362  44.945  12.827 0.0416666667
138267  -26.735  45.084  12.341 0.0277777778
138268  -26.155  45.388  11.996 0.0277777778
138269  -25.319  46.071  12.605 0.0138888889
138270  -25.424  45.893  12.124 0.0277777778
138271  -25.589  45.750  11.618 0.0277777778
138272  -25.104  46.197  11.249 0.0277777778
138273  -24.683  46.668  10.858 0.0277777778
138274  -24.363  47.190  10.471 0.0277777778
138275  -24.007  47.900  10.641 0.0277777778
138276  -23.790  48.727  10.827 0.0277777778
138277  -23.674  49.519  11.045 0.0277777778
138278  -23.633  49.214  12.039 0.0138888889
138279  -23.592  49.796  11.658 0.0138888889
138280  -23.548  50.398  11.243 0.0138888889
138413  -32.224  47.125  14.719 0.0416666667
138414  -31.438  46.281  14.555 0.0416666667
138415  -31.660  46.544  14.197 0.0416666667
138416  -31.805  46.798  13.806 0.0416666667
138417  -31.221  46.417  12.841 0.0555555556
138418  -30.729  46.233  11.996 0.0555555556
145910  -29.148  45.994  9.810 0.0833333333
145911  -28.529  45.942  9.143 0.0833333333
145912  -28.004  45.987  8.491 0.0972222222
145913  -27.019  45.933  8.867 0.0416666667
145914  -27.259  45.993  8.347 0.0416666667
145915  -27.511  46.131  7.859 0.0694444444
145916  -27.031  46.352  7.237 0.0555555556
145917  -26.527  46.653  6.637 0.0555555556
145918  -26.028  47.003  6.047 0.0277777778
145919  -24.416  47.602  8.762 0.0277777778
145920  -24.554  47.485  8.137 0.0277777778
145921  -24.678  47.395  7.524 0.0277777778
145923  -24.348  47.927  7.026 0.0138888889
145924  -24.921  47.361  7.012 0.0138888889
145925  -25.167  47.346  6.499 0.0138888889
145926  -25.384  47.380  5.985 0.0277777778
145927  -25.701  47.526  5.547 0.0277777778
145928  -25.380  48.002  5.111 0.0277777778
92605  -28.766  46.131  8.669 0.0972222222
389  -23.417  50.248  2.035 0.0138888889
886  -28.874  48.082  2.411 0.0416666667
1866  -24.982  49.803  -1.697 0.0138888889
4097  -32.701  50.888  2.219 0.0694444444
4098  -25.724  48.000  1.811 0.0277777778
4099  -26.954  48.139  0.035 0.0138888889
4100  -23.706  49.479  0.134 0.0138888889
4101  -22.087  51.756  -1.354 0.0138888889
6202  -31.193  49.733  3.608 0.1111111111
6204  -27.621  48.040  4.206 0.0277777778
6205  -25.069  48.932  3.789 0.0277777778
8216  -30.305  48.926  0.898 0.0416666667
8217  -28.558  49.670  -1.158 0.0277777778
11778  -24.429  48.930  1.832 0.0277777778
11779  -24.717  48.604  0.887 0.0138888889
11780  -23.395  49.677  1.108 0.0138888889
11781  -22.587  50.799  0.354 0.0138888889
14179  -28.303  47.843  5.436 0.0416666667
14181  -26.297  48.177  3.886 0.0277777778
18053  -30.176  48.794  2.934 0.0972222222
18054  -30.901  49.232  2.166 0.0972222222
18055  -29.562  48.357  1.588 0.0555555556
18056  -25.872  48.785  -0.862 0.0138888889
18057  -27.716  48.772  -0.617 0.0277777778
18058  -26.701  49.471  -1.509 0.0138888889
18059  -27.572  50.259  -2.048 0.0138888889
18060  -25.769  50.273  -2.417 0.0138888889
23482  -30.424  47.858  6.836 0.0833333333
25807  -32.396  50.761  0.886 0.0694444444
25808  -27.317  47.704  2.005 0.0277777778
25809  -27.934  47.880  1.111 0.0277777778
25810  -26.278  47.955  0.838 0.0277777778
25811  -25.218  48.582  -0.045 0.0138888889
25812  -24.243  49.508  -0.843 0.0138888889
25813  -23.396  50.573  -1.654 0.0138888889
25814  -22.956  50.659  -0.605 0.0138888889
29832  -30.527  49.282  4.438 0.1111111111
29833  -29.531  48.624  3.830 0.0555555556
29835  -29.024  48.386  4.724 0.0694444444
29836  -28.321  48.057  3.312 0.0416666667
29837  -26.743  47.836  2.918 0.0416666667
29838  -25.364  48.466  2.796 0.0416666667
29839  -24.293  49.512  2.794 0.0138888889
34946  -31.961  50.291  2.928 0.0972222222
34947  -31.641  49.847  1.490 0.0972222222
34948  -31.100  49.842  0.275 0.0416666667
34949  -28.669  48.345  0.382 0.0277777778
34950  -29.517  49.167  -0.215 0.0416666667
34951  -30.171  50.219  -0.730 0.0277777778
34952  -29.243  50.699  -1.610 0.0277777778
42498  -23.856  49.542  1.941 0.0277777778
42499  -23.874  49.296  1.477 0.0277777778
42500  -23.351  49.965  1.577 0.0138888889
48773  -29.558  48.396  2.658 0.0555555556
48774  -29.897  48.504  2.189 0.0694444444
48775  -29.196  48.128  1.980 0.0277777778
48776  -25.443  49.321  -1.277 0.0138888889
48777  -26.299  49.143  -1.197 0.0138888889
48778  -25.864  49.591  -1.641 0.0138888889
48779  -26.289  49.920  -1.957 0.0138888889
48780  -25.387  50.047  -2.066 0.0138888889
48781  -24.913  50.366  -2.543 0.0138888889
48782  -24.509  50.232  -2.136 0.0138888889
58372  -32.540  50.777  1.521 0.0833333333
58373  -26.495  47.778  1.880 0.0277777778
58374  -26.782  47.796  1.415 0.0277777778
58375  -25.976  47.915  1.302 0.0277777778
58376  -24.147  49.013  0.493 0.0138888889
58377  -24.947  48.586  0.432 0.0138888889
58378  -24.407  48.983  0.039 0.0138888889
58379  -24.700  49.004  -0.452 0.0138888889
58380  -23.928  49.455  -0.346 0.0138888889
58381  -23.568  50.039  -0.715 0.0138888889
58382  -23.329  50.037  -0.234 0.0138888889
58384  -22.192  51.477  -0.053 0.0138888889
65569  -30.821  49.225  4.968 0.1250000000
65570  -30.287  49.023  4.764 0.1111111111
65571  -30.042  48.952  4.140 0.1111111111
65572  -29.774  48.794  4.530 0.0694444444
65574  -29.944  47.943  6.257 0.0694444444
65575  -29.311  47.797  6.038 0.0694444444
65576  -27.963  48.005  4.829 0.0416666667
65577  -28.653  48.129  5.077 0.0416666667
65578  -28.364  48.232  4.442 0.0555555556
65579  -28.690  48.272  4.014 0.0555555556
65580  -27.994  48.044  3.759 0.0416666667
65581  -27.586  47.817  3.062 0.0416666667
65582  -27.246  47.925  3.543 0.0416666667
65583  -25.639  48.493  3.820 0.0277777778
65584  -25.810  48.249  3.331 0.0416666667
65585  -25.194  48.734  3.289 0.0277777778
65586  -24.784  48.991  2.772 0.0277777778
65587  -24.686  49.228  3.262 0.0277777778
77198  -31.681  50.163  3.938 0.1250000000
77199  -32.059  50.521  3.634 0.0972222222
77200  -31.549  49.981  3.239 0.0972222222
77201  -30.645  49.023  1.504 0.0555555556
77202  -31.275  49.517  1.811 0.0833333333
77203  -31.034  49.350  1.138 0.0555555556
77204  -31.402  49.791  0.846 0.0555555556
77205  -30.693  49.366  0.578 0.0416666667
77206  -27.448  47.931  0.545 0.0277777778
77207  -28.267  48.024  0.689 0.0277777778
77208  -27.813  48.184  0.186 0.0138888889
77209  -28.138  49.170  -0.892 0.0277777778
77210  -28.633  48.911  -0.425 0.0277777778
77211  -29.054  49.401  -0.697 0.0277777778
77212  -29.868  49.682  -0.475 0.0277777778
77213  -29.429  49.924  -0.952 0.0277777778
77214  -29.706  50.501  -1.168 0.0277777778
77215  -28.925  50.197  -1.397 0.0277777778
77217  -27.950  50.611  -2.251 0.0138888889
77228  -22.712  51.119  -1.555 0.0138888889
94928  -25.045  48.396  1.784 0.0277777778
94929  -25.219  48.187  1.291 0.0277777778
94930  -24.543  48.642  1.319 0.0277777778
94931  -24.009  49.090  0.972 0.0138888889
94932  -23.529  49.489  0.615 0.0138888889
94933  -23.118  50.076  0.235 0.0138888889
94934  -22.974  50.190  0.720 0.0138888889
99246  -30.985  48.746  5.702 0.0972222222
99251  -27.611  47.790  5.177 0.0416666667
99252  -27.282  47.917  4.608 0.0416666667
99253  -26.989  48.016  4.030 0.0416666667
106223  -30.691  49.304  3.282 0.0833333333
106224  -31.063  49.482  2.883 0.0972222222
106225  -30.520  48.979  2.521 0.0833333333
106226  -30.272  48.728  1.835 0.0694444444
106227  -29.942  48.603  1.229 0.0555555556
106228  -26.433  48.462  -0.428 0.0138888889
106229  -27.322  48.427  -0.311 0.0138888889
106230  -26.783  48.752  -0.782 0.0138888889
106231  -27.184  49.096  -1.070 0.0138888889
106232  -27.622  49.505  -1.345 0.0277777778
106233  -28.068  49.941  -1.609 0.0277777778
106234  -27.190  49.849  -1.795 0.0138888889
106235  -26.687  50.239  -2.253 0.0138888889
116232  -30.268  47.574  7.238 0.0972222222
121657  -32.098  50.822  0.244 0.0555555556
121658  -28.134  47.845  2.183 0.0277777778
121659  -28.428  47.919  1.723 0.0277777778
121660  -27.616  47.806  1.574 0.0277777778
121661  -27.119  47.829  0.985 0.0277777778
121662  -26.608  48.019  0.427 0.0277777778
121663  -25.483  48.219  0.851 0.0277777778
121664  -25.770  48.249  0.386 0.0277777778
121665  -26.100  48.262  -0.072 0.0138888889
121666  -25.555  48.653  -0.474 0.0138888889
121667  -25.031  49.068  -0.894 0.0138888889
121668  -24.601  49.624  -1.289 0.0138888889
121669  -24.152  50.132  -1.691 0.0138888889
121670  -23.812  50.054  -1.226 0.0138888889
121671  -23.149  50.593  -1.147 0.0138888889
121672  -22.502  51.239  -1.034 0.0138888889
121673  -22.741  50.714  -0.148 0.0138888889
121674  -22.299  51.370  -0.592 0.0138888889
121675  -21.900  51.936  -0.879 0.0138888889
131437  -31.360  49.848  4.283 0.1250000000
131439  -31.076  49.516  4.647 0.1250000000
131440  -30.847  49.505  3.997 0.1111111111
131441  -30.351  49.102  3.690 0.0833333333
131442  -29.849  48.670  3.388 0.0416666667
131443  -29.258  48.326  3.095 0.0416666667
131447  -28.972  48.010  5.619 0.0694444444
131448  -29.299  48.301  5.296 0.0694444444
131449  -29.549  48.603  4.954 0.0833333333
131450  -29.301  48.492  4.274 0.0555555556
131451  -28.963  48.323  3.553 0.0416666667
131452  -28.593  48.022  2.844 0.0277777778
131453  -27.839  47.791  2.623 0.0416666667
131454  -27.027  47.737  2.468 0.0416666667
131455  -26.228  47.869  2.363 0.0416666667
131456  -26.503  47.989  3.406 0.0416666667
131457  -26.015  48.051  2.850 0.0416666667
131458  -25.499  48.151  2.289 0.0277777778
131459  -24.902  48.669  2.268 0.0277777778
131460  -24.357  49.197  2.314 0.0277777778
131461  -23.905  49.848  2.403 0.0138888889
145857  -32.496  50.766  3.299 0.0972222222
145858  -32.348  50.608  2.616 0.0972222222
145859  -31.441  49.743  2.526 0.0972222222
145860  -31.832  50.040  2.190 0.0972222222
145861  -32.173  50.357  1.856 0.0972222222
145862  -32.026  50.282  1.200 0.0694444444
145863  -31.792  50.280  0.587 0.0694444444
145864  -31.379  50.417  0.012 0.0555555556
145865  -28.760  48.067  1.328 0.0277777778
145866  -29.163  48.293  0.961 0.0416666667
145867  -29.508  48.596  0.626 0.0277777778
145868  -28.210  48.501  -0.131 0.0277777778
145869  -29.076  48.715  0.069 0.0416666667
145870  -29.911  49.009  0.328 0.0416666667
145871  -30.351  49.481  0.033 0.0277777778
145872  -30.634  50.029  -0.236 0.0277777778
145873  -30.937  50.596  -0.486 0.0277777778
145874  -30.478  50.821  -0.960 0.0277777778
145875  -29.999  51.048  -1.372 0.0277777778
145876  -29.534  51.222  -1.819 0.0138888889
145877  -28.429  50.403  -1.826 0.0138888889
145878  -28.755  50.871  -2.043 0.0138888889
145892  -23.677  50.523  -2.180 0.0138888889
145933  -24.602  49.465  3.745 0.0138888889
145934  -24.311  49.804  3.315 0.0138888889
145935  -24.010  50.171  2.902 0.0138888889
145936  -23.540  50.607  2.559 0.0138888889
267  -42.946  37.002  -3.284 0.0138888889
745  -37.759  46.626  1.181 0.1111111111
746  -37.991  39.880  0.031 0.0694444444
747  -38.835  43.191  -4.451 0.0138888889
2665  -37.512  48.538  -0.993 0.0555555556
2666  -37.408  45.256  -1.920 0.0416666667
2667  -38.656  47.072  -3.996 0.0138888889
2668  -39.893  45.274  -6.021 0.0138888889
3678  -40.222  38.228  -1.774 0.0416666667
3679  -41.284  38.199  0.422 0.0277777778
5950  -37.555  42.172  2.153 0.1666666667
5951  -37.124  43.447  0.332 0.1250000000
5952  -37.930  41.239  -2.269 0.0555555556
5953  -40.149  39.497  -4.135 0.0138888889
7646  -39.135  39.575  1.801 0.0972222222
10345  -37.713  49.306  -2.312 0.0416666667
10346  -37.886  47.790  -2.596 0.0416666667
10347  -38.462  48.507  -3.695 0.0277777778
11358  -41.583  37.613  -2.554 0.0138888889
11359  -41.983  37.499  -1.513 0.0138888889
11360  -43.298  36.972  -2.191 0.0138888889
11362  -44.665  36.474  -2.973 0.0138888889
11364  -44.203  36.688  -4.005 0.0138888889
13755  -38.014  45.749  2.294 0.1666666667
13756  -37.563  44.305  1.811 0.1805555556
13757  -37.439  45.110  0.784 0.1111111111
13758  -38.000  44.252  -3.297 0.0277777778
13759  -37.492  43.321  -2.236 0.0416666667
13760  -38.363  42.315  -3.431 0.0277777778
13761  -39.013  40.374  -3.248 0.0277777778
13762  -39.311  41.360  -4.445 0.0138888889
16793  -37.497  40.998  1.038 0.1250000000
16794  -37.994  40.650  1.864 0.1111111111
16795  -38.485  39.631  0.918 0.0833333333
16797  -42.017  38.641  1.472 0.0277777778
23229  -37.428  47.533  0.087 0.0694444444
23230  -37.320  46.000  -0.385 0.0833333333
23231  -37.405  46.975  -1.409 0.0555555556
23232  -37.923  46.210  -3.002 0.0416666667
23233  -38.739  45.198  -4.402 0.0277777778
23234  -39.326  44.291  -5.317 0.0138888889
23235  -39.399  46.243  -5.061 0.0138888889
25052  -39.036  38.949  -0.935 0.0416666667
25053  -39.497  38.713  0.136 0.0555555556
25054  -40.677  37.992  -0.674 0.0277777778
29242  -38.201  43.226  3.306 0.2083333333
29243  -37.790  43.728  2.647 0.2083333333
29244  -37.263  42.654  1.324 0.1388888889
29245  -37.165  41.538  0.061 0.1111111111
29246  -37.160  44.351  -0.782 0.0972222222
29247  -37.192  42.296  -1.095 0.0694444444
29248  -37.742  40.403  -1.093 0.0694444444
29249  -38.872  39.511  -2.087 0.0416666667
29250  -40.114  38.708  -2.943 0.0416666667
29251  -41.380  37.972  -3.738 0.0138888889
29252  -42.558  37.478  -4.411 0.0138888889
33368  -38.078  41.785  2.985 0.1388888889
33369  -38.543  40.418  2.734 0.1250000000
33371  -40.083  38.877  1.122 0.0555555556
33372  -40.813  39.064  2.139 0.0555555556
33396  -43.773  37.146  -5.101 0.0138888889
33397  -44.920  36.907  -5.770 0.0138888889
35098  -37.464  50.036  -0.910 0.0416666667
41066  -38.055  48.871  -3.057 0.0416666667
42078  -42.263  37.323  -2.922 0.0138888889
42079  -42.423  37.255  -2.364 0.0138888889
42080  -43.111  36.945  -2.718 0.0138888889
42081  -44.020  36.697  -2.556 0.0138888889
42082  -43.810  36.677  -3.113 0.0138888889
42083  -44.434  36.554  -3.473 0.0138888889
42084  -43.589  36.810  -3.646 0.0138888889
44475  -37.930  46.168  1.724 0.1527777778
44476  -37.707  45.421  1.587 0.1527777778
44477  -37.626  45.885  0.993 0.1111111111
44478  -38.351  43.737  -3.899 0.0277777778
44479  -38.111  43.289  -3.404 0.0277777778
44480  -38.600  42.807  -3.972 0.0277777778
44481  -38.855  41.834  -3.949 0.0138888889
44482  -39.051  42.288  -4.515 0.0138888889
44483  -39.408  41.844  -4.921 0.0138888889
44484  -39.148  42.806  -4.950 0.0138888889
47513  -37.656  40.422  0.505 0.0972222222
47514  -37.910  40.266  0.953 0.0972222222
47515  -38.244  39.741  0.500 0.0833333333
54075  -37.446  48.046  -0.431 0.0416666667
54076  -37.375  47.248  -0.678 0.0555555556
54077  -37.485  47.766  -1.199 0.0555555556
54078  -38.247  47.477  -3.303 0.0277777778
54079  -37.891  47.067  -2.762 0.0277777778
54080  -38.273  46.652  -3.522 0.0277777778
54081  -38.310  45.711  -3.718 0.0138888889
54082  -38.727  46.166  -4.245 0.0138888889
54083  -39.080  45.730  -4.728 0.0138888889
54084  -39.026  46.678  -4.547 0.0138888889
57113  -39.641  38.573  -1.382 0.0416666667
57114  -39.819  38.407  -0.832 0.0416666667
57115  -40.442  38.074  -1.223 0.0416666667
57116  -42.839  37.313  -1.370 0.0138888889
57117  -42.176  37.534  -0.943 0.0138888889
57118  -43.083  37.398  -0.857 0.0138888889
57119  -43.355  37.588  -0.357 0.0138888889
64307  -37.992  44.452  2.898 0.1944444444
64308  -37.304  43.896  1.087 0.1527777778
64309  -37.356  43.535  1.585 0.1666666667
64310  -37.179  43.014  0.853 0.1250000000
64311  -37.154  42.101  0.666 0.1250000000
64312  -37.063  42.468  0.149 0.1250000000
64313  -37.294  45.654  -1.142 0.0416666667
64314  -37.233  45.204  -0.592 0.0694444444
64315  -37.250  44.807  -1.387 0.0555555556
64316  -37.649  42.302  -2.324 0.0555555556
64317  -37.335  42.822  -1.670 0.0555555556
64318  -37.501  41.762  -1.726 0.0833333333
64319  -37.373  41.285  -1.134 0.0694444444
64320  -37.789  40.775  -1.691 0.0694444444
64321  -38.239  39.937  -1.604 0.0555555556
64322  -38.332  40.330  -2.191 0.0416666667
64323  -39.582  39.925  -3.692 0.0277777778
64324  -39.514  39.492  -3.104 0.0416666667
64325  -40.117  39.051  -3.538 0.0277777778
64326  -40.715  38.333  -3.359 0.0138888889
64327  -40.704  38.692  -3.955 0.0138888889
64328  -41.308  38.383  -4.287 0.0138888889
64335  -39.609  44.793  -5.667 0.0138888889
64337  -39.833  44.287  -6.239 0.0138888889
73418  -37.827  42.694  2.739 0.1805555556
73419  -38.104  42.505  3.138 0.1527777778
73420  -37.772  41.975  2.551 0.1527777778
73421  -38.481  40.016  1.770 0.1111111111
73422  -38.286  40.535  2.281 0.1111111111
73423  -38.795  39.977  2.238 0.1111111111
73424  -39.106  39.870  2.791 0.1111111111
73425  -39.477  39.546  2.315 0.0972222222
73426  -40.394  38.396  0.289 0.0277777778
73427  -39.779  38.760  0.649 0.0694444444
73428  -40.706  38.513  0.802 0.0416666667
73430  -41.407  38.875  1.791 0.0277777778
73485  -42.435  37.839  -5.004 0.0138888889
73486  -43.193  37.290  -4.772 0.0138888889
73487  -43.019  37.608  -5.380 0.0138888889
77578  -37.408  50.409  -1.551 0.0277777778
92349  -37.573  48.938  -1.694 0.0416666667
92350  -37.618  48.140  -1.829 0.0416666667
92351  -37.831  48.532  -2.463 0.0416666667
92352  -38.204  48.170  -3.169 0.0277777778
92353  -38.601  47.848  -3.819 0.0277777778
92354  -38.915  47.527  -4.338 0.0138888889
92355  -38.808  48.213  -4.184 0.0138888889
94172  -40.924  37.917  -2.184 0.0277777778
94173  -41.087  37.751  -1.612 0.0138888889
94174  -41.758  37.517  -1.998 0.0138888889
94175  -42.627  37.264  -1.851 0.0138888889
94182  -45.264  36.350  -3.365 0.0138888889
94183  -45.024  36.432  -3.865 0.0138888889
94184  -44.778  36.550  -4.388 0.0138888889
98487  -38.162  45.440  2.769 0.2083333333
98488  -37.897  44.699  2.508 0.1944444444
98489  -37.782  45.016  2.093 0.1805555556
98490  -37.492  44.686  1.327 0.1527777778
98491  -37.256  44.302  0.558 0.1250000000
98492  -37.663  44.792  -2.620 0.0416666667
98493  -37.428  44.306  -2.119 0.0416666667
98494  -37.707  43.783  -2.812 0.0277777778
98495  -37.874  42.782  -2.873 0.0277777778
98496  -38.145  41.747  -2.841 0.0416666667
98497  -38.489  40.763  -2.763 0.0416666667
98498  -38.649  41.282  -3.360 0.0277777778
98499  -39.165  40.867  -3.845 0.0277777778
98500  -39.707  40.365  -4.286 0.0138888889
103955  -37.403  41.587  1.572 0.1250000000
103956  -37.673  41.405  1.986 0.1527777778
103957  -37.717  40.821  1.467 0.1250000000
103958  -38.217  40.142  1.378 0.0972222222
103959  -38.829  39.589  1.372 0.0972222222
103961  -41.617  38.402  0.943 0.0277777778
103962  -42.580  38.391  1.045 0.0138888889
115641  -37.514  47.097  0.648 0.0833333333
115642  -37.431  46.356  0.424 0.0694444444
115643  -37.359  46.763  -0.153 0.0833333333
115644  -37.327  46.459  -0.910 0.0555555556
115645  -37.401  46.144  -1.644 0.0416666667
115646  -37.586  47.394  -2.013 0.0416666667
115647  -37.600  46.596  -2.221 0.0416666667
115648  -37.643  45.727  -2.429 0.0416666667
115649  -37.970  45.226  -3.151 0.0277777778
115650  -38.354  44.699  -3.833 0.0277777778
115651  -38.737  44.169  -4.414 0.0277777778
115652  -39.024  43.752  -4.900 0.0138888889
115653  -39.062  44.743  -4.840 0.0138888889
115654  -39.378  45.259  -5.182 0.0138888889
115655  -39.652  45.755  -5.517 0.0138888889
119894  -38.463  39.383  -0.417 0.0694444444
119895  -38.703  39.233  0.079 0.0555555556
119896  -39.227  38.828  -0.349 0.0555555556
119897  -40.058  38.372  -0.274 0.0416666667
119898  -40.942  38.045  -0.151 0.0277777778
129840  -37.967  43.455  2.982 0.2083333333
129841  -37.619  42.938  2.381 0.1944444444
129842  -37.663  43.970  2.253 0.1944444444
129843  -37.471  43.210  2.000 0.1666666667
129844  -37.352  42.397  1.754 0.1388888889
129845  -37.287  41.800  1.159 0.1250000000
129846  -37.270  41.226  0.577 0.1250000000
129847  -37.469  40.661  0.023 0.0972222222
129848  -37.379  45.604  0.181 0.0694444444
129849  -37.209  44.772  0.001 0.0972222222
129850  -37.110  43.895  -0.201 0.1111111111
129851  -37.258  43.865  -1.536 0.0694444444
129852  -37.146  43.410  -0.956 0.0972222222
129853  -37.072  42.903  -0.351 0.1111111111
129854  -37.129  41.886  -0.463 0.0972222222
129855  -37.324  40.930  -0.538 0.0694444444
129856  -37.746  40.044  -0.511 0.0694444444
129857  -38.305  39.630  -1.019 0.0555555556
129858  -38.911  39.179  -1.517 0.0416666667
129859  -39.526  38.789  -1.948 0.0416666667
129860  -38.881  39.914  -2.673 0.0416666667
129861  -39.466  39.081  -2.518 0.0416666667
129862  -40.151  38.451  -2.368 0.0416666667
129863  -40.778  38.084  -2.772 0.0138888889
129864  -41.460  37.774  -3.144 0.0138888889
129865  -42.159  37.395  -3.502 0.0138888889
129866  -42.756  37.209  -3.850 0.0138888889
129867  -42.002  37.728  -4.064 0.0138888889
129868  -41.890  38.085  -4.624 0.0138888889
129876  -39.325  43.325  -5.403 0.0138888889
141256  -38.340  41.549  3.381 0.1250000000
141257  -37.944  41.219  2.396 0.1388888889
141258  -38.186  41.093  2.827 0.1250000000
141259  -38.472  40.865  3.303 0.1250000000
141260  -38.811  40.204  3.286 0.1111111111
141263  -38.961  39.171  0.543 0.0694444444
141264  -39.200  39.162  1.009 0.0694444444
141265  -39.539  39.220  1.452 0.0555555556
141266  -41.033  38.719  1.288 0.0277777778
141267  -40.422  39.048  1.559 0.0277777778
141268  -39.940  39.295  1.951 0.0555555556
141269  -40.290  39.233  2.534 0.0555555556
141336  -43.375  37.005  -4.197 0.0138888889
141337  -43.973  36.864  -4.541 0.0138888889
141338  -44.564  36.759  -4.893 0.0138888889
141339  -43.596  37.464  -5.724 0.0138888889
141340  -44.344  37.022  -5.417 0.0138888889
141341  -45.181  36.639  -5.214 0.0138888889
146306  -37.750  47.353  1.269 0.0972222222
146307  -37.590  47.806  0.745 0.0694444444
146308  -37.502  48.285  0.231 0.0694444444
146309  -37.514  48.793  -0.298 0.0416666667
146312  -37.507  49.274  -0.946 0.0416666667
146313  -37.490  49.712  -1.622 0.0416666667
146314  -37.585  50.012  -2.246 0.0277777778
