#!ascii label  , from subject fsaverage vox2ras=TkReg
622
265  -39.025  44.027  4.493 0.1944444444
387  -33.555  50.683  4.499 0.1527777778
394  -37.308  45.252  12.834 0.2638888889
898  -36.577  49.469  9.206 0.2083333333
1881  -38.102  44.979  8.417 0.2777777778
1882  -38.918  49.581  5.644 0.1666666667
4134  -37.696  45.263  10.563 0.3194444444
4135  -35.032  49.472  6.422 0.1944444444
4136  -37.751  49.781  7.436 0.1944444444
4137  -36.348  50.853  5.125 0.1944444444
4138  -37.575  51.123  3.659 0.1250000000
5949  -38.309  45.155  3.120 0.2083333333
6201  -32.451  49.177  5.585 0.1527777778
6223  -37.548  48.385  13.660 0.1388888889
6224  -38.238  48.309  11.197 0.1527777778
6226  -33.957  48.942  8.460 0.1527777778
8261  -39.050  44.628  6.500 0.2083333333
8262  -38.292  47.541  9.229 0.2638888889
8263  -38.909  47.241  7.210 0.2638888889
8264  -39.364  46.383  4.850 0.2500000000
8265  -38.558  48.105  3.301 0.1666666667
11355  -39.259  43.275  5.340 0.1805555556
11775  -34.231  51.520  4.050 0.1250000000
11808  -37.110  45.240  14.015 0.2500000000
11810  -36.380  43.866  13.484 0.2500000000
11812  -36.610  43.926  12.319 0.2361111111
11814  -37.497  45.334  11.738 0.2777777778
11815  -34.241  49.896  5.253 0.1805555556
11816  -35.684  50.189  5.747 0.2083333333
11817  -34.868  50.756  4.762 0.1805555556
11818  -35.548  51.501  4.278 0.1527777778
14176  -31.133  49.119  5.427 0.1111111111
14213  -36.833  49.807  12.565 0.1111111111
14216  -33.518  49.048  9.537 0.1250000000
14217  -32.868  48.718  7.973 0.1388888889
14218  -33.270  48.838  6.915 0.1527777778
18160  -37.619  43.792  9.074 0.3194444444
18164  -38.526  44.850  7.404 0.2083333333
18165  -37.377  49.077  10.349 0.1666666667
18166  -38.355  47.894  10.162 0.2222222222
18167  -37.651  48.781  9.382 0.2500000000
18168  -38.537  49.980  6.616 0.2083333333
18169  -38.669  48.716  7.576 0.3055555556
18170  -39.198  48.390  6.474 0.2361111111
18171  -39.281  46.866  6.103 0.2500000000
18172  -39.339  47.888  5.314 0.2500000000
18173  -38.984  47.162  4.165 0.2222222222
18174  -38.890  48.885  4.470 0.1944444444
25874  -37.832  45.093  9.411 0.3055555556
25875  -35.749  49.397  7.821 0.1805555556
25876  -37.106  49.535  8.326 0.2083333333
25877  -36.391  49.954  7.030 0.2083333333
25878  -37.154  50.428  6.316 0.2083333333
25879  -37.763  50.609  5.629 0.1527777778
25880  -38.284  50.496  4.705 0.1666666667
25881  -37.009  51.248  4.529 0.1250000000
29241  -38.598  44.637  3.819 0.2083333333
29829  -32.968  49.874  4.994 0.1666666667
29830  -32.279  50.441  4.195 0.1250000000
29831  -31.634  49.747  4.835 0.1250000000
29879  -37.110  46.854  15.587 0.1666666667
29880  -37.347  46.766  14.493 0.1388888889
29881  -37.812  46.714  13.364 0.2083333333
29882  -38.239  46.781  12.196 0.2222222222
29883  -37.960  48.365  12.416 0.1527777778
29884  -37.171  49.534  11.394 0.1111111111
29885  -36.192  49.617  10.221 0.1388888889
29887  -34.782  49.444  9.979 0.1527777778
29888  -35.248  49.240  8.867 0.1527777778
29889  -34.471  49.024  7.355 0.1805555556
29890  -33.734  49.188  5.904 0.1666666667
35081  -39.365  44.447  5.529 0.1805555556
35082  -38.441  46.766  10.958 0.2361111111
35083  -38.307  46.485  9.831 0.2500000000
35084  -38.222  46.246  8.791 0.2916666667
35085  -38.143  48.714  8.499 0.3055555556
35086  -38.497  47.398  8.219 0.2777777778
35087  -38.494  46.052  7.752 0.2638888889
35088  -38.865  45.859  6.712 0.2222222222
35089  -39.230  45.590  5.750 0.2361111111
35090  -39.173  45.180  4.733 0.2222222222
35091  -38.935  45.763  3.940 0.2222222222
35092  -38.512  46.437  3.269 0.1944444444
35093  -38.146  47.237  2.254 0.1527777778
35094  -38.392  49.797  3.576 0.1805555556
35095  -37.997  48.931  2.366 0.1527777778
42075  -39.225  43.648  4.877 0.1666666667
42495  -33.894  51.124  4.241 0.1666666667
42496  -33.598  51.352  3.827 0.1111111111
42497  -33.288  50.958  4.104 0.1250000000
42528  -37.209  45.218  13.418 0.2083333333
42529  -36.752  44.557  13.730 0.2361111111
42530  -36.866  44.555  13.131 0.2361111111
42531  -36.490  43.893  12.881 0.2361111111
42532  -36.949  44.585  12.550 0.2500000000
42533  -37.038  44.622  12.003 0.2777777778
42534  -37.400  45.287  12.277 0.2500000000
42535  -33.857  50.278  4.882 0.1805555556
42536  -34.533  50.317  5.020 0.1805555556
42537  -34.167  50.713  4.636 0.1666666667
42538  -34.500  51.161  4.400 0.1666666667
44938  -32.512  48.677  7.161 0.1111111111
48880  -37.864  44.396  8.743 0.2638888889
48882  -38.094  44.367  8.250 0.2638888889
48884  -38.298  44.922  7.909 0.2500000000
48885  -36.946  49.306  9.794 0.2083333333
48886  -37.493  48.927  9.860 0.1944444444
48887  -37.150  49.214  9.327 0.2083333333
48888  -38.769  49.797  6.162 0.1944444444
48889  -38.990  49.219  6.602 0.2361111111
48890  -39.145  49.001  6.076 0.2222222222
48891  -39.341  48.157  5.910 0.2222222222
48892  -39.193  48.732  5.499 0.1944444444
48893  -39.160  48.384  4.925 0.2083333333
48894  -38.944  49.291  5.064 0.1805555556
58480  -37.294  44.563  10.902 0.3194444444
58482  -37.355  44.512  10.307 0.3333333333
58483  -37.536  44.483  9.770 0.2916666667
58484  -37.760  45.188  9.977 0.2777777778
58485  -35.401  49.413  7.170 0.1805555556
58486  -36.061  49.656  7.442 0.1944444444
58487  -35.713  49.697  6.753 0.1944444444
58488  -36.012  50.552  5.470 0.2083333333
58489  -36.406  50.370  6.058 0.2083333333
58490  -36.741  50.606  5.768 0.2083333333
58491  -37.495  50.570  6.032 0.1666666667
58492  -37.070  50.792  5.445 0.1944444444
58493  -37.377  50.941  5.101 0.1666666667
58494  -36.687  51.078  4.861 0.1527777778
58495  -35.194  51.959  3.945 0.1388888889
58496  -35.880  51.860  4.009 0.1111111111
64305  -38.425  44.901  3.472 0.2222222222
64306  -38.157  44.199  3.248 0.2222222222
65565  -32.710  49.500  5.297 0.1388888889
65566  -32.276  49.843  4.942 0.1388888889
65567  -32.000  49.513  5.244 0.1250000000
65673  -37.293  48.337  14.266 0.1250000000
65674  -37.318  47.538  14.668 0.1250000000
65675  -37.519  47.573  14.109 0.1388888889
65676  -37.571  46.729  13.925 0.1805555556
65677  -37.763  47.551  13.519 0.1527777778
65678  -38.000  47.531  12.903 0.1666666667
65679  -37.853  48.380  13.018 0.1388888889
65681  -37.017  49.662  11.963 0.1111111111
65683  -36.665  49.638  10.835 0.1388888889
65684  -36.007  49.790  10.747 0.1111111111
65688  -33.749  49.001  9.011 0.1250000000
65689  -34.141  49.262  9.814 0.1250000000
65690  -34.368  49.183  9.260 0.1111111111
65691  -34.981  49.341  9.423 0.1388888889
65692  -34.580  49.078  8.665 0.1527777778
65693  -34.847  49.101  8.121 0.1666666667
65694  -34.219  48.935  7.899 0.1666666667
65695  -32.882  48.921  6.173 0.1527777778
65696  -33.494  48.964  6.362 0.1666666667
65697  -33.103  49.156  5.736 0.1527777778
65698  -33.337  49.498  5.395 0.1666666667
77532  -39.233  44.079  6.460 0.2222222222
77533  -39.331  43.984  5.942 0.2083333333
77534  -39.284  44.532  6.033 0.1944444444
77535  -38.436  47.595  11.682 0.2083333333
77536  -38.387  46.823  11.564 0.2500000000
77537  -38.596  47.564  11.073 0.1666666667
77538  -38.283  47.690  9.695 0.2361111111
77539  -38.467  47.164  10.028 0.2222222222
77540  -38.382  47.010  9.534 0.2500000000
77541  -38.225  46.358  9.294 0.2777777778
77542  -38.287  46.893  9.017 0.2916666667
77543  -37.433  49.697  7.878 0.2222222222
77544  -37.691  49.222  8.454 0.2777777778
77545  -38.005  49.284  8.031 0.2777777778
77546  -38.841  47.980  7.431 0.2916666667
77547  -38.616  48.051  7.918 0.3055555556
77548  -38.709  47.333  7.743 0.2916666667
77549  -38.518  46.730  8.002 0.2777777778
77550  -38.703  46.635  7.457 0.2638888889
77551  -38.682  45.960  7.224 0.2638888889
77552  -38.902  46.518  6.933 0.2500000000
77553  -39.349  46.663  5.499 0.2361111111
77554  -39.225  46.248  5.876 0.2500000000
77555  -39.303  46.030  5.323 0.2638888889
77556  -39.272  45.405  5.256 0.2083333333
77557  -39.253  45.748  4.787 0.2222222222
77558  -39.079  45.461  4.324 0.2222222222
77559  -39.162  46.059  4.371 0.2222222222
77560  -38.783  47.628  3.755 0.1805555556
77561  -38.731  46.801  3.701 0.2083333333
77562  -38.604  47.224  3.256 0.1805555556
77563  -38.365  46.839  2.788 0.1805555556
77564  -38.360  47.650  2.765 0.1527777778
77565  -37.929  50.849  4.174 0.1666666667
77566  -38.376  50.153  4.139 0.1527777778
77567  -38.035  50.553  3.648 0.1388888889
94923  -34.585  51.913  3.810 0.1250000000
94925  -33.949  51.723  3.567 0.1111111111
94982  -36.982  45.328  14.621 0.2361111111
94984  -36.700  44.610  14.336 0.2500000000
94992  -36.728  43.917  11.796 0.2500000000
94993  -37.166  44.612  11.481 0.2916666667
94994  -37.612  45.328  11.158 0.3055555556
94995  -34.664  49.614  5.750 0.1805555556
94996  -35.348  49.799  6.019 0.1944444444
94997  -34.961  50.019  5.478 0.1805555556
94998  -35.288  50.440  5.206 0.1805555556
94999  -35.614  50.814  4.913 0.1805555556
95000  -35.960  51.129  4.667 0.1666666667
95001  -35.200  51.129  4.512 0.1805555556
95002  -34.858  51.540  4.184 0.1388888889
99243  -32.243  48.939  5.988 0.1527777778
99244  -31.765  49.163  5.520 0.1250000000
99245  -31.585  48.891  5.857 0.1111111111
99311  -37.356  49.188  13.161 0.1111111111
99318  -33.180  48.825  8.737 0.1111111111
99319  -33.392  48.818  8.223 0.1250000000
99320  -33.620  48.829  7.700 0.1527777778
99321  -33.059  48.780  7.495 0.1250000000
99322  -32.681  48.776  6.656 0.1388888889
106424  -38.767  44.757  6.933 0.2222222222
106425  -37.846  48.804  10.782 0.1805555556
106426  -38.348  48.154  10.641 0.1805555556
106427  -37.906  48.542  10.283 0.1944444444
106428  -37.979  48.341  9.803 0.2361111111
106429  -38.078  48.215  9.349 0.2361111111
106430  -38.176  49.952  7.034 0.1944444444
106431  -38.350  49.415  7.587 0.2638888889
106432  -38.658  49.346  7.092 0.2361111111
106433  -38.950  48.601  7.049 0.2916666667
106434  -39.090  47.839  6.904 0.2916666667
106435  -39.108  47.088  6.664 0.2638888889
106436  -39.273  47.601  6.311 0.2638888889
106437  -39.368  47.363  5.715 0.2361111111
106438  -39.383  47.077  5.099 0.2361111111
106439  -39.187  46.748  4.530 0.2361111111
106440  -39.180  47.525  4.721 0.2222222222
106441  -38.973  48.020  4.318 0.1944444444
106442  -38.752  48.507  3.860 0.1944444444
106443  -37.283  51.536  3.187 0.1111111111
121813  -37.705  44.440  9.234 0.3055555556
121814  -37.976  45.036  8.887 0.2916666667
121815  -36.172  49.449  8.551 0.1527777778
121816  -36.820  49.475  8.755 0.1805555556
121817  -36.424  49.595  8.127 0.1805555556
121818  -36.736  49.775  7.690 0.2222222222
121819  -37.074  49.963  7.241 0.1944444444
121820  -36.082  50.009  6.318 0.1805555556
121821  -36.802  50.194  6.617 0.2222222222
121822  -37.494  50.254  6.857 0.1944444444
121823  -37.875  50.330  6.502 0.1666666667
121824  -38.220  50.401  6.155 0.1805555556
121825  -38.410  50.268  5.701 0.1805555556
121826  -38.552  50.030  5.166 0.1805555556
121827  -38.026  50.604  5.196 0.1527777778
121828  -37.676  50.962  4.652 0.1527777778
121829  -37.355  51.268  4.125 0.1250000000
121830  -36.310  51.449  4.391 0.1388888889
121832  -36.997  51.632  3.643 0.1111111111
129837  -38.834  44.370  4.140 0.2083333333
129838  -38.635  43.670  3.906 0.2083333333
131433  -33.241  50.280  4.748 0.1388888889
131434  -32.943  50.568  4.370 0.1250000000
131435  -32.587  50.215  4.641 0.1388888889
131436  -31.873  50.168  4.530 0.1250000000
131438  -31.384  49.397  5.129 0.1250000000
131570  -37.187  47.549  15.254 0.1250000000
131572  -37.156  46.044  14.878 0.2083333333
131573  -37.277  45.981  14.276 0.1944444444
131574  -37.454  45.940  13.688 0.1944444444
131575  -37.688  45.978  13.152 0.2500000000
131576  -37.778  46.011  12.560 0.2500000000
131577  -37.998  46.757  12.774 0.2083333333
131578  -38.175  47.561  12.297 0.1666666667
131579  -38.145  48.348  11.788 0.1527777778
131580  -37.547  49.145  12.545 0.1388888889
131581  -37.679  49.099  11.957 0.1388888889
131582  -37.757  48.972  11.322 0.1388888889
131583  -37.282  49.300  10.876 0.1250000000
131584  -36.804  49.461  10.341 0.1388888889
131585  -36.342  49.449  9.699 0.1527777778
131589  -33.895  49.303  10.280 0.1250000000
131590  -34.531  49.520  10.483 0.1250000000
131591  -35.302  49.746  10.691 0.1111111111
131592  -35.490  49.578  10.124 0.1527777778
131593  -35.682  49.441  9.580 0.1388888889
131594  -35.930  49.383  9.048 0.1666666667
131595  -35.500  49.279  8.318 0.2083333333
131596  -35.112  49.206  7.588 0.1805555556
131597  -34.723  49.176  6.834 0.1805555556
131598  -33.848  48.885  7.116 0.1666666667
131599  -34.099  49.042  6.578 0.1666666667
131600  -34.379  49.302  6.125 0.1944444444
131601  -33.989  49.529  5.546 0.1666666667
131602  -33.566  49.870  5.080 0.1944444444
145856  -32.699  50.760  3.924 0.1250000000
146259  -39.260  43.407  5.850 0.1805555556
146260  -39.367  43.848  5.424 0.1805555556
146261  -39.270  44.287  5.006 0.1805555556
146262  -37.898  46.056  11.992 0.2500000000
146263  -38.073  46.069  11.382 0.2638888889
146264  -38.098  46.017  10.782 0.2916666667
146265  -38.547  47.425  10.515 0.1944444444
146266  -38.432  46.647  10.368 0.2777777778
146267  -38.106  45.932  10.167 0.3055555556
146268  -38.069  45.804  9.613 0.2916666667
146269  -38.104  45.690  9.065 0.2916666667
146270  -38.158  45.587  8.581 0.2500000000
146271  -37.404  49.209  8.905 0.2222222222
146272  -37.862  48.709  8.926 0.2777777778
146273  -38.182  48.106  8.856 0.2777777778
146274  -38.389  48.706  8.031 0.3055555556
146275  -38.394  48.075  8.389 0.2916666667
146276  -38.359  47.451  8.720 0.2638888889
146277  -38.370  46.809  8.512 0.3055555556
146278  -38.336  46.150  8.281 0.3055555556
146279  -38.303  45.518  8.085 0.2777777778
146280  -38.474  45.411  7.547 0.2361111111
146281  -38.683  45.319  7.045 0.2361111111
146282  -38.923  45.222  6.581 0.2222222222
146283  -39.084  46.410  6.422 0.2500000000
146284  -39.072  45.763  6.226 0.2222222222
146285  -39.166  45.069  6.129 0.2222222222
146286  -39.283  44.974  5.644 0.2222222222
146287  -39.280  44.878  5.145 0.1944444444
146288  -39.146  44.674  4.640 0.2083333333
146289  -38.964  44.942  4.261 0.2361111111
146290  -38.819  45.190  3.870 0.2222222222
146291  -38.682  45.488  3.562 0.2083333333
146292  -38.961  46.385  4.042 0.2361111111
146293  -38.676  46.063  3.647 0.2222222222
146294  -38.445  45.772  3.218 0.2083333333
146295  -38.282  46.097  2.804 0.1944444444
146296  -38.163  46.457  2.288 0.1666666667
146297  -37.963  46.913  1.763 0.1388888889
146298  -38.721  49.719  4.619 0.1805555556
146299  -38.659  49.347  4.028 0.1944444444
146300  -38.487  48.973  3.406 0.1805555556
146301  -37.997  50.111  3.103 0.1250000000
146302  -38.188  49.358  2.978 0.1666666667
146303  -38.259  48.537  2.776 0.1666666667
146304  -38.070  48.084  2.258 0.1527777778
146305  -37.918  47.688  1.809 0.1250000000
58  -34.464  35.725  12.220 0.1527777778
1629  -36.921  40.433  7.371 0.1944444444
3675  -38.666  42.340  6.117 0.1527777778
3676  -37.976  39.691  5.503 0.1250000000
3677  -38.487  41.248  3.860 0.1527777778
4132  -36.155  42.611  11.956 0.2361111111
4133  -37.059  42.597  9.960 0.2500000000
7641  -35.259  37.987  9.104 0.1944444444
7642  -35.068  35.158  9.376 0.1111111111
8249  -35.722  36.032  14.990 0.1388888889
8258  -35.360  38.354  11.743 0.1805555556
8259  -36.528  40.487  9.507 0.1944444444
8260  -37.977  42.656  7.838 0.2638888889
10755  -34.694  34.497  13.864 0.1388888889
11356  -38.713  41.847  5.089 0.1527777778
11357  -38.775  42.655  4.143 0.1527777778
11811  -35.940  42.509  13.063 0.2361111111
11813  -36.933  43.880  11.247 0.2916666667
16785  -36.265  39.308  8.222 0.1805555556
16786  -35.861  37.763  7.909 0.1388888889
16787  -36.635  39.128  7.092 0.1388888889
18155  -36.113  39.725  12.969 0.2222222222
18156  -35.801  38.456  13.071 0.1805555556
18157  -35.953  39.646  11.767 0.1944444444
18158  -35.819  39.447  10.484 0.2083333333
18159  -36.337  40.572  10.684 0.2222222222
18161  -37.482  42.630  8.936 0.2222222222
18162  -38.108  43.759  8.085 0.2361111111
18163  -38.670  43.642  7.186 0.2361111111
25047  -37.758  41.344  6.704 0.1805555556
25048  -37.326  40.106  6.386 0.1666666667
25049  -38.108  41.009  5.744 0.1527777778
25050  -38.491  40.495  4.715 0.1250000000
25051  -38.966  39.916  3.765 0.1111111111
25871  -36.527  41.529  10.831 0.2222222222
25872  -36.599  42.564  10.928 0.2222222222
25873  -37.200  43.848  10.135 0.3055555556
33357  -34.599  36.865  10.526 0.1666666667
33358  -34.416  35.455  10.670 0.1250000000
33359  -34.926  36.578  9.054 0.1388888889
33360  -35.874  36.299  7.924 0.1250000000
33362  -37.308  38.743  6.165 0.1388888889
35045  -34.964  35.800  13.685 0.1388888889
35071  -35.387  37.165  13.347 0.1527777778
35072  -34.786  37.055  11.946 0.1527777778
35073  -35.191  38.197  10.384 0.1944444444
35074  -35.956  39.366  9.274 0.1805555556
35075  -36.663  40.548  8.418 0.1805555556
35076  -36.914  41.559  9.746 0.2083333333
35077  -37.148  41.613  8.642 0.2083333333
35078  -37.355  41.506  7.592 0.2361111111
35079  -38.383  42.510  6.914 0.2222222222
35080  -39.149  43.507  6.341 0.2083333333
41475  -34.510  35.079  13.048 0.1250000000
41476  -34.417  34.295  13.121 0.1111111111
41477  -34.325  34.898  12.300 0.1250000000
42076  -39.078  42.989  4.730 0.1666666667
42077  -38.915  43.347  4.309 0.1805555556
47505  -36.614  39.944  7.779 0.1666666667
47506  -36.441  39.269  7.689 0.1388888889
47507  -36.765  39.827  7.230 0.1805555556
48875  -36.083  40.217  12.406 0.2222222222
48876  -35.983  39.685  12.411 0.1944444444
48878  -36.148  40.130  11.194 0.2083333333
48879  -36.285  40.650  11.296 0.2361111111
48881  -37.840  43.768  8.581 0.2361111111
48883  -38.349  44.334  7.745 0.2916666667
57105  -38.248  41.809  6.422 0.1805555556
57106  -37.918  41.164  6.243 0.1805555556
57107  -38.326  41.717  5.921 0.1666666667
57108  -38.671  41.593  4.469 0.1527777778
57109  -38.542  41.194  4.831 0.1527777778
57110  -38.590  40.890  4.327 0.1250000000
57111  -38.679  40.222  4.225 0.1111111111
57112  -38.622  40.559  3.790 0.1111111111
58475  -35.931  42.006  12.379 0.2500000000
58476  -35.976  41.493  12.305 0.2500000000
58477  -36.085  42.019  11.827 0.2361111111
58478  -36.289  41.985  11.305 0.2222222222
58479  -36.370  42.578  11.435 0.2500000000
58481  -37.066  43.847  10.693 0.2916666667
73395  -34.912  37.439  9.750 0.1944444444
73396  -34.699  36.721  9.795 0.1805555556
73397  -35.067  37.316  9.035 0.1805555556
73398  -36.242  37.663  7.381 0.1111111111
73399  -35.784  36.995  7.861 0.1388888889
73400  -36.299  36.893  7.370 0.1111111111
73403  -37.586  39.950  5.922 0.1388888889
73404  -37.274  39.484  6.272 0.1388888889
73405  -37.642  39.254  5.847 0.1111111111
77442  -35.600  35.365  15.118 0.1111111111
77443  -35.173  35.246  14.498 0.1250000000
77444  -35.336  35.905  14.357 0.1388888889
77507  -36.226  37.857  14.410 0.1666666667
77508  -35.528  38.425  12.396 0.1805555556
77509  -35.578  37.809  13.211 0.1805555556
77510  -35.266  37.745  12.548 0.1805555556
77511  -35.038  37.123  12.649 0.1805555556
77512  -35.045  37.699  11.833 0.1805555556
77513  -34.860  37.620  11.137 0.1805555556
77514  -35.218  38.266  11.066 0.1805555556
77515  -36.167  39.996  9.962 0.2083333333
77516  -35.864  39.416  9.871 0.2083333333
77517  -36.238  39.992  9.377 0.1944444444
77518  -36.366  39.928  8.833 0.1805555556
77519  -36.627  40.484  8.941 0.1805555556
77520  -36.811  42.020  10.404 0.2222222222
77521  -36.755  41.527  10.346 0.2222222222
77522  -37.050  42.036  9.866 0.2083333333
77523  -37.735  42.666  8.358 0.2361111111
77524  -37.354  42.131  8.786 0.2083333333
77525  -37.556  42.133  8.244 0.2222222222
77526  -37.252  41.596  8.107 0.2083333333
77527  -37.697  42.089  7.721 0.2361111111
77528  -37.905  42.019  7.248 0.2222222222
77529  -38.213  42.627  7.342 0.2222222222
77530  -38.896  44.167  6.863 0.2222222222
77531  -38.914  43.577  6.751 0.2222222222
84533  -34.659  35.298  9.986 0.1111111111
84534  -34.416  34.700  10.812 0.1111111111
84535  -34.705  34.581  10.211 0.1111111111
93089  -34.670  33.750  13.940 0.1111111111
94167  -39.029  42.828  5.766 0.1666666667
94168  -38.698  42.159  5.603 0.1527777778
94169  -39.010  42.598  5.204 0.1666666667
94170  -38.859  42.311  4.607 0.1666666667
94171  -38.602  41.948  3.984 0.1527777778
94990  -36.314  43.244  12.125 0.2222222222
94991  -36.500  43.234  11.610 0.2361111111
103941  -35.824  38.647  8.643 0.1805555556
103942  -35.580  37.883  8.501 0.1666666667
103943  -36.057  38.571  8.073 0.1805555556
103944  -36.281  38.469  7.492 0.1250000000
103946  -38.338  39.452  5.054 0.1111111111
106408  -36.110  38.479  13.682 0.1805555556
106409  -36.026  39.116  12.991 0.1805555556
106410  -35.769  39.090  12.332 0.1805555556
106411  -35.689  39.055  11.661 0.1944444444
106412  -35.568  38.935  11.064 0.1944444444
106413  -35.884  39.558  11.113 0.1944444444
106414  -36.125  40.034  10.548 0.2083333333
106415  -36.448  40.516  10.083 0.1944444444
106416  -37.323  43.188  9.501 0.2916666667
106417  -37.284  42.610  9.430 0.2361111111
106418  -37.546  43.186  8.969 0.2638888889
106419  -37.827  43.208  8.452 0.2361111111
106420  -38.116  43.188  7.946 0.2500000000
106421  -38.350  43.149  7.471 0.2500000000
106422  -38.384  43.713  7.618 0.2500000000
106423  -38.600  44.276  7.288 0.2500000000
110624  -35.710  35.033  8.823 0.1111111111
110625  -35.268  34.501  9.638 0.1111111111
119883  -37.299  40.861  7.028 0.1805555556
119884  -37.122  40.254  6.861 0.1527777778
119885  -37.490  40.675  6.536 0.1805555556
119886  -37.652  40.536  6.054 0.1527777778
119887  -37.992  40.351  5.591 0.1250000000
119888  -38.459  41.469  5.412 0.1388888889
119889  -38.327  40.779  5.230 0.1388888889
119890  -38.265  40.090  5.112 0.1250000000
119891  -38.593  39.837  4.634 0.1111111111
121803  -36.036  41.081  12.331 0.2361111111
121805  -36.315  41.108  11.301 0.2222222222
121806  -36.299  41.534  11.289 0.2222222222
121807  -36.540  42.009  10.847 0.2222222222
121808  -36.831  42.564  10.439 0.2361111111
121809  -36.713  43.182  11.064 0.2500000000
121810  -36.890  43.172  10.538 0.2361111111
121811  -37.105  43.204  10.042 0.2777777778
121812  -37.411  43.824  9.594 0.3055555556
129839  -38.354  43.931  3.532 0.2083333333
141225  -34.484  36.308  11.372 0.1666666667
141226  -34.348  35.591  11.401 0.1527777778
141227  -34.470  36.161  10.606 0.1666666667
141228  -34.625  36.013  9.880 0.1250000000
141229  -34.929  35.827  9.167 0.1111111111
141230  -35.405  37.133  8.432 0.1527777778
141231  -35.358  36.421  8.461 0.1388888889
141232  -35.472  35.723  8.587 0.1250000000
141236  -36.958  39.690  6.731 0.1388888889
141237  -36.935  38.953  6.601 0.1388888889
141238  -36.959  38.158  6.496 0.1111111111
141254  -38.559  42.978  3.724 0.1805555556
141255  -38.402  42.240  3.534 0.1527777778
146151  -35.065  34.591  14.631 0.1250000000
146152  -34.775  35.127  13.788 0.1388888889
146153  -34.672  35.749  12.964 0.1250000000
146228  -35.874  36.683  14.801 0.1388888889
146229  -35.900  37.845  13.833 0.1666666667
146230  -35.705  37.231  13.986 0.1666666667
146231  -35.526  36.577  14.192 0.1527777778
146232  -35.191  36.493  13.506 0.1388888889
146233  -34.854  36.440  12.823 0.1666666667
146234  -34.615  36.394  12.103 0.1527777778
146235  -34.629  36.961  11.256 0.1805555556
146236  -34.883  37.545  10.415 0.1805555556
146237  -35.214  38.108  9.709 0.2083333333
146238  -35.504  38.834  10.423 0.1944444444
146239  -35.555  38.784  9.785 0.2083333333
146240  -35.610  38.685  9.173 0.1944444444
146241  -36.107  39.311  8.726 0.1805555556
146242  -36.472  39.946  8.299 0.1666666667
146243  -36.769  40.515  7.889 0.2083333333
146244  -36.467  41.076  10.801 0.2222222222
146245  -36.648  41.060  10.223 0.1944444444
146246  -36.748  41.024  9.630 0.1944444444
146247  -37.199  42.082  9.315 0.2361111111
146248  -37.040  41.573  9.177 0.2083333333
146249  -36.866  41.016  9.057 0.2222222222
146250  -36.912  41.083  8.521 0.1944444444
146251  -36.981  41.063  7.999 0.2083333333
146252  -37.063  40.945  7.483 0.1944444444
146253  -37.575  41.438  7.134 0.2222222222
146254  -38.091  41.926  6.817 0.1944444444
146255  -38.554  42.407  6.508 0.1944444444
146256  -38.591  43.083  7.031 0.2361111111
146257  -38.807  42.982  6.610 0.2083333333
146258  -38.948  42.923  6.231 0.1666666667
154686  -34.234  34.823  11.487 0.1250000000
154687  -34.306  34.020  11.605 0.1111111111
44937  -32.312  48.581  7.662 0.1111111111
6202  -31.193  49.733  3.608 0.1111111111
29832  -30.527  49.282  4.438 0.1111111111
65569  -30.821  49.225  4.968 0.1250000000
65570  -30.287  49.023  4.764 0.1111111111
65571  -30.042  48.952  4.140 0.1111111111
77198  -31.681  50.163  3.938 0.1250000000
131437  -31.360  49.848  4.283 0.1250000000
131439  -31.076  49.516  4.647 0.1250000000
131440  -30.847  49.505  3.997 0.1111111111
745  -37.759  46.626  1.181 0.1111111111
5950  -37.555  42.172  2.153 0.1666666667
5951  -37.124  43.447  0.332 0.1250000000
13755  -38.014  45.749  2.294 0.1666666667
13756  -37.563  44.305  1.811 0.1805555556
13757  -37.439  45.110  0.784 0.1111111111
16793  -37.497  40.998  1.038 0.1250000000
16794  -37.994  40.650  1.864 0.1111111111
29242  -38.201  43.226  3.306 0.2083333333
29243  -37.790  43.728  2.647 0.2083333333
29244  -37.263  42.654  1.324 0.1388888889
29245  -37.165  41.538  0.061 0.1111111111
33368  -38.078  41.785  2.985 0.1388888889
33369  -38.543  40.418  2.734 0.1250000000
44475  -37.930  46.168  1.724 0.1527777778
44476  -37.707  45.421  1.587 0.1527777778
44477  -37.626  45.885  0.993 0.1111111111
64307  -37.992  44.452  2.898 0.1944444444
64308  -37.304  43.896  1.087 0.1527777778
64309  -37.356  43.535  1.585 0.1666666667
64310  -37.179  43.014  0.853 0.1250000000
64311  -37.154  42.101  0.666 0.1250000000
64312  -37.063  42.468  0.149 0.1250000000
73418  -37.827  42.694  2.739 0.1805555556
73419  -38.104  42.505  3.138 0.1527777778
73420  -37.772  41.975  2.551 0.1527777778
73421  -38.481  40.016  1.770 0.1111111111
73422  -38.286  40.535  2.281 0.1111111111
73423  -38.795  39.977  2.238 0.1111111111
73424  -39.106  39.870  2.791 0.1111111111
98487  -38.162  45.440  2.769 0.2083333333
98488  -37.897  44.699  2.508 0.1944444444
98489  -37.782  45.016  2.093 0.1805555556
98490  -37.492  44.686  1.327 0.1527777778
98491  -37.256  44.302  0.558 0.1250000000
103955  -37.403  41.587  1.572 0.1250000000
103956  -37.673  41.405  1.986 0.1527777778
103957  -37.717  40.821  1.467 0.1250000000
129840  -37.967  43.455  2.982 0.2083333333
129841  -37.619  42.938  2.381 0.1944444444
129842  -37.663  43.970  2.253 0.1944444444
129843  -37.471  43.210  2.000 0.1666666667
129844  -37.352  42.397  1.754 0.1388888889
129845  -37.287  41.800  1.159 0.1250000000
129846  -37.270  41.226  0.577 0.1250000000
129850  -37.110  43.895  -0.201 0.1111111111
129853  -37.072  42.903  -0.351 0.1111111111
141256  -38.340  41.549  3.381 0.1250000000
141257  -37.944  41.219  2.396 0.1388888889
141258  -38.186  41.093  2.827 0.1250000000
141259  -38.472  40.865  3.303 0.1250000000
141260  -38.811  40.204  3.286 0.1111111111
