#!ascii label  , from subject fsaverage vox2ras=TkReg
233
394  -37.308  45.252  12.834 0.2638888889
898  -36.577  49.469  9.206 0.2083333333
1881  -38.102  44.979  8.417 0.2777777778
4134  -37.696  45.263  10.563 0.3194444444
5949  -38.309  45.155  3.120 0.2083333333
8261  -39.050  44.628  6.500 0.2083333333
8262  -38.292  47.541  9.229 0.2638888889
8263  -38.909  47.241  7.210 0.2638888889
8264  -39.364  46.383  4.850 0.2500000000
11808  -37.110  45.240  14.015 0.2500000000
11810  -36.380  43.866  13.484 0.2500000000
11812  -36.610  43.926  12.319 0.2361111111
11814  -37.497  45.334  11.738 0.2777777778
11816  -35.684  50.189  5.747 0.2083333333
18160  -37.619  43.792  9.074 0.3194444444
18164  -38.526  44.850  7.404 0.2083333333
18166  -38.355  47.894  10.162 0.2222222222
18167  -37.651  48.781  9.382 0.2500000000
18168  -38.537  49.980  6.616 0.2083333333
18169  -38.669  48.716  7.576 0.3055555556
18170  -39.198  48.390  6.474 0.2361111111
18171  -39.281  46.866  6.103 0.2500000000
18172  -39.339  47.888  5.314 0.2500000000
18173  -38.984  47.162  4.165 0.2222222222
25874  -37.832  45.093  9.411 0.3055555556
25876  -37.106  49.535  8.326 0.2083333333
25877  -36.391  49.954  7.030 0.2083333333
25878  -37.154  50.428  6.316 0.2083333333
29241  -38.598  44.637  3.819 0.2083333333
29881  -37.812  46.714  13.364 0.2083333333
29882  -38.239  46.781  12.196 0.2222222222
35082  -38.441  46.766  10.958 0.2361111111
35083  -38.307  46.485  9.831 0.2500000000
35084  -38.222  46.246  8.791 0.2916666667
35085  -38.143  48.714  8.499 0.3055555556
35086  -38.497  47.398  8.219 0.2777777778
35087  -38.494  46.052  7.752 0.2638888889
35088  -38.865  45.859  6.712 0.2222222222
35089  -39.230  45.590  5.750 0.2361111111
35090  -39.173  45.180  4.733 0.2222222222
35091  -38.935  45.763  3.940 0.2222222222
42528  -37.209  45.218  13.418 0.2083333333
42529  -36.752  44.557  13.730 0.2361111111
42530  -36.866  44.555  13.131 0.2361111111
42531  -36.490  43.893  12.881 0.2361111111
42532  -36.949  44.585  12.550 0.2500000000
42533  -37.038  44.622  12.003 0.2777777778
42534  -37.400  45.287  12.277 0.2500000000
48880  -37.864  44.396  8.743 0.2638888889
48882  -38.094  44.367  8.250 0.2638888889
48884  -38.298  44.922  7.909 0.2500000000
48885  -36.946  49.306  9.794 0.2083333333
48887  -37.150  49.214  9.327 0.2083333333
48889  -38.990  49.219  6.602 0.2361111111
48890  -39.145  49.001  6.076 0.2222222222
48891  -39.341  48.157  5.910 0.2222222222
48893  -39.160  48.384  4.925 0.2083333333
58480  -37.294  44.563  10.902 0.3194444444
58482  -37.355  44.512  10.307 0.3333333333
58483  -37.536  44.483  9.770 0.2916666667
58484  -37.760  45.188  9.977 0.2777777778
58488  -36.012  50.552  5.470 0.2083333333
58489  -36.406  50.370  6.058 0.2083333333
58490  -36.741  50.606  5.768 0.2083333333
64305  -38.425  44.901  3.472 0.2222222222
64306  -38.157  44.199  3.248 0.2222222222
77532  -39.233  44.079  6.460 0.2222222222
77533  -39.331  43.984  5.942 0.2083333333
77535  -38.436  47.595  11.682 0.2083333333
77536  -38.387  46.823  11.564 0.2500000000
77538  -38.283  47.690  9.695 0.2361111111
77539  -38.467  47.164  10.028 0.2222222222
77540  -38.382  47.010  9.534 0.2500000000
77541  -38.225  46.358  9.294 0.2777777778
77542  -38.287  46.893  9.017 0.2916666667
77543  -37.433  49.697  7.878 0.2222222222
77544  -37.691  49.222  8.454 0.2777777778
77545  -38.005  49.284  8.031 0.2777777778
77546  -38.841  47.980  7.431 0.2916666667
77547  -38.616  48.051  7.918 0.3055555556
77548  -38.709  47.333  7.743 0.2916666667
77549  -38.518  46.730  8.002 0.2777777778
77550  -38.703  46.635  7.457 0.2638888889
77551  -38.682  45.960  7.224 0.2638888889
77552  -38.902  46.518  6.933 0.2500000000
77553  -39.349  46.663  5.499 0.2361111111
77554  -39.225  46.248  5.876 0.2500000000
77555  -39.303  46.030  5.323 0.2638888889
77556  -39.272  45.405  5.256 0.2083333333
77557  -39.253  45.748  4.787 0.2222222222
77558  -39.079  45.461  4.324 0.2222222222
77559  -39.162  46.059  4.371 0.2222222222
77561  -38.731  46.801  3.701 0.2083333333
94982  -36.982  45.328  14.621 0.2361111111
94984  -36.700  44.610  14.336 0.2500000000
94992  -36.728  43.917  11.796 0.2500000000
94993  -37.166  44.612  11.481 0.2916666667
94994  -37.612  45.328  11.158 0.3055555556
106424  -38.767  44.757  6.933 0.2222222222
106428  -37.979  48.341  9.803 0.2361111111
106429  -38.078  48.215  9.349 0.2361111111
106431  -38.350  49.415  7.587 0.2638888889
106432  -38.658  49.346  7.092 0.2361111111
106433  -38.950  48.601  7.049 0.2916666667
106434  -39.090  47.839  6.904 0.2916666667
106435  -39.108  47.088  6.664 0.2638888889
106436  -39.273  47.601  6.311 0.2638888889
106437  -39.368  47.363  5.715 0.2361111111
106438  -39.383  47.077  5.099 0.2361111111
106439  -39.187  46.748  4.530 0.2361111111
106440  -39.180  47.525  4.721 0.2222222222
121813  -37.705  44.440  9.234 0.3055555556
121814  -37.976  45.036  8.887 0.2916666667
121818  -36.736  49.775  7.690 0.2222222222
121821  -36.802  50.194  6.617 0.2222222222
129837  -38.834  44.370  4.140 0.2083333333
129838  -38.635  43.670  3.906 0.2083333333
131572  -37.156  46.044  14.878 0.2083333333
131575  -37.688  45.978  13.152 0.2500000000
131576  -37.778  46.011  12.560 0.2500000000
131577  -37.998  46.757  12.774 0.2083333333
131595  -35.500  49.279  8.318 0.2083333333
146262  -37.898  46.056  11.992 0.2500000000
146263  -38.073  46.069  11.382 0.2638888889
146264  -38.098  46.017  10.782 0.2916666667
146266  -38.432  46.647  10.368 0.2777777778
146267  -38.106  45.932  10.167 0.3055555556
146268  -38.069  45.804  9.613 0.2916666667
146269  -38.104  45.690  9.065 0.2916666667
146270  -38.158  45.587  8.581 0.2500000000
146271  -37.404  49.209  8.905 0.2222222222
146272  -37.862  48.709  8.926 0.2777777778
146273  -38.182  48.106  8.856 0.2777777778
146274  -38.389  48.706  8.031 0.3055555556
146275  -38.394  48.075  8.389 0.2916666667
146276  -38.359  47.451  8.720 0.2638888889
146277  -38.370  46.809  8.512 0.3055555556
146278  -38.336  46.150  8.281 0.3055555556
146279  -38.303  45.518  8.085 0.2777777778
146280  -38.474  45.411  7.547 0.2361111111
146281  -38.683  45.319  7.045 0.2361111111
146282  -38.923  45.222  6.581 0.2222222222
146283  -39.084  46.410  6.422 0.2500000000
146284  -39.072  45.763  6.226 0.2222222222
146285  -39.166  45.069  6.129 0.2222222222
146286  -39.283  44.974  5.644 0.2222222222
146288  -39.146  44.674  4.640 0.2083333333
146289  -38.964  44.942  4.261 0.2361111111
146290  -38.819  45.190  3.870 0.2222222222
146291  -38.682  45.488  3.562 0.2083333333
146292  -38.961  46.385  4.042 0.2361111111
146293  -38.676  46.063  3.647 0.2222222222
146294  -38.445  45.772  3.218 0.2083333333
4132  -36.155  42.611  11.956 0.2361111111
4133  -37.059  42.597  9.960 0.2500000000
8260  -37.977  42.656  7.838 0.2638888889
11811  -35.940  42.509  13.063 0.2361111111
11813  -36.933  43.880  11.247 0.2916666667
18155  -36.113  39.725  12.969 0.2222222222
18158  -35.819  39.447  10.484 0.2083333333
18159  -36.337  40.572  10.684 0.2222222222
18161  -37.482  42.630  8.936 0.2222222222
18162  -38.108  43.759  8.085 0.2361111111
18163  -38.670  43.642  7.186 0.2361111111
25871  -36.527  41.529  10.831 0.2222222222
25872  -36.599  42.564  10.928 0.2222222222
25873  -37.200  43.848  10.135 0.3055555556
35076  -36.914  41.559  9.746 0.2083333333
35077  -37.148  41.613  8.642 0.2083333333
35078  -37.355  41.506  7.592 0.2361111111
35079  -38.383  42.510  6.914 0.2222222222
35080  -39.149  43.507  6.341 0.2083333333
48875  -36.083  40.217  12.406 0.2222222222
48878  -36.148  40.130  11.194 0.2083333333
48879  -36.285  40.650  11.296 0.2361111111
48881  -37.840  43.768  8.581 0.2361111111
48883  -38.349  44.334  7.745 0.2916666667
58475  -35.931  42.006  12.379 0.2500000000
58476  -35.976  41.493  12.305 0.2500000000
58477  -36.085  42.019  11.827 0.2361111111
58478  -36.289  41.985  11.305 0.2222222222
58479  -36.370  42.578  11.435 0.2500000000
58481  -37.066  43.847  10.693 0.2916666667
77515  -36.167  39.996  9.962 0.2083333333
77516  -35.864  39.416  9.871 0.2083333333
77520  -36.811  42.020  10.404 0.2222222222
77521  -36.755  41.527  10.346 0.2222222222
77522  -37.050  42.036  9.866 0.2083333333
77523  -37.735  42.666  8.358 0.2361111111
77524  -37.354  42.131  8.786 0.2083333333
77525  -37.556  42.133  8.244 0.2222222222
77526  -37.252  41.596  8.107 0.2083333333
77527  -37.697  42.089  7.721 0.2361111111
77528  -37.905  42.019  7.248 0.2222222222
77529  -38.213  42.627  7.342 0.2222222222
77530  -38.896  44.167  6.863 0.2222222222
77531  -38.914  43.577  6.751 0.2222222222
94990  -36.314  43.244  12.125 0.2222222222
94991  -36.500  43.234  11.610 0.2361111111
106414  -36.125  40.034  10.548 0.2083333333
106416  -37.323  43.188  9.501 0.2916666667
106417  -37.284  42.610  9.430 0.2361111111
106418  -37.546  43.186  8.969 0.2638888889
106419  -37.827  43.208  8.452 0.2361111111
106420  -38.116  43.188  7.946 0.2500000000
106421  -38.350  43.149  7.471 0.2500000000
106422  -38.384  43.713  7.618 0.2500000000
106423  -38.600  44.276  7.288 0.2500000000
121803  -36.036  41.081  12.331 0.2361111111
121805  -36.315  41.108  11.301 0.2222222222
121806  -36.299  41.534  11.289 0.2222222222
121807  -36.540  42.009  10.847 0.2222222222
121808  -36.831  42.564  10.439 0.2361111111
121809  -36.713  43.182  11.064 0.2500000000
121810  -36.890  43.172  10.538 0.2361111111
121811  -37.105  43.204  10.042 0.2777777778
121812  -37.411  43.824  9.594 0.3055555556
129839  -38.354  43.931  3.532 0.2083333333
146237  -35.214  38.108  9.709 0.2083333333
146239  -35.555  38.784  9.785 0.2083333333
146243  -36.769  40.515  7.889 0.2083333333
146244  -36.467  41.076  10.801 0.2222222222
146247  -37.199  42.082  9.315 0.2361111111
146248  -37.040  41.573  9.177 0.2083333333
146249  -36.866  41.016  9.057 0.2222222222
146251  -36.981  41.063  7.999 0.2083333333
146253  -37.575  41.438  7.134 0.2222222222
146256  -38.591  43.083  7.031 0.2361111111
146257  -38.807  42.982  6.610 0.2083333333
29242  -38.201  43.226  3.306 0.2083333333
29243  -37.790  43.728  2.647 0.2083333333
98487  -38.162  45.440  2.769 0.2083333333
129840  -37.967  43.455  2.982 0.2083333333
