#!ascii label  , from subject fsaverage vox2ras=TkReg
176
896  -36.822  45.505  17.163 0.2777777778
4128  -36.931  45.364  15.177 0.2222222222
4129  -36.792  43.061  16.770 0.3055555556
8253  -37.689  43.802  18.883 0.2500000000
8254  -38.665  41.557  18.444 0.3055555556
8255  -39.102  39.131  18.582 0.2361111111
11809  -36.336  43.933  14.646 0.2500000000
18143  -36.788  45.538  18.181 0.2083333333
18145  -37.095  44.475  17.983 0.2638888889
18146  -36.846  41.868  16.452 0.3194444444
18147  -37.593  42.224  17.527 0.3194444444
18148  -37.959  41.145  17.203 0.2916666667
18149  -38.898  40.403  18.424 0.2222222222
18150  -38.126  39.980  17.254 0.2638888889
18151  -38.310  38.762  17.415 0.2500000000
25862  -36.848  45.493  16.147 0.2500000000
25863  -36.874  44.237  16.918 0.2777777778
25864  -36.554  44.060  15.821 0.2916666667
25865  -36.235  42.807  15.614 0.2916666667
35058  -37.306  43.435  17.790 0.3472222222
35059  -38.204  42.746  18.625 0.2916666667
35064  -39.218  37.909  18.657 0.2222222222
48863  -36.796  45.523  17.690 0.2638888889
48864  -36.974  45.007  18.082 0.2500000000
48865  -36.925  44.897  17.539 0.2500000000
48866  -36.982  41.324  16.349 0.3333333333
48867  -37.409  41.502  16.821 0.3055555556
48868  -37.533  40.968  16.677 0.3194444444
48869  -38.041  40.531  17.188 0.2777777778
48870  -37.619  40.357  16.594 0.2916666667
58463  -36.891  45.406  15.678 0.2500000000
58464  -36.759  44.703  15.960 0.2777777778
58465  -36.712  44.682  15.456 0.2500000000
58467  -36.178  43.347  15.083 0.2777777778
58469  -36.155  42.193  15.496 0.2777777778
65644  -40.602  34.457  25.140 0.2083333333
77471  -37.475  44.272  18.977 0.2083333333
77473  -37.767  43.938  19.474 0.2222222222
77475  -38.084  43.437  19.375 0.2222222222
77476  -36.809  43.617  16.858 0.2916666667
77477  -37.028  43.776  17.380 0.3194444444
77478  -37.059  43.226  17.299 0.3194444444
77479  -38.121  41.868  17.940 0.3333333333
77480  -37.891  42.499  18.029 0.3194444444
77481  -38.446  42.159  18.497 0.2638888889
77482  -38.760  42.455  19.078 0.2361111111
77483  -38.999  41.837  19.042 0.2638888889
77485  -39.179  41.242  18.987 0.2500000000
77486  -39.009  39.766  18.507 0.2222222222
77487  -39.479  39.898  19.056 0.2222222222
77488  -39.604  39.284  19.065 0.2361111111
77490  -39.723  38.716  19.106 0.2222222222
77491  -39.777  38.136  19.109 0.2083333333
77492  -39.179  38.516  18.662 0.2361111111
94983  -36.713  44.629  14.899 0.2361111111
94985  -36.328  43.893  14.061 0.2500000000
106387  -37.014  45.080  18.569 0.2083333333
106388  -37.186  44.617  18.528 0.2083333333
106389  -37.363  44.115  18.415 0.2916666667
106390  -36.797  42.476  16.621 0.3055555556
106391  -37.125  42.643  17.169 0.3333333333
106392  -37.258  42.025  16.981 0.3194444444
106393  -37.796  41.649  17.371 0.2916666667
106394  -38.322  41.299  17.811 0.3055555556
106395  -38.784  41.037  18.354 0.2777777778
106396  -38.450  40.742  17.760 0.2638888889
106397  -38.527  40.154  17.832 0.2361111111
106398  -38.605  39.593  17.921 0.2361111111
106399  -38.681  38.951  18.018 0.2222222222
106400  -38.216  39.417  17.338 0.2500000000
121784  -36.855  45.517  16.643 0.2777777778
121785  -36.873  44.847  17.015 0.2638888889
121786  -36.815  44.799  16.490 0.2916666667
121787  -36.698  44.127  16.373 0.3194444444
121788  -36.570  43.483  16.295 0.2777777778
121789  -36.450  43.999  15.252 0.2777777778
121790  -36.371  43.428  15.715 0.2916666667
121791  -36.498  42.924  16.250 0.2916666667
121792  -36.446  42.321  16.112 0.3055555556
121793  -36.490  41.734  15.940 0.3194444444
131557  -36.736  46.162  17.372 0.2638888889
131566  -36.834  46.190  16.852 0.2500000000
131567  -36.902  46.231  16.353 0.2361111111
131568  -36.948  46.170  15.873 0.2222222222
131569  -37.041  46.103  15.387 0.2222222222
146190  -36.996  44.326  17.445 0.2777777778
146191  -37.223  43.933  17.867 0.3194444444
146192  -37.550  43.628  18.325 0.3055555556
146193  -37.421  42.837  17.681 0.3055555556
146194  -37.745  43.104  18.218 0.3333333333
146195  -37.972  43.292  18.800 0.3333333333
146196  -38.408  42.924  19.251 0.2500000000
146202  -39.346  40.595  18.991 0.2222222222
146210  -39.327  37.287  18.711 0.2222222222
146211  -38.725  38.315  18.113 0.2500000000
146212  -38.763  37.712  18.196 0.2361111111
1877  -37.420  36.287  17.076 0.2083333333
1879  -37.123  40.825  16.174 0.3333333333
1880  -36.208  40.707  11.827 0.2361111111
4130  -35.887  42.574  14.295 0.2638888889
4131  -36.202  40.686  13.971 0.2916666667
8256  -37.625  38.577  16.300 0.2638888889
18152  -37.474  39.714  16.074 0.2638888889
18153  -36.039  40.644  12.928 0.2500000000
18154  -36.451  39.738  13.983 0.2500000000
25856  -38.461  36.495  17.994 0.2222222222
25866  -36.156  41.613  15.346 0.3055555556
25867  -36.485  40.652  15.076 0.3333333333
25868  -35.893  41.507  14.132 0.2638888889
25869  -35.904  41.486  12.887 0.2361111111
25870  -36.108  41.514  11.759 0.2083333333
35065  -38.344  37.554  17.715 0.2361111111
35066  -37.480  37.447  16.701 0.2500000000
35067  -37.026  39.730  14.905 0.2777777778
35068  -36.998  38.484  15.273 0.2361111111
48850  -38.019  35.863  17.658 0.2222222222
48852  -37.492  35.773  17.230 0.2083333333
48853  -37.026  35.694  16.792 0.2083333333
48854  -36.997  36.238  16.627 0.2083333333
48871  -37.738  39.825  16.685 0.2638888889
48872  -37.310  40.274  16.070 0.2916666667
48873  -36.073  40.659  12.377 0.2361111111
48874  -36.108  40.241  12.957 0.2222222222
58454  -38.947  36.610  18.399 0.2222222222
58466  -36.057  43.241  14.437 0.2777777778
58468  -35.999  42.677  14.957 0.2916666667
58470  -35.907  42.098  14.863 0.2638888889
58471  -35.953  41.589  14.755 0.2916666667
58472  -35.809  41.999  14.236 0.2777777778
58473  -36.027  42.588  12.505 0.2222222222
58474  -35.876  41.950  12.947 0.2361111111
77493  -37.938  38.653  16.865 0.2500000000
77494  -38.333  38.130  17.569 0.2361111111
77495  -37.973  38.074  17.023 0.2638888889
77496  -37.917  37.495  17.190 0.2500000000
77497  -37.569  38.010  16.496 0.2500000000
77498  -36.323  40.672  14.513 0.3055555556
77499  -36.742  40.218  14.970 0.3194444444
77500  -36.566  40.247  14.455 0.3194444444
77501  -36.517  39.115  14.079 0.2083333333
77502  -36.751  39.116  14.550 0.2361111111
77503  -36.778  38.462  14.803 0.2222222222
77504  -36.886  37.896  15.520 0.2361111111
94986  -36.027  43.187  13.854 0.2638888889
94987  -35.889  42.538  13.702 0.2638888889
94988  -36.084  43.186  13.268 0.2361111111
94989  -36.215  43.228  12.676 0.2222222222
106401  -37.848  39.235  16.754 0.2500000000
106402  -37.561  39.153  16.147 0.2777777778
106403  -36.087  40.680  13.473 0.2500000000
106404  -36.386  40.269  13.968 0.2638888889
106405  -36.190  40.256  13.505 0.2361111111
106406  -36.256  39.786  13.510 0.2083333333
121772  -37.945  36.392  17.545 0.2083333333
121794  -36.600  41.198  15.777 0.3333333333
121795  -36.766  40.710  15.620 0.3611111111
121796  -36.287  41.110  15.198 0.3194444444
121797  -36.126  41.108  14.619 0.2916666667
121798  -36.033  41.089  14.025 0.2916666667
121799  -35.833  41.962  13.596 0.2638888889
121800  -35.856  41.462  13.508 0.2638888889
121801  -35.970  41.101  13.427 0.2638888889
121802  -35.972  41.072  12.875 0.2500000000
121804  -36.205  41.146  11.801 0.2222222222
146213  -38.830  37.129  18.295 0.2222222222
146214  -38.386  37.013  17.857 0.2500000000
146215  -37.911  36.956  17.386 0.2500000000
146216  -37.418  36.892  16.909 0.2083333333
146217  -37.026  40.200  15.495 0.3333333333
146218  -37.210  39.675  15.491 0.2777777778
146219  -37.284  39.102  15.584 0.2500000000
146220  -36.713  39.725  14.452 0.3055555556
146221  -37.027  39.111  15.027 0.2500000000
146222  -37.278  38.495  15.759 0.2500000000
146223  -37.150  37.921  16.002 0.2638888889
146224  -37.088  37.379  16.230 0.2222222222
