#!ascii label  , from subject fsaverage vox2ras=TkReg
603
389  39.337  48.923  2.386 0.1527777778
1467  36.104  49.290  12.378 0.1250000000
1468  39.320  49.615  9.700 0.1388888889
1469  39.084  45.633  13.211 0.2222222222
1868  40.112  45.957  5.681 0.3472222222
3406  38.511  48.737  13.522 0.1388888889
4102  38.509  46.771  0.598 0.1388888889
4103  38.676  45.889  9.329 0.4027777778
4104  39.681  47.843  7.787 0.3472222222
4105  39.139  44.510  7.269 0.4166666667
7263  35.080  49.858  10.115 0.1388888889
7266  38.773  47.319  11.374 0.2916666667
7267  38.210  44.250  11.007 0.4166666667
7282  33.594  48.225  11.676 0.1388888889
8223  40.100  49.390  6.149 0.2083333333
8224  40.257  47.119  4.168 0.2638888889
8226  40.846  44.015  4.160 0.2916666667
8227  39.332  45.213  2.592 0.1666666667
11781  39.056  48.518  0.410 0.1388888889
11782  38.859  47.969  1.466 0.1527777778
11783  38.455  44.366  9.105 0.4166666667
11784  38.946  45.286  8.412 0.4305555556
15975  35.543  49.548  11.181 0.1111111111
15976  36.481  50.376  10.688 0.1388888889
15977  36.990  49.818  11.759 0.1388888889
15978  39.038  47.275  13.464 0.2083333333
15979  38.818  48.038  12.374 0.2083333333
15980  38.796  46.448  12.330 0.2916666667
15981  38.482  45.682  11.231 0.3888888889
15982  38.610  44.966  12.026 0.3333333333
16017  34.771  48.821  12.010 0.1388888889
16018  34.352  49.010  10.884 0.1388888889
18071  39.888  46.862  6.730 0.3611111111
18072  40.011  48.741  6.961 0.2638888889
18073  40.238  47.581  5.913 0.2916666667
18074  40.353  48.252  5.079 0.3055555556
18075  40.495  46.527  4.921 0.3055555556
18082  40.290  44.684  3.251 0.2638888889
24564  38.879  48.150  14.601 0.1250000000
25814  39.354  48.900  -0.513 0.1111111111
25815  38.829  47.284  -0.313 0.1111111111
25817  38.980  47.739  9.468 0.3055555556
25818  39.449  48.785  8.714 0.2222222222
25819  39.180  46.965  8.550 0.3750000000
25820  39.440  46.119  7.612 0.4305555556
25821  39.706  45.314  6.565 0.4166666667
29839  39.618  49.877  3.218 0.1388888889
32331  34.718  49.910  8.974 0.1111111111
32332  35.674  50.922  8.667 0.1111111111
32333  36.047  50.841  9.744 0.1388888889
32335  38.728  50.184  10.517 0.1111111111
32336  38.219  49.455  12.303 0.1111111111
32337  38.758  49.062  11.452 0.1805555556
32338  38.957  48.463  10.477 0.2222222222
32339  38.607  46.640  10.310 0.3472222222
32340  38.318  44.918  10.140 0.4305555556
32344  39.203  45.089  13.910 0.1944444444
32346  39.210  43.627  13.697 0.2222222222
32347  39.025  44.192  12.906 0.2500000000
32348  38.489  43.496  11.826 0.3472222222
32382  32.770  47.820  13.776 0.1111111111
34967  39.747  49.769  7.966 0.1388888889
34970  40.037  50.106  5.238 0.1388888889
34971  39.999  49.054  4.202 0.1805555556
34972  39.634  47.986  3.364 0.1527777778
34975  39.872  44.354  5.608 0.3888888889
34978  40.590  44.978  4.887 0.3194444444
34979  40.621  45.606  4.091 0.3055555556
34980  39.876  46.182  3.418 0.1944444444
34981  39.105  46.986  2.593 0.1527777778
34982  38.613  45.989  1.682 0.1527777778
42498  39.426  49.859  2.288 0.1250000000
42499  39.329  50.200  1.724 0.1111111111
42500  39.255  49.379  1.822 0.1388888889
42501  39.106  48.873  1.358 0.1388888889
42502  39.077  48.493  1.933 0.1527777778
46695  35.834  49.369  11.732 0.1250000000
46696  36.282  49.709  11.455 0.1111111111
46697  36.538  49.548  12.050 0.1111111111
46698  39.084  46.458  13.392 0.2083333333
46699  38.946  46.857  12.916 0.2222222222
46700  38.905  46.034  12.772 0.2638888889
46701  38.701  45.656  12.177 0.3194444444
46702  38.855  45.295  12.598 0.2777777778
46735  35.616  49.040  12.871 0.1388888889
46736  34.985  48.784  12.663 0.1388888889
46737  35.443  49.055  12.207 0.1250000000
46738  35.144  49.161  11.607 0.1388888889
48791  39.951  46.420  6.143 0.3750000000
48792  40.099  47.218  6.295 0.3333333333
48793  40.212  46.720  5.785 0.3055555556
48794  40.415  47.015  5.417 0.3055555556
48795  40.357  46.225  5.303 0.3194444444
56300  38.948  47.896  15.091 0.1111111111
56302  39.151  47.129  14.905 0.1388888889
58382  39.444  49.550  -0.149 0.1111111111
58383  38.784  47.694  0.476 0.1388888889
58384  38.945  47.910  0.035 0.1388888889
58385  38.668  47.058  0.107 0.1388888889
58386  38.610  46.391  -0.255 0.1111111111
58388  38.806  46.792  9.372 0.3611111111
58389  39.045  47.332  8.966 0.3611111111
58390  38.899  46.428  8.914 0.4166666667
58391  39.057  44.906  7.839 0.4166666667
58392  39.192  45.725  8.010 0.4166666667
58393  39.312  45.318  7.485 0.4166666667
58394  39.567  45.695  7.069 0.4166666667
58395  39.380  44.924  6.932 0.4166666667
65586  39.436  50.719  3.124 0.1111111111
70965  34.874  49.898  9.569 0.1250000000
70966  35.335  50.444  9.402 0.1388888889
70967  35.504  50.385  9.939 0.1250000000
70968  37.251  50.361  10.943 0.1111111111
70969  37.034  50.733  10.457 0.1111111111
70970  37.713  50.552  10.687 0.1111111111
70972  38.287  50.206  10.856 0.1388888889
70973  38.062  49.292  13.360 0.1111111111
70974  37.850  49.544  12.674 0.1388888889
70975  38.361  49.079  12.893 0.1388888889
70976  38.838  47.651  11.878 0.2777777778
70977  38.794  48.531  11.937 0.1805555556
70978  38.844  48.176  11.432 0.2222222222
70979  38.893  48.768  10.974 0.1944444444
70980  38.864  47.814  10.916 0.2500000000
70981  38.808  47.561  10.392 0.3194444444
70982  38.663  47.027  10.863 0.3055555556
70983  38.359  44.925  11.080 0.4027777778
70984  38.338  45.280  10.649 0.3888888889
70985  38.225  44.567  10.577 0.4305555556
70986  38.230  44.249  10.020 0.4305555556
70994  39.148  45.545  14.560 0.1805555556
71002  39.135  43.914  13.282 0.2361111111
71003  38.995  43.525  12.767 0.2361111111
71004  38.760  43.860  12.334 0.3055555556
71005  38.693  43.159  12.269 0.2638888889
71086  32.837  47.825  14.286 0.1111111111
71087  33.393  48.045  13.935 0.1111111111
71088  33.751  48.195  12.265 0.1250000000
71095  34.718  49.382  10.461 0.1250000000
71097  34.510  49.424  9.897 0.1388888889
71098  34.315  49.390  9.351 0.1250000000
77251  39.545  48.327  8.229 0.2916666667
77252  39.617  49.268  8.351 0.2222222222
77253  39.721  48.798  7.855 0.2083333333
77254  40.100  49.102  6.569 0.2222222222
77255  40.020  49.652  7.077 0.1805555556
77256  39.999  49.961  6.674 0.1388888889
77258  39.995  50.252  6.261 0.1250000000
77260  40.087  49.698  5.731 0.1805555556
77261  40.351  47.683  4.589 0.2916666667
77262  40.208  48.613  4.684 0.2222222222
77263  40.109  48.017  4.198 0.2222222222
77264  39.863  48.512  3.758 0.1527777778
77265  39.906  47.524  3.793 0.1944444444
77277  40.604  43.130  4.161 0.2777777778
77279  40.529  43.624  4.558 0.3472222222
77280  40.429  44.152  4.918 0.3611111111
77281  40.726  44.483  4.531 0.3194444444
77282  40.734  45.292  4.498 0.3194444444
77283  40.847  44.840  4.103 0.3194444444
77284  39.806  44.932  2.956 0.2222222222
77285  40.129  45.409  3.357 0.2361111111
77286  39.628  45.682  3.011 0.1527777778
77287  39.407  46.520  3.077 0.1388888889
77288  39.178  46.063  2.630 0.1527777778
77289  38.804  46.524  2.199 0.1527777778
77290  38.898  45.589  2.193 0.1388888889
94934  39.170  49.177  0.848 0.1388888889
94935  38.922  48.306  0.909 0.1388888889
94936  38.663  47.395  1.016 0.1666666667
94937  38.543  45.088  9.292 0.4166666667
94938  38.786  45.601  8.888 0.4027777778
94939  38.673  44.831  8.770 0.4444444444
102483  35.306  49.726  10.669 0.1250000000
102484  35.744  50.197  10.431 0.1250000000
102485  36.000  49.993  10.917 0.1250000000
102486  36.749  50.064  11.185 0.1250000000
102487  37.453  50.027  11.475 0.1111111111
102488  38.852  48.043  13.520 0.1666666667
102489  38.731  48.419  12.957 0.1805555556
102490  38.933  47.643  12.879 0.2083333333
102491  38.855  47.244  12.359 0.2638888889
102492  38.761  46.850  11.851 0.3055555556
102493  38.631  46.500  11.319 0.3472222222
102494  38.650  46.067  11.791 0.3472222222
102495  38.526  45.318  11.643 0.3611111111
102496  38.397  44.599  11.502 0.3611111111
102558  34.368  48.481  12.466 0.1250000000
102559  34.156  48.546  11.865 0.1527777778
102560  33.960  48.589  11.289 0.1527777778
102561  34.549  48.909  11.453 0.1527777778
102562  34.909  49.284  11.057 0.1111111111
106255  39.817  47.329  7.283 0.3333333333
106256  39.864  48.297  7.360 0.3194444444
106257  39.979  47.771  6.846 0.3055555556
106258  40.097  48.214  6.431 0.3055555556
106259  40.175  48.492  6.026 0.2777777778
106260  40.189  48.794  5.614 0.2500000000
106261  40.318  47.873  5.495 0.2777777778
106262  40.428  47.357  4.982 0.2916666667
106263  40.414  46.801  4.522 0.2916666667
106273  40.620  43.602  3.676 0.2638888889
106274  40.635  44.392  3.678 0.2500000000
106275  40.418  43.981  3.218 0.2500000000
106276  39.998  44.214  2.872 0.2222222222
106277  39.498  44.447  2.571 0.1805555556
106278  39.023  44.739  2.211 0.1805555556
118749  36.291  49.302  13.059 0.1250000000
118750  36.786  49.489  12.686 0.1111111111
118756  38.724  48.437  14.077 0.1250000000
118757  39.029  47.741  14.051 0.1388888889
118758  39.172  46.956  13.939 0.1527777778
118759  39.143  46.152  13.759 0.2083333333
121672  39.266  48.249  -0.833 0.1250000000
121673  39.215  48.733  -0.042 0.1250000000
121674  39.138  48.142  -0.377 0.1388888889
121675  39.020  47.445  -0.749 0.1111111111
121676  38.795  46.588  -0.712 0.1111111111
121679  39.185  48.696  9.592 0.2500000000
121680  39.428  49.222  9.223 0.1666666667
121681  39.221  48.283  9.083 0.2777777778
121682  39.324  47.868  8.606 0.3333333333
121683  39.465  47.392  8.168 0.3750000000
121684  39.042  46.118  8.506 0.4305555556
121685  39.308  46.551  8.115 0.4166666667
121686  39.587  46.947  7.717 0.4027777778
121687  39.660  46.486  7.171 0.4027777778
121688  39.764  46.067  6.618 0.4027777778
121689  39.914  45.697  6.118 0.3750000000
128811  37.052  48.142  17.621 0.1111111111
131459  39.267  51.020  2.625 0.1111111111
131460  39.458  50.294  2.728 0.1250000000
131461  39.509  49.401  2.819 0.1527777778
138257  35.178  50.443  8.826 0.1111111111
138260  36.184  50.677  10.222 0.1250000000
138265  39.010  49.941  10.110 0.1250000000
138266  37.228  49.681  12.368 0.1388888889
138267  37.666  49.860  12.031 0.1388888889
138268  38.055  49.796  11.719 0.1111111111
138269  38.618  48.822  12.399 0.1666666667
138270  38.521  49.286  11.884 0.1527777778
138271  38.439  49.795  11.373 0.1666666667
138272  38.699  49.620  10.954 0.1388888889
138273  38.943  49.379  10.528 0.1527777778
138274  39.088  49.089  10.061 0.1944444444
138275  38.985  48.165  9.967 0.2916666667
138276  38.749  47.206  9.843 0.3611111111
138277  38.625  46.227  9.801 0.3472222222
138278  38.459  46.097  10.748 0.3750000000
138279  38.450  45.707  10.224 0.3888888889
138280  38.462  45.365  9.726 0.4166666667
138281  38.354  44.617  9.589 0.4583333333
138282  38.273  43.939  9.499 0.4444444444
138290  39.140  46.312  14.751 0.1666666667
138291  39.142  45.870  14.130 0.2083333333
138292  39.140  45.374  13.552 0.2083333333
138298  39.239  44.076  14.243 0.2222222222
138299  39.239  44.346  13.789 0.2361111111
138300  39.155  44.632  13.391 0.2222222222
138301  39.080  44.901  12.991 0.2361111111
138302  38.809  44.578  12.448 0.2916666667
138303  38.550  44.236  11.885 0.3333333333
138304  38.299  43.896  11.413 0.3750000000
138405  33.285  48.016  13.322 0.1111111111
145922  39.911  49.271  7.469 0.2222222222
145931  40.186  49.152  5.212 0.2222222222
145932  40.052  49.571  4.715 0.1527777778
145933  39.880  50.011  4.178 0.1111111111
145934  39.793  49.467  3.714 0.1388888889
145935  39.678  48.958  3.280 0.1805555556
145936  39.449  48.421  2.909 0.1527777778
145944  39.773  44.890  6.052 0.4027777778
145945  40.058  45.235  5.671 0.3750000000
145952  39.957  43.819  5.227 0.4166666667
145953  40.179  44.691  5.246 0.3888888889
145954  40.292  45.492  5.258 0.3472222222
145955  40.576  45.760  4.890 0.3055555556
145956  40.590  46.061  4.500 0.3055555556
145957  40.424  46.338  4.118 0.2777777778
145958  40.510  45.146  3.689 0.2638888889
145959  40.296  45.880  3.753 0.2361111111
145960  40.047  46.636  3.792 0.1944444444
145961  39.685  47.039  3.421 0.1805555556
145962  39.368  47.451  2.987 0.1527777778
145963  39.169  47.959  2.478 0.1527777778
145964  38.874  47.525  2.058 0.1527777778
145965  38.667  46.963  1.601 0.1666666667
145966  38.430  46.381  1.151 0.1527777778
145967  38.688  45.065  1.697 0.1527777778
176  38.078  42.922  8.999 0.4305555556
888  36.229  37.547  8.732 0.1527777778
1470  37.290  40.297  12.773 0.1527777778
6206  36.849  40.309  8.620 0.3194444444
6207  37.817  41.567  6.852 0.3472222222
6208  37.303  38.795  6.686 0.2500000000
6209  38.839  37.404  5.042 0.1527777778
6210  41.385  36.322  4.182 0.1250000000
7269  38.823  42.892  12.743 0.2500000000
7270  37.587  41.657  10.718 0.3333333333
7271  36.154  38.991  10.756 0.1944444444
11785  38.566  43.732  8.148 0.4444444444
14183  36.394  38.958  8.702 0.2083333333
14184  36.926  39.524  7.645 0.2638888889
14185  36.812  38.214  7.720 0.2083333333
14187  38.462  36.864  6.014 0.1388888889
14189  40.005  36.770  4.523 0.1666666667
15987  38.697  42.297  13.764 0.1944444444
15988  38.268  41.639  12.823 0.1805555556
15989  38.214  42.217  11.732 0.2638888889
15990  37.542  41.041  11.730 0.2083333333
15991  36.855  40.418  10.728 0.2361111111
15992  36.736  39.640  11.853 0.1666666667
18076  37.975  40.733  6.008 0.3333333333
18077  38.464  42.193  6.063 0.4027777778
29840  37.411  41.554  8.707 0.3888888889
29841  37.882  42.306  7.931 0.4027777778
29842  37.250  40.884  7.656 0.4027777778
29843  37.366  40.173  6.730 0.3333333333
29844  37.770  39.368  5.825 0.2777777778
29845  37.505  37.514  6.776 0.1527777778
29846  37.937  38.097  5.774 0.1944444444
29847  38.398  38.636  4.964 0.1944444444
29849  40.407  37.198  3.707 0.1527777778
32341  38.152  43.587  9.987 0.4166666667
32350  37.698  42.261  9.794 0.4027777778
32351  37.085  41.004  9.626 0.3194444444
32352  36.440  39.717  9.687 0.2638888889
32353  35.955  38.268  9.686 0.1805555556
32356  35.849  36.786  9.659 0.1111111111
34973  38.501  43.038  7.028 0.4027777778
42503  38.320  43.659  9.071 0.4166666667
42504  38.532  44.077  8.627 0.4166666667
42505  38.326  43.335  8.577 0.4166666667
44903  36.252  38.248  8.712 0.1805555556
44904  36.534  38.578  8.215 0.1944444444
44905  36.465  37.874  8.217 0.1527777778
46707  38.082  41.327  13.330 0.1666666667
46709  37.893  41.343  12.270 0.1944444444
46710  37.443  40.665  12.256 0.1666666667
46711  37.120  40.350  11.738 0.1805555556
48797  38.307  41.039  5.717 0.3333333333
65588  37.079  40.885  8.630 0.4027777778
65589  37.292  41.189  8.175 0.3888888889
65590  37.036  40.561  8.108 0.3333333333
65591  37.094  39.153  7.173 0.2638888889
65592  37.154  39.854  7.158 0.2916666667
65593  37.317  39.467  6.696 0.2777777778
65594  37.576  39.769  6.276 0.2777777778
65595  37.530  39.082  6.217 0.2638888889
65597  37.235  37.210  7.317 0.1250000000
65598  37.731  36.883  6.889 0.1111111111
65599  38.646  37.179  5.529 0.1527777778
65600  38.143  37.483  5.864 0.1666666667
65601  38.326  37.748  5.379 0.1666666667
65602  38.141  38.375  5.304 0.1944444444
65603  38.569  38.013  4.953 0.1805555556
65605  39.056  37.635  4.590 0.1666666667
65606  40.692  36.537  4.367 0.1111111111
65607  40.219  36.992  4.103 0.1666666667
65608  40.882  36.759  3.910 0.1527777778
65609  41.094  36.926  3.500 0.1250000000
65610  41.603  36.493  3.757 0.1250000000
65612  42.136  36.112  4.078 0.1111111111
70987  38.132  43.902  10.498 0.4305555556
70999  38.791  42.587  13.238 0.1944444444
71000  39.003  42.947  13.696 0.2083333333
71001  39.051  43.235  13.204 0.2222222222
71006  37.908  41.950  11.232 0.2777777778
71008  37.853  42.254  10.776 0.3611111111
71009  37.871  42.590  10.334 0.3888888889
71010  37.594  41.977  10.284 0.3611111111
71011  37.394  41.631  9.686 0.3888888889
71012  37.309  41.359  10.158 0.3611111111
71013  36.505  39.706  10.800 0.2222222222
71014  36.592  40.070  10.212 0.2361111111
71015  36.291  39.372  10.202 0.2222222222
71016  36.184  39.012  9.681 0.2083333333
71017  35.998  38.671  10.189 0.1805555556
77266  37.806  41.953  7.358 0.3750000000
77267  38.202  42.685  7.506 0.3888888889
77268  38.152  42.316  6.932 0.3611111111
94940  38.810  44.495  8.202 0.4305555556
94941  38.849  44.124  7.682 0.4305555556
99257  36.587  39.657  8.646 0.2638888889
99258  36.834  39.936  8.106 0.3194444444
99259  36.660  39.256  8.155 0.2500000000
99260  36.848  38.878  7.674 0.2361111111
99261  37.065  38.513  7.186 0.2222222222
99263  38.238  36.564  6.528 0.1111111111
99265  39.011  36.619  5.718 0.1388888889
99266  39.185  36.850  5.226 0.1388888889
99267  39.376  37.062  4.744 0.1527777778
99268  39.805  36.575  5.021 0.1388888889
99269  40.497  36.324  4.848 0.1111111111
102504  38.332  41.658  13.838 0.1805555556
102506  38.587  42.269  12.785 0.2222222222
102507  38.527  42.515  12.238 0.2500000000
102508  38.283  41.960  12.273 0.2222222222
102509  37.926  41.666  11.737 0.2500000000
102510  37.559  41.358  11.217 0.2916666667
102511  37.242  41.054  10.686 0.3194444444
102512  37.176  40.724  11.229 0.2361111111
102513  36.788  40.037  11.298 0.1944444444
102514  36.401  39.324  11.348 0.1805555556
106264  37.866  41.151  6.400 0.3333333333
106265  38.131  41.886  6.449 0.3472222222
106266  38.187  41.452  6.040 0.3472222222
106267  38.519  41.738  5.709 0.3750000000
116240  36.356  36.860  8.795 0.1111111111
116241  36.567  37.225  8.301 0.1111111111
131462  37.758  42.217  8.856 0.4166666667
131463  38.010  42.572  8.505 0.4166666667
131464  37.633  41.893  8.304 0.4027777778
131465  37.518  41.594  7.761 0.3888888889
131466  37.521  41.231  7.258 0.3611111111
131467  37.044  40.239  7.582 0.3194444444
131468  37.296  40.542  7.179 0.3611111111
131469  37.559  40.850  6.792 0.3194444444
131470  37.692  40.457  6.338 0.3333333333
131471  37.869  40.054  5.910 0.2916666667
131473  36.832  37.539  7.778 0.1250000000
131474  37.116  37.847  7.238 0.1527777778
131475  37.362  38.144  6.708 0.2083333333
131476  37.957  37.174  6.361 0.1388888889
131477  37.699  37.823  6.250 0.1666666667
131478  37.596  38.426  6.202 0.2500000000
131479  37.823  38.713  5.759 0.2500000000
131480  38.040  38.992  5.397 0.2361111111
131485  39.613  37.282  4.321 0.1666666667
131486  39.820  37.504  3.933 0.1527777778
138305  38.395  42.804  11.761 0.2916666667
138310  37.856  42.556  9.357 0.4166666667
138311  37.528  41.906  9.186 0.4166666667
138312  37.197  41.269  9.135 0.3611111111
138313  36.920  40.652  9.131 0.3333333333
138314  36.943  40.737  10.174 0.2916666667
138315  36.755  40.388  9.682 0.2916666667
138316  36.628  40.025  9.161 0.2916666667
138317  36.343  39.353  9.179 0.2361111111
138318  36.154  38.622  9.186 0.2083333333
138319  35.980  37.899  9.185 0.1666666667
138326  35.738  37.874  10.195 0.1527777778
138327  35.835  37.525  9.671 0.1250000000
145937  38.253  43.007  8.072 0.4027777778
145938  38.542  43.381  7.603 0.4166666667
145939  38.834  43.750  7.134 0.4305555556
145940  38.447  42.637  6.504 0.4027777778
145941  38.822  43.385  6.634 0.4166666667
2815  32.904  48.075  9.269 0.1111111111
2816  30.251  46.589  8.340 0.1111111111
23502  31.208  47.152  7.384 0.1111111111
32349  38.042  42.890  10.833 0.3472222222
32384  32.526  47.751  11.389 0.1111111111
32385  33.248  48.230  10.558 0.1250000000
32386  33.924  48.954  9.771 0.1111111111
54525  32.536  47.721  9.717 0.1111111111
54527  32.371  47.584  9.033 0.1111111111
71007  38.114  42.515  11.262 0.3333333333
71089  33.220  48.011  12.664 0.1111111111
71090  33.187  47.984  12.073 0.1111111111
71091  32.617  47.762  11.935 0.1111111111
71092  33.065  47.967  11.518 0.1388888889
71093  32.883  47.967  10.942 0.1111111111
71094  33.376  48.202  11.087 0.1527777778
71096  34.146  48.999  10.315 0.1250000000
92619  33.279  48.410  8.817 0.1111111111
92622  32.875  48.159  7.382 0.1111111111
99302  29.958  46.617  7.697 0.1111111111
99303  29.427  46.326  8.176 0.1111111111
116275  31.019  46.869  8.517 0.1111111111
116279  30.481  46.901  7.232 0.1111111111
138283  38.114  43.259  9.508 0.4305555556
138306  38.237  43.189  11.328 0.3333333333
138307  38.157  43.561  10.910 0.3750000000
138308  38.071  43.246  10.400 0.3888888889
138309  37.967  42.911  9.902 0.4027777778
138406  32.703  47.809  13.146 0.1111111111
138412  32.729  47.900  10.370 0.1111111111
138413  33.091  48.176  9.966 0.1111111111
138414  33.785  48.603  10.732 0.1388888889
138415  33.586  48.575  10.184 0.1250000000
138416  33.395  48.511  9.536 0.1111111111
889  38.374  39.931  5.150 0.2777777778
1869  39.954  42.357  2.354 0.1666666667
4106  39.822  38.419  3.581 0.1527777778
4107  39.865  40.953  3.999 0.2500000000
4108  40.835  39.571  2.391 0.1527777778
8225  39.215  42.711  5.464 0.4027777778
8228  38.645  43.168  0.687 0.1111111111
11786  40.889  37.715  2.996 0.1388888889
11787  40.355  39.003  3.002 0.1666666667
11788  41.390  38.372  2.374 0.1250000000
18078  38.723  41.288  5.399 0.3472222222
18079  40.240  41.646  3.235 0.2222222222
18080  40.337  42.331  4.116 0.2777777778
18081  40.420  43.209  3.184 0.2083333333
18083  39.740  43.718  2.456 0.1805555556
18084  38.849  44.193  1.702 0.1388888889
18085  39.299  42.807  1.539 0.1666666667
25822  38.990  39.144  4.277 0.1805555556
25823  39.137  40.481  4.637 0.2777777778
25824  39.654  39.696  3.717 0.1805555556
25825  40.194  40.217  3.158 0.1666666667
25826  40.326  40.860  2.380 0.1527777778
25827  39.977  41.479  1.448 0.1388888889
29848  39.315  37.863  4.223 0.1527777778
34974  39.137  43.733  6.272 0.4027777778
34976  39.541  41.761  4.825 0.3055555556
34977  40.093  43.241  4.908 0.4027777778
34983  38.360  44.862  0.676 0.1527777778
42506  41.516  37.434  2.699 0.1111111111
42507  41.148  38.049  2.663 0.1388888889
42508  41.736  37.756  2.369 0.1111111111
48796  38.160  40.323  5.619 0.3194444444
48798  38.524  40.622  5.356 0.3194444444
48799  40.145  42.028  2.794 0.2083333333
48800  40.318  42.421  3.216 0.2222222222
48801  40.125  42.791  2.783 0.1805555556
48802  40.123  43.500  2.801 0.2083333333
48803  39.815  43.059  2.398 0.1805555556
48804  39.429  43.261  2.065 0.1666666667
48805  39.617  42.627  1.963 0.1666666667
58387  38.420  46.128  0.210 0.1111111111
58396  39.364  38.755  3.912 0.1666666667
58397  39.333  39.417  3.995 0.1805555556
58398  39.651  39.013  3.651 0.1666666667
58399  40.637  39.282  2.717 0.1388888889
58400  40.208  39.626  3.094 0.1527777778
58401  40.472  39.867  2.747 0.1527777778
58402  40.350  40.515  2.778 0.1527777778
58403  40.587  40.172  2.376 0.1388888889
58404  40.543  40.523  1.976 0.1388888889
58405  40.924  39.909  2.036 0.1388888889
65604  38.794  38.262  4.562 0.1666666667
77269  38.827  42.449  5.709 0.4027777778
77270  38.792  42.953  6.142 0.4027777778
77271  39.141  43.260  5.799 0.4027777778
77272  39.487  44.043  5.922 0.4027777778
77273  39.544  43.530  5.518 0.3888888889
77274  39.496  40.724  4.317 0.2777777778
77275  39.358  41.124  4.726 0.2777777778
77276  39.741  41.359  4.410 0.2777777778
77278  40.203  42.740  4.554 0.3611111111
77291  38.736  43.692  1.190 0.1250000000
77292  38.549  44.500  1.192 0.1250000000
77293  38.487  43.947  0.695 0.1111111111
77294  38.356  44.246  0.179 0.1111111111
77296  40.222  41.080  1.001 0.1111111111
77297  39.608  41.656  1.001 0.1388888889
94942  40.317  38.061  3.254 0.1388888889
94943  40.071  38.688  3.293 0.1527777778
94944  40.574  38.351  2.968 0.1388888889
94945  40.868  38.697  2.685 0.1111111111
94946  41.103  38.989  2.395 0.1250000000
94947  41.282  39.290  2.080 0.1388888889
106268  38.940  41.963  5.430 0.3750000000
106269  40.131  41.256  3.641 0.2361111111
106270  40.097  41.610  4.069 0.2916666667
106271  40.258  41.989  3.668 0.2361111111
106272  40.473  42.773  3.658 0.2500000000
106279  39.222  43.957  2.160 0.1666666667
106280  39.081  43.459  1.665 0.1527777778
106281  38.972  42.992  1.142 0.1250000000
121677  38.645  45.699  -0.699 0.1111111111
121690  38.663  39.553  4.701 0.2500000000
121691  38.753  40.225  4.883 0.2777777778
121692  39.024  39.820  4.392 0.2361111111
121693  39.375  40.081  4.149 0.2361111111
121694  39.632  40.327  3.848 0.2361111111
121695  39.956  39.342  3.370 0.1666666667
121696  39.923  39.968  3.461 0.1944444444
121697  39.976  40.592  3.560 0.2361111111
121698  40.215  40.891  3.203 0.1944444444
121699  40.229  41.245  2.816 0.2083333333
121700  40.125  41.610  2.356 0.1666666667
121701  39.932  41.957  1.877 0.1805555556
121702  40.182  41.192  1.921 0.1250000000
121703  40.437  40.838  1.491 0.1111111111
121705  41.335  39.607  1.696 0.1111111111
131472  38.065  39.642  5.495 0.2916666667
131481  38.341  39.259  5.047 0.2222222222
131482  38.684  38.881  4.612 0.1944444444
131483  39.101  38.492  4.216 0.1944444444
131484  39.569  38.126  3.863 0.1527777778
131487  40.074  37.792  3.587 0.1527777778
131488  40.635  37.426  3.333 0.1388888889
131489  41.298  37.146  3.096 0.1250000000
131490  41.974  36.914  2.854 0.1111111111
145942  39.109  44.142  6.771 0.4166666667
145943  39.411  44.508  6.415 0.4166666667
145946  38.943  40.872  5.057 0.3194444444
145947  39.154  41.509  5.115 0.3194444444
145948  39.302  42.158  5.193 0.3750000000
145949  39.919  42.012  4.515 0.3194444444
145950  39.770  42.449  4.896 0.3611111111
145951  39.636  42.959  5.182 0.4027777778
145968  38.425  45.444  1.192 0.1388888889
145969  38.352  45.809  0.671 0.1666666667
145970  38.315  45.181  0.186 0.1250000000
145973  39.588  42.139  1.464 0.1666666667
145974  39.261  42.315  1.029 0.1527777778
145975  38.932  42.468  0.614 0.1111111111
145978  38.687  42.649  0.154 0.1111111111
