#!ascii label  , from subject fsaverage vox2ras=TkReg
2062
4111  45.023  37.431  0.100 0.0277777778
18094  46.352  37.017  -0.356 0.0138888889
34994  45.147  38.131  -0.616 0.0138888889
34995  46.449  37.746  -0.998 0.0138888889
57040  50.532  35.634  -2.499 0.0138888889
77320  45.139  37.776  -0.228 0.0138888889
77321  47.028  36.853  -0.566 0.0138888889
77322  46.416  37.425  -0.652 0.0138888889
106295  45.560  36.805  0.184 0.0138888889
106296  45.690  37.189  -0.136 0.0277777778
106297  46.252  36.613  -0.048 0.0138888889
146003  45.764  37.576  -0.433 0.0138888889
146004  45.757  37.949  -0.818 0.0138888889
878  48.877  29.374  9.843 0.0138888889
1871  47.408  35.297  0.739 0.0138888889
3653  50.561  35.519  -1.929 0.0138888889
4113  49.338  32.380  5.156 0.0138888889
6189  47.477  31.099  9.004 0.0138888889
6190  46.256  30.333  10.914 0.0138888889
8232  47.755  36.651  -0.889 0.0138888889
8233  50.334  34.521  -0.213 0.0138888889
14154  46.525  31.614  8.253 0.0138888889
14196  47.447  32.353  6.386 0.0138888889
18093  46.126  36.273  0.298 0.0138888889
18095  47.569  35.883  -0.120 0.0138888889
18096  49.078  35.539  -0.579 0.0138888889
18097  48.899  34.950  0.311 0.0138888889
25007  49.347  36.810  -2.220 0.0138888889
25767  48.215  28.929  10.926 0.0138888889
25834  45.985  35.717  1.156 0.0277777778
25835  48.160  33.731  5.363 0.0138888889
29801  48.226  30.354  9.428 0.0138888889
29803  46.908  30.778  9.958 0.0138888889
29804  47.570  29.914  10.445 0.0138888889
29857  46.636  34.169  5.863 0.0138888889
29858  47.764  32.999  5.739 0.0138888889
34997  49.279  36.261  -1.396 0.0138888889
34998  50.565  35.041  -1.068 0.0138888889
35005  48.823  34.486  1.298 0.0138888889
35006  50.249  34.041  0.720 0.0138888889
48705  49.170  29.635  9.332 0.0138888889
48813  46.741  35.774  0.494 0.0138888889
48814  46.846  36.058  0.085 0.0138888889
48815  47.516  35.562  0.285 0.0138888889
48816  48.240  35.398  0.080 0.0138888889
48817  48.192  35.103  0.542 0.0138888889
57038  50.034  36.236  -2.080 0.0138888889
57039  50.024  36.316  -2.657 0.0138888889
58416  45.342  36.246  0.903 0.0277777778
58418  48.753  33.068  5.265 0.0138888889
65503  48.520  30.506  8.886 0.0138888889
65504  47.894  30.754  9.220 0.0138888889
65509  46.156  30.978  10.211 0.0138888889
65510  46.574  30.609  10.454 0.0138888889
65511  47.255  30.391  10.213 0.0138888889
65512  46.938  30.135  10.695 0.0138888889
65513  47.235  29.637  10.898 0.0138888889
65514  46.598  29.877  11.139 0.0138888889
65624  45.917  34.268  6.112 0.0138888889
65625  46.441  33.797  6.135 0.0138888889
65626  47.188  33.632  5.826 0.0138888889
65627  46.999  33.248  6.014 0.0138888889
65629  48.228  32.101  6.107 0.0138888889
77323  47.091  37.250  -0.911 0.0138888889
77324  47.114  37.547  -1.291 0.0138888889
77325  47.799  37.061  -1.228 0.0138888889
77326  48.552  36.881  -1.526 0.0138888889
77327  48.526  36.475  -1.199 0.0138888889
77328  49.745  35.023  -0.369 0.0138888889
77329  49.865  35.303  -0.810 0.0138888889
77330  50.427  34.771  -0.626 0.0138888889
77334  43.843  36.119  2.734 0.0555555556
77347  48.764  34.480  1.862 0.0138888889
77349  49.522  34.271  0.986 0.0138888889
99206  47.007  31.381  8.636 0.0138888889
99280  46.820  32.926  6.283 0.0138888889
99281  46.644  32.542  6.603 0.0138888889
106298  46.925  36.429  -0.264 0.0138888889
106299  47.603  36.242  -0.501 0.0138888889
106300  48.403  36.080  -0.773 0.0138888889
106301  48.284  35.709  -0.352 0.0138888889
106302  48.938  35.264  -0.144 0.0138888889
106303  49.628  34.758  0.025 0.0138888889
121718  45.428  36.502  0.528 0.0277777778
121719  46.040  35.999  0.687 0.0138888889
121720  46.663  35.492  0.952 0.0138888889
131356  48.844  30.131  9.106 0.0138888889
131357  48.543  29.908  9.632 0.0138888889
131360  46.695  31.270  9.210 0.0138888889
131362  46.410  31.149  9.729 0.0138888889
131363  47.168  30.945  9.481 0.0138888889
131364  47.597  30.574  9.705 0.0138888889
131365  47.898  30.217  9.961 0.0138888889
131366  48.230  29.660  10.171 0.0138888889
131367  47.856  29.366  10.661 0.0138888889
131500  46.214  34.851  5.411 0.0138888889
131507  45.305  34.633  5.978 0.0277777778
131508  46.085  34.583  5.790 0.0138888889
131510  47.359  34.041  5.652 0.0138888889
131511  47.963  33.380  5.547 0.0138888889
131512  48.571  32.695  5.456 0.0138888889
131513  47.584  32.666  6.017 0.0138888889
131514  48.363  32.377  5.709 0.0138888889
131515  49.183  32.086  5.487 0.0138888889
146009  48.548  37.105  -1.930 0.0138888889
146010  49.336  36.641  -1.796 0.0138888889
146011  49.978  35.903  -1.654 0.0138888889
146012  49.194  35.875  -1.011 0.0138888889
146013  49.947  35.597  -1.244 0.0138888889
146018  43.256  36.489  2.428 0.0694444444
146019  43.917  36.234  2.265 0.0555555556
146026  47.362  35.085  1.232 0.0138888889
146034  48.075  34.754  1.554 0.0138888889
146035  48.126  34.843  1.010 0.0138888889
146036  48.857  34.659  0.753 0.0138888889
146037  49.583  34.442  0.460 0.0138888889
146038  50.324  34.227  0.194 0.0138888889
146041  50.907  33.959  -0.062 0.0138888889
55  34.419  49.829  7.749 0.0833333333
175  37.096  48.531  17.031 0.0972222222
389  39.337  48.923  2.386 0.1527777778
886  36.322  52.364  1.140 0.0416666667
887  38.496  51.882  5.895 0.0416666667
1467  36.104  49.290  12.378 0.1250000000
1468  39.320  49.615  9.700 0.1388888889
1469  39.084  45.633  13.211 0.2222222222
1865  34.715  51.331  -4.532 0.0277777778
1866  39.632  50.447  -1.915 0.0277777778
1868  40.112  45.957  5.681 0.3472222222
2805  33.423  49.774  5.180 0.0555555556
2806  35.345  51.370  4.558 0.0416666667
2807  36.288  51.518  7.058 0.0833333333
3406  38.511  48.737  13.522 0.1388888889
4098  38.891  51.851  1.925 0.0694444444
4099  38.356  52.036  -0.692 0.0416666667
4100  39.492  50.205  0.235 0.0833333333
4101  39.173  47.581  -1.174 0.0972222222
4102  38.509  46.771  0.598 0.1388888889
4103  38.676  45.889  9.329 0.4027777778
4104  39.681  47.843  7.787 0.3472222222
4105  39.139  44.510  7.269 0.4166666667
6202  33.526  50.525  0.028 0.0277777778
6203  34.117  51.475  2.576 0.0555555556
6204  37.506  52.660  3.627 0.0555555556
6205  39.619  50.843  4.146 0.0416666667
7263  35.080  49.858  10.115 0.1388888889
7264  37.259  51.480  9.346 0.0694444444
7265  37.903  50.181  11.205 0.0833333333
7266  38.773  47.319  11.374 0.2916666667
7267  38.210  44.250  11.007 0.4166666667
7282  33.594  48.225  11.676 0.1388888889
8217  37.379  51.083  -2.970 0.0416666667
8222  39.269  51.266  8.031 0.0555555556
8223  40.100  49.390  6.149 0.2083333333
8224  40.257  47.119  4.168 0.2638888889
8226  40.846  44.015  4.160 0.2916666667
8227  39.332  45.213  2.592 0.1666666667
10485  33.978  49.755  6.479 0.0972222222
10486  34.851  50.581  6.173 0.0833333333
10487  35.269  50.839  7.440 0.0833333333
11085  37.091  49.104  16.016 0.0694444444
11086  38.226  48.896  15.474 0.0833333333
11095  35.965  47.640  17.881 0.0833333333
11778  39.327  50.619  2.192 0.0972222222
11779  39.298  51.169  1.056 0.0833333333
11780  39.294  49.727  1.304 0.0972222222
11781  39.056  48.518  0.410 0.1388888889
11782  38.859  47.969  1.466 0.1527777778
11783  38.455  44.366  9.105 0.4166666667
11784  38.946  45.286  8.412 0.4305555556
14176  32.609  50.574  1.949 0.0416666667
14177  33.047  50.787  3.046 0.0555555556
14178  36.925  51.847  5.283 0.0555555556
14179  36.338  52.115  4.216 0.0416666667
14180  37.909  52.170  4.722 0.0277777778
14181  38.744  52.011  4.012 0.0555555556
14182  39.287  51.505  5.129 0.0416666667
15975  35.543  49.548  11.181 0.1111111111
15976  36.481  50.376  10.688 0.1388888889
15977  36.990  49.818  11.759 0.1388888889
15978  39.038  47.275  13.464 0.2083333333
15979  38.818  48.038  12.374 0.2083333333
15980  38.796  46.448  12.330 0.2916666667
15981  38.482  45.682  11.231 0.3888888889
15982  38.610  44.966  12.026 0.3333333333
16017  34.771  48.821  12.010 0.1388888889
16018  34.352  49.010  10.884 0.1388888889
18049  32.966  53.562  -6.060 0.0138888889
18050  34.394  52.973  -5.721 0.0138888889
18052  35.747  52.167  -5.024 0.0138888889
18053  34.847  51.526  0.759 0.0416666667
18055  35.882  51.642  -0.094 0.0416666667
18056  39.189  51.689  -1.484 0.0416666667
18057  37.913  51.579  -1.928 0.0416666667
18058  38.664  51.333  -2.376 0.0416666667
18064  39.120  46.284  -2.077 0.0833333333
18068  38.721  51.070  9.665 0.0833333333
18069  38.342  51.615  8.769 0.0416666667
18071  39.888  46.862  6.730 0.3611111111
18072  40.011  48.741  6.961 0.2638888889
18073  40.238  47.581  5.913 0.2916666667
18074  40.353  48.252  5.079 0.3055555556
18075  40.495  46.527  4.921 0.3055555556
18082  40.290  44.684  3.251 0.2638888889
23482  33.749  50.632  4.004 0.0555555556
23483  34.315  50.538  4.950 0.0555555556
23484  35.912  51.307  5.785 0.0555555556
23485  37.454  51.839  6.465 0.0555555556
24562  37.495  49.584  13.083 0.0972222222
24564  38.879  48.150  14.601 0.1250000000
24583  33.209  47.573  15.781 0.0694444444
24584  32.943  47.806  14.762 0.0972222222
25808  37.934  52.573  1.533 0.0555555556
25809  37.289  52.253  0.209 0.0416666667
25810  38.714  52.132  0.601 0.0416666667
25811  39.367  51.520  -0.115 0.0694444444
25812  39.647  50.439  -0.833 0.0555555556
25813  39.586  49.102  -1.509 0.0555555556
25814  39.354  48.900  -0.513 0.1111111111
25815  38.829  47.284  -0.313 0.1111111111
25817  38.980  47.739  9.468 0.3055555556
25818  39.449  48.785  8.714 0.2222222222
25819  39.180  46.965  8.550 0.3750000000
25820  39.440  46.119  7.612 0.4305555556
25821  39.706  45.314  6.565 0.4166666667
29831  32.523  50.182  0.604 0.0277777778
29832  33.763  51.186  1.440 0.0416666667
29833  35.235  52.035  1.909 0.0555555556
29834  34.793  51.520  3.611 0.0416666667
29835  35.778  52.336  3.132 0.0555555556
29836  36.832  52.730  2.459 0.0555555556
29837  38.375  52.421  2.840 0.0555555556
29838  39.183  51.391  3.049 0.0694444444
29839  39.618  49.877  3.218 0.1388888889
32331  34.718  49.910  8.974 0.1111111111
32332  35.674  50.922  8.667 0.1111111111
32333  36.047  50.841  9.744 0.1388888889
32334  37.613  50.972  10.210 0.0972222222
32335  38.728  50.184  10.517 0.1111111111
32336  38.219  49.455  12.303 0.1111111111
32337  38.758  49.062  11.452 0.1805555556
32338  38.957  48.463  10.477 0.2222222222
32339  38.607  46.640  10.310 0.3472222222
32340  38.318  44.918  10.140 0.4305555556
32344  39.203  45.089  13.910 0.1944444444
32346  39.210  43.627  13.697 0.2222222222
32347  39.025  44.192  12.906 0.2500000000
32348  38.489  43.496  11.826 0.3472222222
32382  32.770  47.820  13.776 0.1111111111
34949  36.894  51.574  -1.067 0.0555555556
34950  36.425  50.892  -2.222 0.0555555556
34951  35.969  50.959  -3.728 0.0555555556
34964  36.831  51.651  8.205 0.0833333333
34965  37.954  51.932  7.634 0.0694444444
34966  38.944  51.697  7.056 0.0416666667
34967  39.747  49.769  7.966 0.1388888889
34968  39.894  50.458  7.166 0.0972222222
34969  39.662  50.941  6.207 0.0694444444
34970  40.037  50.106  5.238 0.1388888889
34971  39.999  49.054  4.202 0.1805555556
34972  39.634  47.986  3.364 0.1527777778
34975  39.872  44.354  5.608 0.3888888889
34978  40.590  44.978  4.887 0.3194444444
34979  40.621  45.606  4.091 0.3055555556
34980  39.876  46.182  3.418 0.1944444444
34981  39.105  46.986  2.593 0.1527777778
34982  38.613  45.989  1.682 0.1527777778
41205  34.219  49.801  7.117 0.0972222222
41206  34.652  50.344  7.003 0.0972222222
41207  34.837  50.365  7.609 0.0833333333
41215  34.048  49.260  8.058 0.0972222222
41217  33.854  49.236  7.365 0.0972222222
41218  33.634  49.211  6.728 0.0972222222
41805  37.112  48.908  16.505 0.0833333333
41806  37.706  48.874  16.241 0.0694444444
41817  36.472  48.562  16.834 0.0833333333
41818  36.432  48.885  16.324 0.0555555556
42498  39.426  49.859  2.288 0.1250000000
42499  39.329  50.200  1.724 0.1111111111
42500  39.255  49.379  1.822 0.1388888889
42501  39.106  48.873  1.358 0.1388888889
42502  39.077  48.493  1.933 0.1527777778
44896  32.255  50.419  2.794 0.0555555556
44897  32.547  50.423  3.256 0.0555555556
44898  37.755  51.952  5.592 0.0555555556
44899  37.409  52.057  5.024 0.0277777778
44900  38.248  52.022  5.296 0.0416666667
44901  38.668  51.938  4.962 0.0277777778
44902  38.935  51.782  5.567 0.0277777778
46695  35.834  49.369  11.732 0.1250000000
46696  36.282  49.709  11.455 0.1111111111
46697  36.538  49.548  12.050 0.1111111111
46698  39.084  46.458  13.392 0.2083333333
46699  38.946  46.857  12.916 0.2222222222
46700  38.905  46.034  12.772 0.2638888889
46701  38.701  45.656  12.177 0.3194444444
46702  38.855  45.295  12.598 0.2777777778
46735  35.616  49.040  12.871 0.1388888889
46736  34.985  48.784  12.663 0.1388888889
46737  35.443  49.055  12.207 0.1250000000
46738  35.144  49.161  11.607 0.1388888889
48768  33.993  51.655  -4.887 0.0138888889
48769  33.830  52.519  -5.481 0.0138888889
48770  34.507  52.098  -5.180 0.0138888889
48771  35.088  52.555  -5.405 0.0138888889
48772  35.222  51.739  -4.810 0.0138888889
48773  35.567  52.003  0.957 0.0416666667
48774  35.328  51.658  0.407 0.0416666667
48775  36.079  52.161  0.564 0.0555555556
48776  39.414  51.082  -1.656 0.0416666667
48777  38.925  51.477  -1.922 0.0555555556
48778  39.284  51.096  -2.144 0.0277777778
48779  39.062  51.008  -2.628 0.0416666667
48780  39.502  50.488  -2.417 0.0277777778
48782  39.684  49.829  -2.235 0.0277777778
48790  39.435  50.097  9.324 0.0972222222
48791  39.951  46.420  6.143 0.3750000000
48792  40.099  47.218  6.295 0.3333333333
48793  40.212  46.720  5.785 0.3055555556
48794  40.415  47.015  5.417 0.3055555556
48795  40.357  46.225  5.303 0.3194444444
54495  33.045  49.828  4.632 0.0694444444
54496  33.537  50.189  4.574 0.0416666667
54497  33.818  50.128  5.049 0.0833333333
54498  35.576  51.085  6.665 0.0694444444
54499  35.358  50.946  6.004 0.0833333333
54500  36.121  51.372  6.419 0.0694444444
54501  36.682  51.612  6.127 0.0555555556
54502  36.858  51.718  6.750 0.0694444444
54535  33.099  49.320  5.466 0.0694444444
56299  38.637  48.575  15.079 0.0972222222
56300  38.948  47.896  15.091 0.1111111111
56302  39.151  47.129  14.905 0.1388888889
56332  33.809  47.760  15.953 0.0694444444
56335  36.408  49.172  15.334 0.0416666667
58373  38.474  52.321  1.713 0.0416666667
58374  38.273  52.376  1.065 0.0416666667
58375  38.747  52.041  1.253 0.0555555556
58376  39.469  50.767  0.671 0.0833333333
58377  39.366  51.387  0.457 0.0555555556
58378  39.523  50.945  0.086 0.0972222222
58379  39.572  51.058  -0.468 0.0694444444
58380  39.615  50.375  -0.291 0.0833333333
58381  39.549  49.682  -0.654 0.0972222222
58382  39.444  49.550  -0.149 0.1111111111
58383  38.784  47.694  0.476 0.1388888889
58384  38.945  47.910  0.035 0.1388888889
58385  38.668  47.058  0.107 0.1388888889
58386  38.610  46.391  -0.255 0.1111111111
58388  38.806  46.792  9.372 0.3611111111
58389  39.045  47.332  8.966 0.3611111111
58390  38.899  46.428  8.914 0.4166666667
58391  39.057  44.906  7.839 0.4166666667
58392  39.192  45.725  8.010 0.4166666667
58393  39.312  45.318  7.485 0.4166666667
58394  39.567  45.695  7.069 0.4166666667
58395  39.380  44.924  6.932 0.4166666667
65568  33.219  51.002  2.269 0.0416666667
65569  33.182  50.883  1.663 0.0416666667
65570  33.891  51.331  2.003 0.0555555556
65571  34.477  51.601  1.696 0.0416666667
65572  34.687  51.765  2.269 0.0416666667
65573  34.562  51.000  4.280 0.0416666667
65574  34.297  51.040  3.823 0.0416666667
65575  35.063  51.449  4.065 0.0416666667
65576  36.880  52.408  3.926 0.0277777778
65577  36.074  52.261  3.687 0.0416666667
65578  36.637  52.629  3.400 0.0555555556
65579  36.296  52.589  2.825 0.0555555556
65580  37.162  52.736  3.051 0.0694444444
65581  37.711  52.788  2.636 0.0694444444
65582  37.945  52.592  3.244 0.0555555556
65583  39.235  51.497  4.118 0.0694444444
65584  39.034  51.733  3.551 0.0694444444
65585  39.389  51.150  3.590 0.0694444444
65586  39.436  50.719  3.124 0.1111111111
65587  39.637  50.366  3.656 0.0972222222
70965  34.874  49.898  9.569 0.1250000000
70966  35.335  50.444  9.402 0.1388888889
70967  35.504  50.385  9.939 0.1250000000
70968  37.251  50.361  10.943 0.1111111111
70969  37.034  50.733  10.457 0.1111111111
70970  37.713  50.552  10.687 0.1111111111
70971  38.246  50.694  10.393 0.0972222222
70972  38.287  50.206  10.856 0.1388888889
70973  38.062  49.292  13.360 0.1111111111
70974  37.850  49.544  12.674 0.1388888889
70975  38.361  49.079  12.893 0.1388888889
70976  38.838  47.651  11.878 0.2777777778
70977  38.794  48.531  11.937 0.1805555556
70978  38.844  48.176  11.432 0.2222222222
70979  38.893  48.768  10.974 0.1944444444
70980  38.864  47.814  10.916 0.2500000000
70981  38.808  47.561  10.392 0.3194444444
70982  38.663  47.027  10.863 0.3055555556
70983  38.359  44.925  11.080 0.4027777778
70984  38.338  45.280  10.649 0.3888888889
70985  38.225  44.567  10.577 0.4305555556
70986  38.230  44.249  10.020 0.4305555556
70994  39.148  45.545  14.560 0.1805555556
71002  39.135  43.914  13.282 0.2361111111
71003  38.995  43.525  12.767 0.2361111111
71004  38.760  43.860  12.334 0.3055555556
71005  38.693  43.159  12.269 0.2638888889
71085  33.478  48.043  14.407 0.0972222222
71086  32.837  47.825  14.286 0.1111111111
71087  33.393  48.045  13.935 0.1111111111
71088  33.751  48.195  12.265 0.1250000000
71095  34.718  49.382  10.461 0.1250000000
71097  34.510  49.424  9.897 0.1388888889
71098  34.315  49.390  9.351 0.1250000000
77187  32.936  54.335  -6.425 0.0138888889
77206  37.783  52.145  -0.248 0.0416666667
77207  37.044  51.946  -0.464 0.0416666667
77208  37.647  51.907  -0.907 0.0555555556
77209  37.675  51.281  -2.408 0.0416666667
77210  37.188  51.243  -2.071 0.0555555556
77211  36.909  50.983  -2.634 0.0555555556
77212  36.190  50.804  -2.959 0.0555555556
77213  36.661  50.951  -3.324 0.0555555556
77214  36.467  51.304  -4.022 0.0416666667
77228  39.405  48.364  -1.316 0.0694444444
77229  39.486  48.443  -1.908 0.0555555556
77230  39.319  47.686  -1.698 0.0694444444
77231  39.210  45.722  -2.606 0.0555555556
77232  39.343  46.494  -2.616 0.0694444444
77233  39.494  45.945  -3.124 0.0694444444
77243  36.440  51.305  9.040 0.0972222222
77244  36.225  51.336  8.447 0.0972222222
77245  37.041  51.620  8.807 0.0555555556
77247  38.191  51.840  8.211 0.0555555556
77248  38.709  51.718  7.868 0.0277777778
77249  38.482  51.921  7.381 0.0555555556
77250  39.171  51.524  7.578 0.0416666667
77251  39.545  48.327  8.229 0.2916666667
77252  39.617  49.268  8.351 0.2222222222
77253  39.721  48.798  7.855 0.2083333333
77254  40.100  49.102  6.569 0.2222222222
77255  40.020  49.652  7.077 0.1805555556
77256  39.999  49.961  6.674 0.1388888889
77257  39.747  50.733  6.704 0.0555555556
77258  39.995  50.252  6.261 0.1250000000
77259  39.898  50.510  5.759 0.0694444444
77260  40.087  49.698  5.731 0.1805555556
77261  40.351  47.683  4.589 0.2916666667
77262  40.208  48.613  4.684 0.2222222222
77263  40.109  48.017  4.198 0.2222222222
77264  39.863  48.512  3.758 0.1527777778
77265  39.906  47.524  3.793 0.1944444444
77277  40.604  43.130  4.161 0.2777777778
77279  40.529  43.624  4.558 0.3472222222
77280  40.429  44.152  4.918 0.3611111111
77281  40.726  44.483  4.531 0.3194444444
77282  40.734  45.292  4.498 0.3194444444
77283  40.847  44.840  4.103 0.3194444444
77284  39.806  44.932  2.956 0.2222222222
77285  40.129  45.409  3.357 0.2361111111
77286  39.628  45.682  3.011 0.1527777778
77287  39.407  46.520  3.077 0.1388888889
77288  39.178  46.063  2.630 0.1527777778
77289  38.804  46.524  2.199 0.1527777778
77290  38.898  45.589  2.193 0.1388888889
92601  33.721  49.730  5.789 0.0972222222
92602  34.138  50.148  5.660 0.0833333333
92603  34.410  50.209  6.328 0.0833333333
92604  35.082  50.713  6.821 0.0694444444
92605  35.773  51.204  7.260 0.0833333333
92626  33.368  49.255  6.107 0.0972222222
93683  37.687  49.109  15.784 0.0833333333
93684  38.253  48.710  15.902 0.0833333333
93702  35.173  47.826  16.880 0.0694444444
93706  36.435  49.111  15.859 0.0416666667
94928  39.159  51.279  2.076 0.0694444444
94929  39.087  51.524  1.465 0.0555555556
94930  39.266  50.933  1.639 0.0972222222
94931  39.362  50.501  1.214 0.0972222222
94932  39.368  50.008  0.793 0.0833333333
94933  39.317  49.372  0.354 0.0833333333
94934  39.170  49.177  0.848 0.1388888889
94935  38.922  48.306  0.909 0.1388888889
94936  38.663  47.395  1.016 0.1666666667
94937  38.543  45.088  9.292 0.4166666667
94938  38.786  45.601  8.888 0.4027777778
94939  38.673  44.831  8.770 0.4444444444
99244  32.010  50.185  1.529 0.0416666667
99245  32.093  50.310  2.176 0.0416666667
99246  32.775  50.708  2.524 0.0416666667
99247  33.577  51.124  2.813 0.0416666667
99248  36.169  51.645  4.916 0.0416666667
99249  35.872  51.741  4.381 0.0416666667
99250  36.623  51.948  4.711 0.0416666667
99251  37.113  52.234  4.448 0.0416666667
99252  37.661  52.370  4.155 0.0555555556
99253  38.166  52.402  3.828 0.0416666667
99254  38.377  52.158  4.387 0.0416666667
99255  39.043  51.797  4.588 0.0555555556
99256  39.504  51.220  4.660 0.0277777778
102483  35.306  49.726  10.669 0.1250000000
102484  35.744  50.197  10.431 0.1250000000
102485  36.000  49.993  10.917 0.1250000000
102486  36.749  50.064  11.185 0.1250000000
102487  37.453  50.027  11.475 0.1111111111
102488  38.852  48.043  13.520 0.1666666667
102489  38.731  48.419  12.957 0.1805555556
102490  38.933  47.643  12.879 0.2083333333
102491  38.855  47.244  12.359 0.2638888889
102492  38.761  46.850  11.851 0.3055555556
102493  38.631  46.500  11.319 0.3472222222
102494  38.650  46.067  11.791 0.3472222222
102495  38.526  45.318  11.643 0.3611111111
102496  38.397  44.599  11.502 0.3611111111
102556  33.966  48.255  13.488 0.0972222222
102558  34.368  48.481  12.466 0.1250000000
102559  34.156  48.546  11.865 0.1527777778
102560  33.960  48.589  11.289 0.1527777778
102561  34.549  48.909  11.453 0.1527777778
102562  34.909  49.284  11.057 0.1111111111
106215  32.387  53.029  -5.784 0.0138888889
106216  33.096  52.794  -5.655 0.0138888889
106223  34.138  51.027  0.507 0.0277777778
106225  34.670  51.105  0.146 0.0277777778
106226  35.177  51.161  -0.229 0.0277777778
106227  35.686  51.158  -0.699 0.0416666667
106228  38.792  51.851  -1.069 0.0416666667
106229  38.146  51.861  -1.334 0.0416666667
106230  38.568  51.780  -1.721 0.0416666667
106231  38.289  51.531  -2.162 0.0416666667
106232  38.044  51.265  -2.654 0.0416666667
106233  37.760  51.153  -3.211 0.0416666667
106234  38.430  51.232  -2.877 0.0416666667
106241  38.954  46.767  -1.142 0.0833333333
106242  39.125  46.904  -1.594 0.0694444444
106243  38.961  46.100  -1.580 0.0833333333
106250  38.049  51.405  9.552 0.0416666667
106251  37.833  51.648  9.097 0.0416666667
106255  39.817  47.329  7.283 0.3333333333
106256  39.864  48.297  7.360 0.3194444444
106257  39.979  47.771  6.846 0.3055555556
106258  40.097  48.214  6.431 0.3055555556
106259  40.175  48.492  6.026 0.2777777778
106260  40.189  48.794  5.614 0.2500000000
106261  40.318  47.873  5.495 0.2777777778
106262  40.428  47.357  4.982 0.2916666667
106263  40.414  46.801  4.522 0.2916666667
106273  40.620  43.602  3.676 0.2638888889
106274  40.635  44.392  3.678 0.2500000000
106275  40.418  43.981  3.218 0.2500000000
106276  39.998  44.214  2.872 0.2222222222
106277  39.498  44.447  2.571 0.1805555556
106278  39.023  44.739  2.211 0.1805555556
116230  32.895  50.330  3.702 0.0555555556
116231  33.258  50.218  4.166 0.0555555556
116232  34.067  50.582  4.488 0.0416666667
116233  34.835  50.985  4.743 0.0416666667
116234  34.571  50.505  5.522 0.0833333333
116235  35.092  50.923  5.342 0.0694444444
116236  35.639  51.302  5.116 0.0416666667
116237  36.470  51.557  5.485 0.0555555556
116238  37.281  51.754  5.844 0.0555555556
116239  38.035  51.889  6.198 0.0416666667
118749  36.291  49.302  13.059 0.1250000000
118750  36.786  49.489  12.686 0.1111111111
118751  37.010  49.467  13.443 0.0972222222
118756  38.724  48.437  14.077 0.1250000000
118757  39.029  47.741  14.051 0.1388888889
118758  39.172  46.956  13.939 0.1527777778
118759  39.143  46.152  13.759 0.2083333333
118802  32.437  47.522  15.117 0.0833333333
118803  33.057  47.767  15.248 0.0833333333
118804  33.566  48.026  14.889 0.0833333333
121658  37.118  52.559  1.325 0.0416666667
121659  36.840  52.410  0.687 0.0555555556
121660  37.628  52.496  0.882 0.0277777778
121661  38.050  52.334  0.426 0.0277777778
121662  38.519  52.093  -0.026 0.0277777778
121663  39.090  51.717  0.838 0.0555555556
121664  39.075  51.828  0.212 0.0555555556
121665  39.006  51.903  -0.397 0.0416666667
121666  39.288  51.575  -0.757 0.0416666667
121667  39.555  51.128  -1.081 0.0555555556
121668  39.672  50.451  -1.379 0.0555555556
121669  39.682  49.793  -1.714 0.0555555556
121670  39.666  49.760  -1.171 0.0555555556
121671  39.492  49.019  -0.979 0.0972222222
121672  39.266  48.249  -0.833 0.1250000000
121673  39.215  48.733  -0.042 0.1250000000
121674  39.138  48.142  -0.377 0.1388888889
121675  39.020  47.445  -0.749 0.1111111111
121676  38.795  46.588  -0.712 0.1111111111
121679  39.185  48.696  9.592 0.2500000000
121680  39.428  49.222  9.223 0.1666666667
121681  39.221  48.283  9.083 0.2777777778
121682  39.324  47.868  8.606 0.3333333333
121683  39.465  47.392  8.168 0.3750000000
121684  39.042  46.118  8.506 0.4305555556
121685  39.308  46.551  8.115 0.4166666667
121686  39.587  46.947  7.717 0.4027777778
121687  39.660  46.486  7.171 0.4027777778
121688  39.764  46.067  6.618 0.4027777778
121689  39.914  45.697  6.118 0.3750000000
128811  37.052  48.142  17.621 0.1111111111
128866  36.579  47.716  18.055 0.0972222222
131437  33.027  50.382  0.319 0.0277777778
131438  32.567  50.424  1.270 0.0416666667
131439  33.105  50.688  0.993 0.0416666667
131440  33.633  50.901  0.764 0.0277777778
131441  34.310  51.390  1.108 0.0416666667
131442  35.054  51.833  1.333 0.0416666667
131443  35.779  52.268  1.531 0.0555555556
131444  33.386  50.721  3.526 0.0416666667
131445  33.953  51.147  3.335 0.0416666667
131446  34.492  51.539  3.111 0.0416666667
131447  35.568  51.862  3.900 0.0277777778
131448  35.278  51.939  3.380 0.0277777778
131449  34.956  51.928  2.861 0.0555555556
131450  35.477  52.206  2.502 0.0555555556
131451  36.020  52.441  2.173 0.0555555556
131452  36.579  52.572  1.767 0.0555555556
131453  37.426  52.667  1.981 0.0694444444
131454  38.133  52.520  2.184 0.0555555556
131455  38.654  52.156  2.368 0.0416666667
131456  38.566  52.214  3.429 0.0555555556
131457  38.842  51.943  2.973 0.0555555556
131458  39.050  51.634  2.545 0.0694444444
131459  39.267  51.020  2.625 0.1111111111
131460  39.458  50.294  2.728 0.1250000000
131461  39.509  49.401  2.819 0.1527777778
138255  34.577  49.860  8.361 0.0972222222
138256  35.008  50.408  8.258 0.0833333333
138257  35.178  50.443  8.826 0.1111111111
138258  35.851  50.933  9.237 0.0972222222
138259  36.652  51.283  9.566 0.0972222222
138260  36.184  50.677  10.222 0.1250000000
138261  36.836  51.027  10.004 0.0972222222
138262  37.471  51.308  9.778 0.0555555556
138263  38.165  51.113  9.937 0.0694444444
138265  39.010  49.941  10.110 0.1250000000
138266  37.228  49.681  12.368 0.1388888889
138267  37.666  49.860  12.031 0.1388888889
138268  38.055  49.796  11.719 0.1111111111
138269  38.618  48.822  12.399 0.1666666667
138270  38.521  49.286  11.884 0.1527777778
138271  38.439  49.795  11.373 0.1666666667
138272  38.699  49.620  10.954 0.1388888889
138273  38.943  49.379  10.528 0.1527777778
138274  39.088  49.089  10.061 0.1944444444
138275  38.985  48.165  9.967 0.2916666667
138276  38.749  47.206  9.843 0.3611111111
138277  38.625  46.227  9.801 0.3472222222
138278  38.459  46.097  10.748 0.3750000000
138279  38.450  45.707  10.224 0.3888888889
138280  38.462  45.365  9.726 0.4166666667
138281  38.354  44.617  9.589 0.4583333333
138282  38.273  43.939  9.499 0.4444444444
138290  39.140  46.312  14.751 0.1666666667
138291  39.142  45.870  14.130 0.2083333333
138292  39.140  45.374  13.552 0.2083333333
138298  39.239  44.076  14.243 0.2222222222
138299  39.239  44.346  13.789 0.2361111111
138300  39.155  44.632  13.391 0.2222222222
138301  39.080  44.901  12.991 0.2361111111
138302  38.809  44.578  12.448 0.2916666667
138303  38.550  44.236  11.885 0.3333333333
138304  38.299  43.896  11.413 0.3750000000
138405  33.285  48.016  13.322 0.1111111111
138418  34.175  49.338  8.727 0.0972222222
145841  32.347  53.782  -6.169 0.0138888889
145864  34.903  50.731  -3.820 0.0277777778
145865  36.580  52.014  0.032 0.0416666667
145866  36.379  51.574  -0.630 0.0416666667
145867  36.142  51.149  -1.202 0.0555555556
145868  37.455  51.620  -1.517 0.0555555556
145869  36.651  51.192  -1.631 0.0555555556
145870  35.925  50.826  -1.823 0.0555555556
145871  35.715  50.604  -2.522 0.0416666667
145872  35.540  50.713  -3.378 0.0416666667
145873  35.409  51.070  -4.155 0.0416666667
145874  35.832  51.484  -4.425 0.0416666667
145892  39.609  49.187  -2.081 0.0555555556
145895  39.326  47.088  -2.094 0.0555555556
145910  35.489  50.886  8.057 0.0972222222
145911  36.009  51.336  7.844 0.0972222222
145912  36.534  51.627  7.645 0.0833333333
145913  37.602  51.764  8.533 0.0694444444
145914  37.386  51.894  7.935 0.0833333333
145915  37.101  51.852  7.365 0.0694444444
145916  37.653  51.948  7.069 0.0694444444
145917  38.223  51.908  6.805 0.0555555556
145918  38.738  51.852  6.534 0.0277777778
145919  39.548  49.697  8.850 0.0972222222
145920  39.632  50.194  8.448 0.0972222222
145921  39.717  50.667  8.029 0.0833333333
145922  39.911  49.271  7.469 0.2222222222
145923  39.874  50.140  7.563 0.0972222222
145924  39.645  50.898  7.617 0.0833333333
145925  39.529  51.182  7.177 0.0555555556
145926  39.322  51.374  6.664 0.0416666667
145927  39.135  51.540  6.110 0.0416666667
145928  39.510  51.185  5.666 0.0416666667
145929  39.738  50.876  5.218 0.0694444444
145930  39.839  50.473  4.701 0.0833333333
145931  40.186  49.152  5.212 0.2222222222
145932  40.052  49.571  4.715 0.1527777778
145933  39.880  50.011  4.178 0.1111111111
145934  39.793  49.467  3.714 0.1388888889
145935  39.678  48.958  3.280 0.1805555556
145936  39.449  48.421  2.909 0.1527777778
145944  39.773  44.890  6.052 0.4027777778
145945  40.058  45.235  5.671 0.3750000000
145952  39.957  43.819  5.227 0.4166666667
145953  40.179  44.691  5.246 0.3888888889
145954  40.292  45.492  5.258 0.3472222222
145955  40.576  45.760  4.890 0.3055555556
145956  40.590  46.061  4.500 0.3055555556
145957  40.424  46.338  4.118 0.2777777778
145958  40.510  45.146  3.689 0.2638888889
145959  40.296  45.880  3.753 0.2361111111
145960  40.047  46.636  3.792 0.1944444444
145961  39.685  47.039  3.421 0.1805555556
145962  39.368  47.451  2.987 0.1527777778
145963  39.169  47.959  2.478 0.1527777778
145964  38.874  47.525  2.058 0.1527777778
145965  38.667  46.963  1.601 0.1666666667
145966  38.430  46.381  1.151 0.1527777778
145967  38.688  45.065  1.697 0.1527777778
8213  31.709  55.135  -7.285 0.0138888889
8215  36.844  52.842  -5.323 0.0138888889
18047  30.565  53.936  -6.853 0.0138888889
18051  35.587  53.718  -6.057 0.0138888889
34940  31.756  53.893  -6.356 0.0138888889
34944  36.694  54.223  -6.357 0.0138888889
77193  36.237  53.284  -5.699 0.0138888889
77194  36.155  54.007  -6.193 0.0138888889
77195  36.801  53.544  -5.830 0.0138888889
106213  31.166  54.572  -7.060 0.0138888889
106220  35.013  53.433  -5.965 0.0138888889
106221  35.672  52.970  -5.597 0.0138888889
106222  36.258  52.551  -5.193 0.0138888889
145839  31.172  53.932  -6.597 0.0138888889
145840  31.780  54.494  -6.838 0.0138888889
145842  32.345  54.463  -6.550 0.0138888889
145875  36.327  51.845  -4.630 0.0277777778
1133  40.709  46.303  -5.200 0.0416666667
3054  42.346  44.758  -7.271 0.0277777778
6647  40.385  49.505  -5.278 0.0138888889
6649  42.158  47.820  -7.458 0.0277777778
8218  39.057  50.964  -3.916 0.0277777778
8219  39.609  48.305  -3.376 0.0416666667
14918  40.605  47.895  -5.343 0.0416666667
14919  41.345  48.551  -6.370 0.0138888889
14920  41.552  47.068  -6.357 0.0416666667
18059  38.185  51.222  -3.438 0.0416666667
18060  39.394  50.618  -2.878 0.0277777778
18061  39.740  49.788  -3.485 0.0138888889
18062  39.634  49.349  -2.566 0.0416666667
23927  40.743  44.786  -5.012 0.0277777778
23928  41.567  45.524  -6.206 0.0277777778
23930  42.285  43.346  -7.219 0.0138888889
30869  40.024  51.000  -5.589 0.0138888889
30871  40.714  50.102  -6.491 0.0138888889
30874  42.413  46.341  -7.438 0.0277777778
34945  37.980  53.066  -5.578 0.0138888889
34952  36.977  51.596  -4.247 0.0416666667
34953  38.029  51.918  -4.562 0.0277777778
34954  39.098  51.720  -5.050 0.0138888889
34955  39.843  50.350  -4.517 0.0138888889
34956  39.950  48.854  -4.401 0.0416666667
34957  39.967  47.238  -4.340 0.0416666667
34958  39.464  47.864  -2.283 0.0555555556
34959  39.587  46.743  -3.170 0.0555555556
34960  40.061  45.647  -4.129 0.0555555556
45638  40.678  47.098  -5.315 0.0416666667
45639  41.104  47.438  -5.861 0.0416666667
45640  41.151  46.689  -5.816 0.0416666667
48781  39.669  49.997  -2.678 0.0138888889
55239  41.105  44.434  -5.570 0.0277777778
67793  40.287  50.239  -5.430 0.0138888889
67794  40.377  50.594  -6.033 0.0138888889
67795  40.650  49.816  -5.888 0.0138888889
67796  41.770  48.184  -6.931 0.0277777778
67797  41.483  48.858  -6.955 0.0277777778
67798  41.867  48.514  -7.484 0.0138888889
67801  41.972  45.152  -6.729 0.0277777778
67802  42.018  45.943  -6.813 0.0277777778
67803  42.405  45.531  -7.386 0.0277777778
77196  37.359  53.718  -5.955 0.0138888889
77197  37.438  53.023  -5.432 0.0138888889
77215  37.130  51.192  -3.613 0.0416666667
77216  38.591  51.125  -3.660 0.0416666667
77217  37.977  51.465  -4.033 0.0416666667
77218  38.562  51.458  -4.212 0.0277777778
77219  38.601  51.882  -4.745 0.0138888889
77220  39.061  51.323  -4.455 0.0277777778
77221  39.496  51.056  -4.801 0.0138888889
77222  39.430  50.688  -4.221 0.0277777778
77223  39.674  49.048  -3.408 0.0416666667
77224  39.811  49.294  -3.915 0.0277777778
77225  39.728  48.529  -3.864 0.0416666667
77226  39.947  48.048  -4.403 0.0416666667
77227  39.673  47.779  -3.879 0.0416666667
77234  39.766  46.192  -3.670 0.0416666667
77235  39.759  45.434  -3.605 0.0555555556
77236  40.113  44.966  -4.081 0.0416666667
100580  40.497  48.690  -5.302 0.0277777778
100581  40.868  49.015  -5.818 0.0277777778
100582  41.037  48.206  -5.820 0.0277777778
100583  41.476  47.803  -6.368 0.0277777778
100584  41.893  47.459  -6.900 0.0277777778
100585  42.815  44.445  -7.825 0.0138888889
100586  42.822  45.172  -7.974 0.0138888889
106235  38.821  51.023  -3.122 0.0416666667
106236  39.188  50.680  -3.372 0.0277777778
106237  39.477  50.394  -3.685 0.0138888889
106238  39.555  50.179  -3.133 0.0277777778
106239  39.667  49.585  -2.984 0.0277777778
106240  39.596  48.871  -2.934 0.0555555556
117269  40.714  45.487  -5.052 0.0416666667
117270  41.148  45.910  -5.703 0.0277777778
117271  41.126  45.144  -5.610 0.0277777778
117272  41.524  44.789  -6.135 0.0277777778
117273  41.929  44.421  -6.643 0.0277777778
117275  41.911  43.752  -6.657 0.0138888889
117276  42.331  44.062  -7.220 0.0138888889
134255  39.599  51.764  -5.797 0.0138888889
134257  40.015  51.349  -6.230 0.0138888889
134260  41.074  49.323  -6.390 0.0138888889
134261  41.086  49.560  -7.010 0.0138888889
134266  41.608  46.332  -6.314 0.0416666667
134267  42.009  46.732  -6.869 0.0416666667
134268  42.337  47.073  -7.461 0.0277777778
134269  42.783  45.926  -8.035 0.0138888889
145854  37.951  53.563  -6.128 0.0138888889
145855  38.570  52.839  -5.798 0.0138888889
145876  36.859  52.177  -4.822 0.0416666667
145877  37.562  51.375  -3.824 0.0416666667
145878  37.445  51.824  -4.451 0.0416666667
145879  37.482  52.388  -4.926 0.0277777778
145880  38.052  52.457  -5.055 0.0138888889
145881  38.622  52.383  -5.270 0.0138888889
145882  39.129  52.113  -5.532 0.0138888889
145883  39.566  51.409  -5.344 0.0138888889
145884  39.945  50.676  -5.059 0.0138888889
145885  40.112  49.934  -4.915 0.0138888889
145886  39.712  50.013  -4.035 0.0138888889
145887  39.965  49.614  -4.438 0.0138888889
145888  40.181  49.167  -4.864 0.0277777778
145889  40.228  48.380  -4.866 0.0416666667
145890  40.285  47.550  -4.896 0.0416666667
145891  40.318  46.746  -4.753 0.0555555556
145893  39.557  48.628  -2.446 0.0555555556
145894  39.588  48.119  -2.848 0.0555555556
145896  39.507  47.301  -2.678 0.0555555556
145897  39.589  47.546  -3.296 0.0555555556
145898  39.743  46.994  -3.763 0.0416666667
145899  40.010  46.440  -4.197 0.0555555556
145900  40.358  45.955  -4.643 0.0555555556
145901  40.407  45.216  -4.572 0.0277777778
52  39.738  33.074  9.815 0.0138888889
176  38.078  42.922  8.999 0.4305555556
877  45.546  32.187  7.701 0.0138888889
888  36.229  37.547  8.732 0.1527777778
890  40.679  35.303  6.135 0.0555555556
1470  37.290  40.297  12.773 0.1527777778
2797  42.733  32.994  8.730 0.0277777778
2798  44.523  31.673  9.850 0.0138888889
2809  38.001  36.257  7.025 0.0833333333
2810  40.051  34.296  7.724 0.0416666667
2811  43.141  33.843  7.299 0.0277777778
4112  44.640  36.174  1.622 0.0277777778
6206  36.849  40.309  8.620 0.3194444444
6207  37.817  41.567  6.852 0.3472222222
6208  37.303  38.795  6.686 0.2500000000
6209  38.839  37.404  5.042 0.1527777778
6210  41.385  36.322  4.182 0.1250000000
6211  44.356  35.831  3.673 0.0277777778
6213  46.243  33.413  6.335 0.0138888889
7253  38.825  31.663  11.999 0.0138888889
7269  38.823  42.892  12.743 0.2500000000
7270  37.587  41.657  10.718 0.3333333333
7271  36.154  38.991  10.756 0.1944444444
8193  40.634  30.347  12.897 0.0138888889
10478  42.237  32.470  9.727 0.0138888889
10488  38.287  33.824  9.296 0.0277777778
10489  38.518  34.516  8.220 0.0416666667
10490  39.829  33.739  8.699 0.0277777778
10491  41.366  33.616  8.355 0.0277777778
11785  38.566  43.732  8.148 0.4444444444
14155  44.181  31.309  10.958 0.0138888889
14156  45.495  31.143  10.427 0.0138888889
14183  36.394  38.958  8.702 0.2083333333
14184  36.926  39.524  7.645 0.2638888889
14185  36.812  38.214  7.720 0.2083333333
14186  39.246  35.699  6.404 0.0694444444
14187  38.462  36.864  6.014 0.1388888889
14188  39.618  36.349  5.507 0.0972222222
14189  40.005  36.770  4.523 0.1666666667
14190  41.079  35.900  5.206 0.0416666667
14193  44.362  33.001  7.500 0.0277777778
14194  44.716  33.646  6.903 0.0277777778
14195  45.831  32.721  6.875 0.0138888889
15987  38.697  42.297  13.764 0.1944444444
15988  38.268  41.639  12.823 0.1805555556
15989  38.214  42.217  11.732 0.2638888889
15990  37.542  41.041  11.730 0.2083333333
15991  36.855  40.418  10.728 0.2361111111
15992  36.736  39.640  11.853 0.1666666667
18001  39.851  31.079  12.458 0.0138888889
18002  39.400  30.337  13.515 0.0138888889
18076  37.975  40.733  6.008 0.3333333333
18077  38.464  42.193  6.063 0.4027777778
23467  44.115  32.584  8.236 0.0138888889
23468  45.018  31.924  8.722 0.0138888889
23469  43.623  32.357  9.126 0.0138888889
23470  43.167  31.932  10.301 0.0138888889
23487  36.938  36.890  7.843 0.0972222222
23489  38.843  35.117  7.242 0.0555555556
23490  40.345  34.781  6.877 0.0555555556
23491  41.872  34.496  6.686 0.0555555556
23492  41.570  34.056  7.482 0.0416666667
23493  42.935  33.404  8.016 0.0277777778
29802  45.912  31.383  9.401 0.0138888889
29840  37.411  41.554  8.707 0.3888888889
29841  37.882  42.306  7.931 0.4027777778
29842  37.250  40.884  7.656 0.4027777778
29843  37.366  40.173  6.730 0.3333333333
29844  37.770  39.368  5.825 0.2777777778
29845  37.505  37.514  6.776 0.1527777778
29846  37.937  38.097  5.774 0.1944444444
29847  38.398  38.636  4.964 0.1944444444
29849  40.407  37.198  3.707 0.1527777778
29850  41.795  36.662  3.292 0.0972222222
29851  43.153  36.275  2.907 0.0694444444
29852  42.899  35.948  3.942 0.0277777778
29855  43.446  34.363  6.579 0.0277777778
32302  38.261  33.128  10.266 0.0138888889
32303  39.244  32.438  10.939 0.0138888889
32341  38.152  43.587  9.987 0.4166666667
32350  37.698  42.261  9.794 0.4027777778
32351  37.085  41.004  9.626 0.3194444444
32352  36.440  39.717  9.687 0.2638888889
32353  35.955  38.268  9.686 0.1805555556
32356  35.849  36.786  9.659 0.1111111111
34881  40.307  31.858  11.474 0.0138888889
34882  41.284  31.198  11.941 0.0138888889
34973  38.501  43.038  7.028 0.4027777778
35000  44.530  35.935  2.598 0.0277777778
41199  40.256  32.740  10.079 0.0138888889
41209  39.083  33.773  8.999 0.0277777778
41210  39.790  33.403  9.278 0.0277777778
41211  40.527  33.370  9.011 0.0277777778
42503  38.320  43.659  9.071 0.4166666667
42504  38.532  44.077  8.627 0.4166666667
42505  38.326  43.335  8.577 0.4166666667
44874  46.027  31.841  7.905 0.0138888889
44903  36.252  38.248  8.712 0.1805555556
44904  36.534  38.578  8.215 0.1944444444
44905  36.465  37.874  8.217 0.1527777778
44906  39.941  35.460  6.236 0.0555555556
44907  39.445  36.031  5.958 0.0833333333
44908  40.157  35.806  5.805 0.0555555556
44909  40.330  36.111  5.345 0.0833333333
44910  40.893  35.630  5.683 0.0416666667
44912  41.436  35.146  6.032 0.0416666667
44913  44.926  32.584  7.570 0.0277777778
44914  45.047  32.871  7.163 0.0138888889
44915  45.681  32.420  7.277 0.0138888889
46707  38.082  41.327  13.330 0.1666666667
46709  37.893  41.343  12.270 0.1944444444
46710  37.443  40.665  12.256 0.1666666667
46711  37.120  40.350  11.738 0.1805555556
48721  38.990  30.709  13.365 0.0138888889
48797  38.307  41.039  5.717 0.3333333333
54473  43.860  32.486  8.662 0.0138888889
54474  43.189  32.684  8.917 0.0138888889
54475  42.007  32.192  10.301 0.0138888889
54476  42.719  32.187  9.980 0.0138888889
54477  42.488  31.943  10.610 0.0138888889
54478  42.989  31.656  10.917 0.0138888889
54506  39.275  34.383  7.923 0.0555555556
54507  38.652  34.810  7.703 0.0555555556
54508  39.417  34.669  7.447 0.0555555556
54509  39.561  34.915  6.993 0.0555555556
54510  40.225  34.560  7.266 0.0555555556
54511  40.968  34.419  7.165 0.0555555556
54512  40.828  34.183  7.583 0.0555555556
54513  42.062  33.318  8.575 0.0277777778
54514  42.138  33.538  8.183 0.0277777778
54515  42.841  33.216  8.384 0.0277777778
54516  43.557  32.985  8.131 0.0277777778
58417  45.309  35.955  1.395 0.0277777778
65505  44.765  31.808  9.287 0.0138888889
65506  45.450  31.636  9.051 0.0138888889
65507  45.201  31.503  9.627 0.0138888889
65508  45.903  30.782  10.661 0.0138888889
65588  37.079  40.885  8.630 0.4027777778
65589  37.292  41.189  8.175 0.3888888889
65590  37.036  40.561  8.108 0.3333333333
65591  37.094  39.153  7.173 0.2638888889
65592  37.154  39.854  7.158 0.2916666667
65593  37.317  39.467  6.696 0.2777777778
65594  37.576  39.769  6.276 0.2777777778
65595  37.530  39.082  6.217 0.2638888889
65596  37.472  36.567  7.414 0.0972222222
65597  37.235  37.210  7.317 0.1250000000
65598  37.731  36.883  6.889 0.1111111111
65599  38.646  37.179  5.529 0.1527777778
65600  38.143  37.483  5.864 0.1666666667
65601  38.326  37.748  5.379 0.1666666667
65602  38.141  38.375  5.304 0.1944444444
65603  38.569  38.013  4.953 0.1805555556
65605  39.056  37.635  4.590 0.1666666667
65606  40.692  36.537  4.367 0.1111111111
65607  40.219  36.992  4.103 0.1666666667
65608  40.882  36.759  3.910 0.1527777778
65609  41.094  36.926  3.500 0.1250000000
65610  41.603  36.493  3.757 0.1250000000
65611  42.305  36.277  3.604 0.0833333333
65612  42.136  36.112  4.078 0.1111111111
65614  43.343  35.504  4.861 0.0277777778
65615  44.037  35.225  5.271 0.0277777778
65616  44.831  35.214  5.184 0.0277777778
65617  44.669  34.939  5.687 0.0277777778
65618  42.469  34.165  6.998 0.0277777778
65620  43.282  34.098  6.910 0.0277777778
65622  44.940  34.016  6.630 0.0277777778
65623  45.714  33.879  6.413 0.0138888889
70898  38.030  32.754  10.816 0.0138888889
70903  37.503  31.428  13.360 0.0277777778
70987  38.132  43.902  10.498 0.4305555556
70999  38.791  42.587  13.238 0.1944444444
71000  39.003  42.947  13.696 0.2083333333
71001  39.051  43.235  13.204 0.2222222222
71006  37.908  41.950  11.232 0.2777777778
71008  37.853  42.254  10.776 0.3611111111
71009  37.871  42.590  10.334 0.3888888889
71010  37.594  41.977  10.284 0.3611111111
71011  37.394  41.631  9.686 0.3888888889
71012  37.309  41.359  10.158 0.3611111111
71013  36.505  39.706  10.800 0.2222222222
71014  36.592  40.070  10.212 0.2361111111
71015  36.291  39.372  10.202 0.2222222222
71016  36.184  39.012  9.681 0.2083333333
71017  35.998  38.671  10.189 0.1805555556
77040  39.006  32.064  11.478 0.0138888889
77041  39.776  32.142  11.224 0.0138888889
77042  39.552  31.757  11.736 0.0138888889
77043  40.242  30.720  12.691 0.0138888889
77044  40.525  31.117  12.166 0.0138888889
77045  40.941  30.713  12.424 0.0138888889
77046  41.725  30.821  12.169 0.0138888889
77047  41.358  30.348  12.601 0.0138888889
77266  37.806  41.953  7.358 0.3750000000
77267  38.202  42.685  7.506 0.3888888889
77268  38.152  42.316  6.932 0.3611111111
77333  43.750  36.026  3.261 0.0416666667
77335  44.466  35.886  3.125 0.0416666667
92590  41.513  32.447  10.041 0.0138888889
92608  38.365  34.155  8.740 0.0277777778
92609  39.170  34.101  8.442 0.0277777778
92610  39.922  34.032  8.214 0.0277777778
92611  40.687  33.948  8.052 0.0416666667
92612  40.606  33.680  8.526 0.0416666667
92613  41.308  33.354  8.773 0.0277777778
94940  38.810  44.495  8.202 0.4305555556
94941  38.849  44.124  7.682 0.4305555556
99207  44.331  31.509  10.432 0.0138888889
99208  45.005  31.391  10.170 0.0138888889
99209  44.837  31.254  10.673 0.0138888889
99210  45.259  30.909  10.916 0.0138888889
99211  45.631  30.479  11.153 0.0138888889
99257  36.587  39.657  8.646 0.2638888889
99258  36.834  39.936  8.106 0.3194444444
99259  36.660  39.256  8.155 0.2500000000
99260  36.848  38.878  7.674 0.2361111111
99261  37.065  38.513  7.186 0.2222222222
99262  38.589  35.975  6.679 0.0972222222
99263  38.238  36.564  6.528 0.1111111111
99264  38.778  36.302  6.223 0.0972222222
99265  39.011  36.619  5.718 0.1388888889
99266  39.185  36.850  5.226 0.1388888889
99267  39.376  37.062  4.744 0.1527777778
99268  39.805  36.575  5.021 0.1388888889
99269  40.497  36.324  4.848 0.1111111111
99270  41.234  36.120  4.693 0.0694444444
99271  41.935  35.944  4.554 0.0416666667
99272  41.808  35.729  5.067 0.0416666667
99276  43.932  33.733  7.122 0.0277777778
99279  46.010  33.085  6.560 0.0138888889
102504  38.332  41.658  13.838 0.1805555556
102506  38.587  42.269  12.785 0.2222222222
102507  38.527  42.515  12.238 0.2500000000
102508  38.283  41.960  12.273 0.2222222222
102509  37.926  41.666  11.737 0.2500000000
102510  37.559  41.358  11.217 0.2916666667
102511  37.242  41.054  10.686 0.3194444444
102512  37.176  40.724  11.229 0.2361111111
102513  36.788  40.037  11.298 0.1944444444
102514  36.401  39.324  11.348 0.1805555556
106128  38.660  31.304  12.634 0.0138888889
106129  39.341  31.361  12.266 0.0138888889
106130  39.175  31.014  12.830 0.0138888889
106131  39.617  30.716  13.005 0.0138888889
106132  39.981  30.356  13.183 0.0138888889
106264  37.866  41.151  6.400 0.3333333333
106265  38.131  41.886  6.449 0.3472222222
106266  38.187  41.452  6.040 0.3472222222
106267  38.519  41.738  5.709 0.3750000000
116197  44.780  32.355  7.981 0.0138888889
116198  45.253  32.020  8.198 0.0138888889
116199  44.539  32.262  8.433 0.0138888889
116200  44.312  32.144  8.944 0.0138888889
116201  44.063  31.997  9.499 0.0138888889
116202  42.952  32.438  9.411 0.0138888889
116203  43.395  32.131  9.703 0.0138888889
116204  43.838  31.838  10.032 0.0138888889
116205  43.672  31.617  10.649 0.0138888889
116206  43.529  31.308  11.200 0.0138888889
116240  36.356  36.860  8.795 0.1111111111
116241  36.567  37.225  8.301 0.1111111111
116242  36.756  36.526  8.360 0.0833333333
116243  37.217  36.241  7.915 0.0694444444
116244  37.765  35.946  7.494 0.0694444444
116247  38.380  35.666  7.099 0.0694444444
116248  39.038  35.411  6.810 0.0694444444
116249  39.732  35.193  6.624 0.0555555556
116250  40.456  35.008  6.525 0.0555555556
116251  41.258  34.871  6.415 0.0555555556
116252  41.097  34.639  6.765 0.0555555556
116253  41.700  34.281  7.074 0.0555555556
116254  42.335  33.936  7.397 0.0416666667
116255  41.454  33.842  7.905 0.0416666667
116256  42.213  33.726  7.807 0.0277777778
116257  43.017  33.585  7.642 0.0277777778
116259  44.244  32.709  7.872 0.0277777778
118727  38.353  33.495  18.668 0.0277777778
121585  38.764  30.141  14.499 0.0138888889
131358  45.748  31.737  8.484 0.0138888889
131359  46.208  31.521  8.832 0.0138888889
131361  45.700  31.273  9.942 0.0138888889
131462  37.758  42.217  8.856 0.4166666667
131463  38.010  42.572  8.505 0.4166666667
131464  37.633  41.893  8.304 0.4027777778
131465  37.518  41.594  7.761 0.3888888889
131466  37.521  41.231  7.258 0.3611111111
131467  37.044  40.239  7.582 0.3194444444
131468  37.296  40.542  7.179 0.3611111111
131469  37.559  40.850  6.792 0.3194444444
131470  37.692  40.457  6.338 0.3333333333
131471  37.869  40.054  5.910 0.2916666667
131473  36.832  37.539  7.778 0.1250000000
131474  37.116  37.847  7.238 0.1527777778
131475  37.362  38.144  6.708 0.2083333333
131476  37.957  37.174  6.361 0.1388888889
131477  37.699  37.823  6.250 0.1666666667
131478  37.596  38.426  6.202 0.2500000000
131479  37.823  38.713  5.759 0.2500000000
131480  38.040  38.992  5.397 0.2361111111
131485  39.613  37.282  4.321 0.1666666667
131486  39.820  37.504  3.933 0.1527777778
131492  42.478  36.479  3.106 0.0833333333
131493  43.033  36.141  3.422 0.0555555556
131494  43.630  35.909  3.786 0.0277777778
131495  42.722  35.770  4.445 0.0416666667
131496  43.492  35.699  4.340 0.0277777778
131501  42.064  34.730  6.304 0.0416666667
131504  44.117  34.094  6.807 0.0277777778
131505  44.298  34.361  6.471 0.0277777778
131506  44.461  34.634  6.140 0.0277777778
138174  38.745  32.754  10.592 0.0138888889
138175  38.514  32.396  11.151 0.0138888889
138176  38.319  31.979  11.708 0.0138888889
138305  38.395  42.804  11.761 0.2916666667
138310  37.856  42.556  9.357 0.4166666667
138311  37.528  41.906  9.186 0.4166666667
138312  37.197  41.269  9.135 0.3611111111
138313  36.920  40.652  9.131 0.3333333333
138314  36.943  40.737  10.174 0.2916666667
138315  36.755  40.388  9.682 0.2916666667
138316  36.628  40.025  9.161 0.2916666667
138317  36.343  39.353  9.179 0.2361111111
138318  36.154  38.622  9.186 0.2083333333
138319  35.980  37.899  9.185 0.1666666667
138326  35.738  37.874  10.195 0.1527777778
138327  35.835  37.525  9.671 0.1250000000
138328  36.020  37.181  9.198 0.0972222222
145665  40.067  32.439  10.699 0.0138888889
145666  40.598  32.150  10.925 0.0138888889
145668  40.057  31.457  11.947 0.0138888889
145669  40.788  31.568  11.707 0.0138888889
145671  42.066  31.221  11.682 0.0138888889
145674  39.276  30.041  14.031 0.0138888889
145675  39.829  29.968  13.685 0.0138888889
145676  40.422  29.964  13.390 0.0138888889
145937  38.253  43.007  8.072 0.4027777778
145938  38.542  43.381  7.603 0.4166666667
145939  38.834  43.750  7.134 0.4305555556
145940  38.447  42.637  6.504 0.4027777778
145941  38.822  43.385  6.634 0.4166666667
146020  44.588  36.007  2.110 0.0277777778
146021  45.156  35.715  2.973 0.0277777778
146022  45.232  35.713  2.414 0.0277777778
146023  45.272  35.766  1.909 0.0277777778
387  30.879  49.342  -1.606 0.0277777778
394  24.484  50.340  6.403 0.0416666667
885  32.125  50.097  3.412 0.0555555556
895  31.234  47.190  11.072 0.0833333333
896  25.891  47.596  10.550 0.0138888889
897  29.012  46.943  6.087 0.0694444444
898  26.557  48.514  2.110 0.0277777778
1881  22.685  53.261  2.223 0.0138888889
2815  32.904  48.075  9.269 0.1111111111
2816  30.251  46.589  8.340 0.1111111111
2817  32.012  47.844  6.470 0.0972222222
2818  30.715  48.430  4.464 0.0694444444
4128  25.541  48.839  8.385 0.0277777778
4130  25.099  51.949  8.791 0.0138888889
4134  23.133  51.743  4.373 0.0277777778
4135  28.837  48.741  0.240 0.0138888889
4136  25.696  49.059  -0.286 0.0138888889
6201  31.470  49.721  1.132 0.0277777778
6219  29.445  46.708  12.983 0.0555555556
6221  28.457  46.390  10.520 0.0694444444
6222  27.261  46.578  8.176 0.0555555556
6223  26.152  47.713  6.046 0.0416666667
6224  24.945  48.821  4.042 0.0416666667
6225  27.691  47.806  4.094 0.0416666667
6226  29.447  48.910  2.553 0.0277777778
7281  31.670  47.441  13.456 0.0833333333
8262  24.118  50.067  2.089 0.0138888889
8263  23.574  51.162  -0.081 0.0138888889
10495  33.652  48.798  8.408 0.0972222222
10496  32.483  47.764  7.833 0.0972222222
10497  33.282  48.684  7.028 0.0833333333
10498  32.760  48.823  5.794 0.0833333333
11808  25.038  49.584  7.404 0.0416666667
11809  25.218  50.416  8.593 0.0277777778
11810  24.717  51.166  7.627 0.0277777778
11811  24.568  52.840  7.769 0.0138888889
11812  24.066  51.965  6.606 0.0277777778
11813  23.265  52.760  5.531 0.0277777778
11814  23.717  50.986  5.405 0.0277777778
11815  29.944  48.941  -0.647 0.0138888889
11816  28.223  48.799  -1.074 0.0138888889
14175  31.573  50.031  2.382 0.0416666667
14205  30.281  46.886  12.054 0.0833333333
14206  29.007  46.451  11.802 0.0555555556
14207  29.897  46.578  10.692 0.0833333333
14208  29.676  46.675  7.104 0.0972222222
14209  28.670  46.264  8.157 0.0972222222
14210  28.036  46.551  7.016 0.0694444444
14211  26.642  47.027  7.014 0.0555555556
14212  27.480  46.994  5.992 0.0555555556
14213  26.844  47.498  4.983 0.0416666667
14214  28.343  47.360  5.013 0.0416666667
14215  31.433  49.227  3.849 0.0416666667
14216  29.944  48.688  3.518 0.0416666667
14217  30.821  49.416  2.988 0.0277777778
14218  30.432  49.307  1.843 0.0416666667
18145  25.263  47.962  11.657 0.0138888889
18165  25.691  48.568  3.041 0.0416666667
18166  24.470  49.319  3.062 0.0416666667
18167  25.246  49.048  2.035 0.0277777778
18169  24.436  49.931  -0.261 0.0138888889
23481  32.768  49.870  4.224 0.0555555556
23499  32.168  47.538  10.156 0.0972222222
23500  30.831  46.760  9.658 0.0833333333
23501  31.728  47.200  8.742 0.0833333333
23502  31.208  47.152  7.384 0.1111111111
23503  30.606  47.291  6.197 0.0694444444
23504  29.961  47.671  5.274 0.0694444444
23505  31.397  48.109  5.380 0.0833333333
23506  32.114  49.007  4.652 0.0833333333
25862  25.788  48.215  9.486 0.0416666667
25864  25.345  49.600  9.655 0.0138888889
25865  25.038  51.007  9.815 0.0138888889
25873  22.704  53.553  4.384 0.0138888889
25874  22.786  52.478  3.246 0.0138888889
25875  27.663  48.558  1.104 0.0138888889
25876  26.209  48.836  0.930 0.0138888889
25877  27.168  48.641  -0.152 0.0138888889
29829  31.353  49.363  -0.239 0.0277777778
29830  32.255  49.727  -0.814 0.0277777778
29873  28.123  46.498  12.727 0.0416666667
29874  27.567  46.476  11.600 0.0277777778
29875  27.030  46.738  10.435 0.0277777778
29876  29.381  46.278  9.334 0.0972222222
29877  27.877  46.335  9.285 0.0833333333
29878  26.582  47.053  9.377 0.0416666667
29879  26.169  47.543  8.269 0.0555555556
29880  25.702  48.145  7.251 0.0416666667
29881  25.160  48.914  6.239 0.0416666667
29882  24.522  49.479  5.204 0.0416666667
29883  25.614  48.313  5.052 0.0416666667
29884  26.220  48.110  3.967 0.0416666667
29885  27.090  48.214  3.111 0.0416666667
29886  29.215  47.982  4.306 0.0416666667
29887  28.521  48.298  3.307 0.0416666667
29888  27.995  48.479  2.225 0.0277777778
29889  29.199  48.792  1.388 0.0138888889
29890  30.357  48.998  0.555 0.0138888889
32349  38.042  42.890  10.833 0.3472222222
32380  30.550  47.077  13.244 0.0694444444
32381  31.503  47.357  12.240 0.0694444444
32383  32.651  47.802  12.483 0.0972222222
32384  32.526  47.751  11.389 0.1111111111
32385  33.248  48.230  10.558 0.1250000000
32386  33.924  48.954  9.771 0.1111111111
35082  23.832  50.049  4.189 0.0277777778
35083  23.451  50.742  3.164 0.0138888889
35084  23.268  51.485  2.128 0.0138888889
35085  24.971  49.564  0.901 0.0138888889
35086  23.956  50.722  0.962 0.0138888889
35087  23.243  52.166  1.133 0.0138888889
41216  33.492  48.677  7.664 0.0972222222
42528  24.774  49.974  6.912 0.0416666667
42529  24.842  50.355  7.510 0.0416666667
42530  24.548  50.736  7.012 0.0416666667
42531  24.412  51.593  7.122 0.0277777778
42532  24.234  51.131  6.505 0.0277777778
42533  23.857  51.483  6.016 0.0277777778
42534  24.116  50.648  5.904 0.0416666667
42535  30.453  49.160  -1.114 0.0138888889
42536  29.695  49.060  -1.301 0.0138888889
42537  30.187  49.294  -1.768 0.0138888889
44895  31.820  50.107  2.957 0.0416666667
44925  30.774  47.046  11.571 0.0833333333
44926  30.090  46.747  11.414 0.0833333333
44927  30.578  46.862  10.871 0.0833333333
44928  29.358  46.784  6.577 0.0694444444
44929  28.844  46.535  7.021 0.0833333333
44930  28.532  46.650  6.528 0.0694444444
44931  27.754  46.680  6.515 0.0555555556
44932  28.242  46.896  6.026 0.0555555556
44933  27.931  47.110  5.487 0.0555555556
44934  28.693  47.150  5.582 0.0555555556
44935  31.838  49.665  3.623 0.0555555556
44936  31.145  49.308  3.444 0.0277777778
44937  31.512  49.728  3.217 0.0416666667
44938  31.210  49.776  2.744 0.0416666667
46731  31.045  46.361  15.554 0.0416666667
46732  31.375  46.924  15.375 0.0555555556
48863  26.038  47.298  11.050 0.0138888889
48864  25.727  47.439  11.592 0.0138888889
48865  25.506  47.757  11.142 0.0138888889
48885  26.108  48.510  2.597 0.0277777778
48886  25.422  48.767  2.542 0.0277777778
48887  25.873  48.713  2.059 0.0277777778
54525  32.536  47.721  9.717 0.1111111111
54526  31.923  47.283  9.434 0.0972222222
54527  32.371  47.584  9.033 0.1111111111
54528  32.259  47.772  7.129 0.0972222222
54529  31.870  47.427  7.578 0.0972222222
54530  31.633  47.470  6.908 0.0972222222
54531  30.943  47.197  6.760 0.0972222222
54532  31.345  47.543  6.299 0.0833333333
54533  31.031  47.656  5.738 0.0694444444
54534  31.700  47.939  5.903 0.0694444444
54536  32.433  48.940  5.223 0.0694444444
54537  32.785  49.399  4.892 0.0694444444
54538  32.437  49.450  4.433 0.0694444444
58463  25.673  48.502  8.901 0.0416666667
58464  25.514  48.890  9.527 0.0138888889
58465  25.487  49.243  9.019 0.0138888889
58466  25.140  51.187  8.685 0.0138888889
58467  25.241  50.744  9.191 0.0138888889
58468  25.161  51.471  9.299 0.0138888889
58469  24.878  51.751  9.934 0.0138888889
58472  25.077  52.706  8.881 0.0138888889
58473  24.266  53.237  7.273 0.0138888889
58480  23.159  52.270  4.958 0.0277777778
58481  22.976  53.169  4.976 0.0138888889
58482  22.904  52.666  4.416 0.0138888889
58483  22.702  53.004  3.819 0.0138888889
58484  22.936  52.118  3.808 0.0277777778
58485  28.230  48.630  0.679 0.0138888889
58486  27.437  48.614  0.489 0.0138888889
58487  27.960  48.632  0.053 0.0138888889
58489  27.345  48.748  -1.247 0.0138888889
65565  31.461  49.493  0.453 0.0277777778
65566  31.964  49.730  0.189 0.0277777778
65567  32.008  49.962  0.872 0.0277777778
65657  28.788  46.575  12.859 0.0555555556
65658  28.755  46.422  11.163 0.0833333333
65659  28.279  46.398  11.684 0.0416666667
65660  27.976  46.413  11.069 0.0416666667
65661  27.282  46.602  11.010 0.0277777778
65662  27.706  46.486  10.462 0.0277777778
65663  30.534  46.631  8.990 0.0972222222
65664  30.078  46.454  9.439 0.0972222222
65665  29.774  46.381  8.820 0.0972222222
65666  27.939  46.345  8.157 0.0833333333
65667  28.266  46.212  8.709 0.0972222222
65668  27.591  46.407  8.724 0.0833333333
65669  27.196  46.623  9.342 0.0694444444
65670  26.969  46.789  8.768 0.0694444444
65671  26.411  47.273  8.825 0.0555555556
65672  26.638  47.029  8.234 0.0555555556
65673  26.408  47.371  6.545 0.0555555556
65674  26.128  47.532  7.131 0.0555555556
65675  25.878  47.871  6.638 0.0416666667
65676  25.430  48.508  6.762 0.0416666667
65677  25.618  48.254  6.135 0.0416666667
65678  25.365  48.544  5.635 0.0416666667
65679  25.910  48.058  5.554 0.0416666667
65680  27.262  47.601  4.494 0.0416666667
65681  26.559  47.814  4.494 0.0416666667
65682  26.955  47.844  4.002 0.0416666667
65683  26.646  48.136  3.547 0.0416666667
65684  27.358  48.030  3.605 0.0416666667
65685  30.361  48.059  4.833 0.0694444444
65686  29.580  47.848  4.773 0.0416666667
65687  29.956  48.242  4.369 0.0416666667
65688  29.653  48.824  3.060 0.0277777778
65689  29.182  48.468  3.398 0.0416666667
65690  28.929  48.591  2.904 0.0277777778
65691  28.273  48.393  2.787 0.0416666667
65692  28.730  48.643  2.372 0.0277777778
65693  28.594  48.604  1.799 0.0138888889
65694  29.298  48.861  1.963 0.0277777778
65695  30.936  49.483  1.510 0.0277777778
65696  30.378  49.135  1.179 0.0277777778
65697  30.930  49.317  0.871 0.0277777778
65698  30.857  49.188  0.182 0.0277777778
71007  38.114  42.515  11.262 0.3333333333
71080  31.192  47.289  13.954 0.0694444444
71081  30.692  47.117  13.832 0.0694444444
71082  31.123  47.267  13.357 0.0694444444
71083  31.013  47.230  12.733 0.0694444444
71084  31.583  47.410  12.826 0.0694444444
71089  33.220  48.011  12.664 0.1111111111
71090  33.187  47.984  12.073 0.1111111111
71091  32.617  47.762  11.935 0.1111111111
71092  33.065  47.967  11.518 0.1388888889
71093  32.883  47.967  10.942 0.1111111111
71094  33.376  48.202  11.087 0.1527777778
71096  34.146  48.999  10.315 0.1250000000
77198  32.892  50.071  -0.402 0.0277777778
77535  24.667  49.095  4.599 0.0416666667
77536  24.146  49.754  4.699 0.0416666667
77537  24.350  49.359  4.109 0.0416666667
77538  24.281  49.710  2.580 0.0277777778
77539  23.905  49.974  3.120 0.0416666667
77540  23.759  50.342  2.622 0.0138888889
77541  23.322  51.089  2.632 0.0138888889
77542  23.661  50.721  2.106 0.0138888889
77543  25.986  48.942  0.328 0.0138888889
77544  25.560  49.146  0.908 0.0138888889
77545  25.344  49.299  0.298 0.0138888889
77546  23.971  50.506  -0.162 0.0138888889
77547  24.255  50.378  0.317 0.0138888889
77548  23.845  50.974  0.469 0.0138888889
77549  23.565  51.418  1.030 0.0138888889
77550  23.483  51.702  0.501 0.0138888889
92619  33.279  48.410  8.817 0.1111111111
92620  32.722  47.917  8.565 0.0972222222
92621  33.101  48.271  8.095 0.0972222222
92622  32.875  48.159  7.382 0.1111111111
92623  32.671  48.188  6.730 0.0972222222
92624  32.404  48.295  6.134 0.0972222222
92625  33.074  48.721  6.412 0.0833333333
94982  25.330  49.198  7.894 0.0416666667
94983  25.368  49.609  8.534 0.0277777778
94984  25.117  49.968  8.002 0.0277777778
94985  24.968  50.776  8.100 0.0277777778
94986  24.917  51.571  8.224 0.0138888889
94987  24.882  52.383  8.283 0.0138888889
94988  24.637  51.987  7.721 0.0138888889
94989  24.341  52.421  7.194 0.0277777778
94990  23.958  52.814  6.677 0.0138888889
94991  23.536  53.214  6.174 0.0138888889
94992  23.676  52.350  6.097 0.0277777778
94993  23.452  51.865  5.496 0.0277777778
94994  23.385  51.343  4.909 0.0277777778
94995  29.421  48.855  -0.180 0.0138888889
94996  28.520  48.712  -0.420 0.0138888889
94997  29.105  48.863  -0.858 0.0138888889
94998  28.798  49.008  -1.551 0.0138888889
99243  31.473  49.906  1.757 0.0416666667
99297  29.844  46.777  12.544 0.0694444444
99298  29.227  46.584  12.410 0.0555555556
99299  29.672  46.641  11.964 0.0833333333
99300  29.427  46.537  11.284 0.0833333333
99301  29.208  46.435  10.598 0.0833333333
99302  29.958  46.617  7.697 0.1111111111
99303  29.427  46.326  8.176 0.1111111111
99304  29.141  46.442  7.588 0.0972222222
99305  28.363  46.383  7.533 0.0833333333
99306  27.589  46.505  7.593 0.0694444444
99307  26.946  46.828  7.619 0.0555555556
99308  27.275  46.719  7.045 0.0555555556
99309  27.034  46.969  6.515 0.0555555556
99310  26.734  47.272  5.993 0.0555555556
99311  26.495  47.619  5.504 0.0416666667
99312  27.166  47.279  5.488 0.0416666667
99313  27.584  47.362  4.949 0.0416666667
99314  28.017  47.570  4.544 0.0416666667
99315  31.080  48.801  4.137 0.0555555556
99316  30.320  48.600  3.996 0.0416666667
99317  30.692  48.950  3.670 0.0277777778
99318  30.382  49.069  3.244 0.0277777778
99319  30.110  49.162  2.760 0.0277777778
99320  29.947  49.147  2.192 0.0277777778
99321  30.555  49.461  2.471 0.0277777778
99322  31.003  49.655  2.121 0.0416666667
102553  31.199  47.292  14.500 0.0555555556
106425  25.283  48.643  3.511 0.0416666667
106426  24.673  49.081  3.550 0.0416666667
106427  25.046  48.896  3.026 0.0416666667
106428  24.840  49.187  2.544 0.0277777778
106429  24.675  49.507  2.039 0.0277777778
106431  25.005  49.427  -0.330 0.0138888889
116229  32.502  49.981  3.830 0.0555555556
116271  31.724  47.377  10.618 0.0972222222
116272  31.067  46.970  10.370 0.0833333333
116273  31.532  47.134  9.905 0.0972222222
116274  31.272  46.900  9.191 0.0972222222
116275  31.019  46.869  8.517 0.1111111111
116276  32.143  47.502  8.308 0.0833333333
116277  31.512  47.168  8.031 0.0972222222
116278  30.794  46.866  7.838 0.0972222222
116279  30.481  46.901  7.232 0.1111111111
116280  30.169  46.977  6.658 0.0694444444
116281  29.791  47.102  6.128 0.0694444444
116282  29.482  47.290  5.668 0.0694444444
116283  30.281  47.477  5.727 0.0694444444
116284  30.701  47.857  5.287 0.0694444444
116285  31.101  48.246  4.887 0.0694444444
116286  32.061  48.447  5.567 0.0833333333
116287  31.755  48.581  5.044 0.0694444444
116288  31.444  48.667  4.570 0.0694444444
116289  31.782  49.102  4.263 0.0694444444
116290  32.156  49.539  4.027 0.0555555556
121784  25.808  47.863  10.030 0.0277777778
121785  25.474  48.133  10.631 0.0138888889
121786  25.461  48.493  10.111 0.0138888889
121787  25.200  49.183  10.198 0.0138888889
121789  25.352  50.002  9.130 0.0138888889
121790  25.193  50.300  9.727 0.0138888889
121791  24.830  50.518  10.310 0.0138888889
121809  23.153  53.649  5.588 0.0138888889
121810  22.841  54.047  4.984 0.0138888889
121814  22.685  52.863  2.709 0.0138888889
121815  27.062  48.548  1.579 0.0138888889
121816  26.349  48.674  1.544 0.0138888889
121817  26.909  48.621  0.965 0.0138888889
121818  26.691  48.715  0.363 0.0138888889
121819  26.426  48.796  -0.232 0.0138888889
121820  27.645  48.658  -0.598 0.0138888889
121821  26.823  48.725  -0.751 0.0138888889
131433  31.145  49.311  -0.912 0.0277777778
131434  31.605  49.501  -1.210 0.0277777778
131435  31.845  49.555  -0.507 0.0277777778
131436  32.408  49.896  -0.104 0.0277777778
131550  27.753  46.527  13.178 0.0416666667
131551  27.486  46.510  12.617 0.0277777778
131552  28.548  46.442  12.275 0.0555555556
131553  27.873  46.415  12.167 0.0277777778
131556  26.624  46.911  11.007 0.0138888889
131557  26.369  47.151  10.500 0.0138888889
131558  30.374  46.670  10.147 0.0833333333
131559  29.667  46.447  10.000 0.0972222222
131560  28.939  46.306  9.905 0.0972222222
131561  29.029  46.233  8.722 0.0972222222
131562  28.614  46.226  9.284 0.0972222222
131563  28.173  46.265  9.831 0.0555555556
131564  27.452  46.534  9.894 0.0555555556
131565  26.793  46.898  9.927 0.0416666667
131566  26.229  47.348  9.973 0.0277777778
131567  26.137  47.585  9.438 0.0416666667
131568  25.973  47.803  8.877 0.0555555556
131569  25.810  48.142  8.319 0.0555555556
131570  26.382  47.291  7.671 0.0555555556
131571  25.920  47.840  7.726 0.0555555556
131572  25.607  48.487  7.802 0.0416666667
131573  25.345  48.840  7.342 0.0416666667
131574  25.073  49.242  6.833 0.0416666667
131575  24.823  49.642  6.307 0.0416666667
131576  24.475  49.913  5.803 0.0416666667
131577  24.892  49.210  5.716 0.0416666667
131578  25.051  48.825  5.115 0.0416666667
131579  25.256  48.533  4.518 0.0416666667
131580  26.217  47.894  5.026 0.0416666667
131581  25.906  48.153  4.518 0.0416666667
131582  25.560  48.422  3.998 0.0416666667
131583  25.953  48.348  3.520 0.0416666667
131584  26.387  48.326  3.091 0.0416666667
131585  26.836  48.378  2.633 0.0416666667
131586  29.137  47.468  5.171 0.0555555556
131587  28.790  47.665  4.684 0.0416666667
131588  28.452  47.855  4.204 0.0416666667
131589  29.584  48.359  3.899 0.0416666667
131590  28.856  48.131  3.821 0.0416666667
131591  28.095  48.018  3.721 0.0416666667
131592  27.815  48.208  3.209 0.0416666667
131593  27.573  48.342  2.681 0.0416666667
131594  27.267  48.440  2.122 0.0416666667
131595  27.817  48.520  1.662 0.0138888889
131596  28.441  48.631  1.239 0.0138888889
131597  29.117  48.766  0.832 0.0138888889
131598  29.864  48.999  1.532 0.0138888889
131599  29.782  48.899  0.944 0.0138888889
131600  29.652  48.879  0.407 0.0138888889
131601  30.183  48.976  -0.027 0.0138888889
131602  30.709  49.097  -0.483 0.0277777778
138283  38.114  43.259  9.508 0.4305555556
138306  38.237  43.189  11.328 0.3333333333
138307  38.157  43.561  10.910 0.3750000000
138308  38.071  43.246  10.400 0.3888888889
138309  37.967  42.911  9.902 0.4027777778
138397  30.134  46.955  13.740 0.0555555556
138398  29.973  46.889  13.121 0.0694444444
138399  30.410  46.989  12.637 0.0694444444
138400  30.891  47.134  12.147 0.0833333333
138401  31.385  47.294  11.671 0.0833333333
138403  32.239  47.631  14.209 0.0972222222
138404  32.196  47.615  13.625 0.0972222222
138406  32.703  47.809  13.146 0.1111111111
138407  32.146  47.594  12.973 0.0972222222
138408  32.106  47.553  12.343 0.0972222222
138409  32.009  47.530  11.797 0.0972222222
138410  31.869  47.523  11.253 0.0833333333
138411  32.336  47.691  10.790 0.0972222222
138412  32.729  47.900  10.370 0.1111111111
138413  33.091  48.176  9.966 0.1111111111
138414  33.785  48.603  10.732 0.1388888889
138415  33.586  48.575  10.184 0.1250000000
138416  33.395  48.511  9.536 0.1111111111
138417  33.766  48.894  9.118 0.0972222222
146262  24.080  50.163  5.296 0.0416666667
146263  23.700  50.490  4.789 0.0277777778
146264  23.438  50.857  4.287 0.0277777778
146265  24.100  49.660  3.614 0.0416666667
146266  23.586  50.386  3.675 0.0277777778
146267  23.204  51.249  3.757 0.0277777778
146268  23.083  51.586  3.203 0.0138888889
146269  22.976  51.960  2.662 0.0138888889
146270  22.924  52.372  2.171 0.0138888889
146271  25.687  48.887  1.505 0.0138888889
146272  25.110  49.356  1.510 0.0138888889
146273  24.560  49.832  1.520 0.0138888889
146274  24.761  49.795  0.286 0.0138888889
146275  24.416  50.093  0.905 0.0138888889
146276  24.045  50.384  1.539 0.0138888889
146277  23.604  51.084  1.538 0.0138888889
146278  23.247  51.862  1.623 0.0138888889
1863  29.463  52.763  -6.362 0.0138888889
1882  24.353  49.815  -2.715 0.0138888889
4095  29.679  50.607  -4.182 0.0138888889
4096  31.771  52.478  -5.479 0.0138888889
4097  32.672  50.103  -3.041 0.0277777778
4137  27.566  49.074  -2.376 0.0138888889
4138  26.720  50.304  -4.698 0.0138888889
8216  35.444  50.743  -1.375 0.0416666667
11775  30.285  49.820  -2.917 0.0138888889
11776  31.168  50.372  -3.595 0.0138888889
11777  31.779  49.773  -2.236 0.0277777778
11817  29.368  49.244  -1.994 0.0138888889
11818  28.685  49.708  -3.263 0.0138888889
18054  34.514  50.640  -0.593 0.0277777778
18168  24.980  49.408  -1.543 0.0138888889
18170  23.743  50.274  -1.421 0.0138888889
18175  28.092  51.294  -5.468 0.0138888889
25803  29.457  51.550  -5.396 0.0138888889
25804  30.548  52.717  -5.906 0.0138888889
25805  30.772  51.501  -4.762 0.0138888889
25806  32.204  51.118  -4.406 0.0138888889
25807  33.612  50.567  -3.859 0.0138888889
25878  26.502  48.880  -1.394 0.0138888889
25879  25.831  49.296  -2.667 0.0138888889
25880  25.362  49.752  -3.830 0.0138888889
25881  26.946  49.574  -3.613 0.0138888889
25882  28.233  50.269  -4.445 0.0138888889
34946  33.228  49.912  -1.503 0.0138888889
34947  34.108  50.081  -2.256 0.0138888889
34948  35.038  50.362  -3.017 0.0416666667
42495  30.577  49.492  -2.253 0.0138888889
42496  31.018  49.738  -2.607 0.0277777778
42497  31.314  49.531  -1.926 0.0277777778
42538  29.846  49.480  -2.417 0.0138888889
48767  30.005  53.324  -6.637 0.0138888889
48888  24.645  49.601  -2.123 0.0138888889
48889  24.315  49.782  -1.461 0.0138888889
48890  24.006  49.989  -2.079 0.0138888889
48895  28.796  51.988  -5.920 0.0138888889
58365  29.512  51.062  -4.810 0.0138888889
58366  30.098  51.580  -5.080 0.0138888889
58367  30.223  51.090  -4.453 0.0138888889
58368  31.902  50.277  -3.344 0.0277777778
58369  31.657  50.747  -3.987 0.0138888889
58370  32.398  50.567  -3.751 0.0138888889
58371  32.880  50.849  -4.150 0.0138888889
58372  33.132  50.340  -3.443 0.0138888889
58488  27.905  48.926  -1.731 0.0138888889
58490  27.025  48.925  -1.885 0.0138888889
58491  26.174  49.057  -2.035 0.0138888889
58492  26.657  49.136  -2.520 0.0138888889
58493  26.344  49.370  -3.149 0.0138888889
58494  27.212  49.315  -2.990 0.0138888889
58495  29.222  50.148  -3.764 0.0138888889
58496  28.413  49.946  -3.899 0.0138888889
58497  28.976  50.471  -4.343 0.0138888889
58498  28.853  50.870  -4.903 0.0138888889
77183  31.118  52.659  -5.687 0.0138888889
77184  31.156  53.351  -6.112 0.0138888889
77185  31.746  53.242  -5.928 0.0138888889
77199  32.728  49.803  -1.136 0.0277777778
77200  33.380  50.182  -0.723 0.0138888889
77201  34.995  50.701  -0.980 0.0277777778
77202  34.338  50.274  -1.419 0.0138888889
77203  34.779  50.307  -1.806 0.0416666667
77204  34.569  50.224  -2.644 0.0416666667
77205  35.242  50.475  -2.178 0.0416666667
94923  29.986  50.209  -3.578 0.0138888889
94924  30.419  50.558  -3.867 0.0138888889
94925  30.722  50.092  -3.257 0.0138888889
94926  31.477  50.009  -2.931 0.0277777778
94927  32.254  49.944  -2.605 0.0277777778
94999  28.470  49.174  -2.224 0.0138888889
95000  28.103  49.352  -2.812 0.0138888889
95001  29.017  49.453  -2.623 0.0138888889
95002  29.520  49.797  -3.096 0.0138888889
106214  32.534  52.291  -5.314 0.0138888889
106224  34.036  50.599  -0.253 0.0138888889
106430  25.333  49.224  -0.934 0.0138888889
106432  24.674  49.623  -0.895 0.0138888889
106433  24.106  50.095  -0.811 0.0138888889
106434  23.635  50.643  -0.725 0.0138888889
106443  27.379  50.723  -5.110 0.0138888889
121647  29.470  52.126  -5.867 0.0138888889
121648  30.022  52.707  -6.133 0.0138888889
121649  30.018  52.129  -5.643 0.0138888889
121650  30.599  52.155  -5.369 0.0138888889
121651  31.227  51.972  -5.141 0.0138888889
121652  30.928  50.916  -4.199 0.0138888889
121653  31.423  51.308  -4.560 0.0138888889
121654  31.974  51.787  -4.954 0.0138888889
121655  32.728  51.548  -4.777 0.0138888889
121657  34.169  50.933  -4.213 0.0277777778
121822  26.051  48.897  -0.870 0.0138888889
121823  25.714  49.101  -1.499 0.0138888889
121824  25.370  49.286  -2.118 0.0138888889
121825  25.062  49.526  -2.750 0.0138888889
121826  24.817  49.763  -3.307 0.0138888889
121827  25.561  49.530  -3.298 0.0138888889
121828  26.123  49.622  -3.753 0.0138888889
121829  26.850  49.885  -4.187 0.0138888889
121830  27.772  49.547  -3.429 0.0138888889
121831  27.624  49.854  -4.042 0.0138888889
121832  27.497  50.264  -4.596 0.0138888889
121833  28.134  50.751  -4.995 0.0138888889
121834  28.888  51.373  -5.478 0.0138888889
145838  30.578  53.290  -6.378 0.0138888889
145856  32.020  49.655  -1.536 0.0277777778
145857  32.528  49.777  -1.887 0.0277777778
145858  33.016  49.835  -2.288 0.0277777778
145859  33.884  50.217  -1.065 0.0138888889
145860  33.712  49.962  -1.872 0.0138888889
145861  33.414  50.017  -2.672 0.0138888889
145862  33.863  50.187  -3.091 0.0138888889
145863  34.346  50.370  -3.482 0.0277777778
390  42.152  37.182  2.438 0.0972222222
889  38.374  39.931  5.150 0.2777777778
1867  38.619  44.203  -1.234 0.0555555556
1869  39.954  42.357  2.354 0.1666666667
1870  42.287  39.330  -0.692 0.0277777778
3053  40.676  43.288  -5.046 0.0138888889
3055  42.215  41.585  -7.302 0.0138888889
4106  39.822  38.419  3.581 0.1527777778
4107  39.865  40.953  3.999 0.2500000000
4108  40.835  39.571  2.391 0.1527777778
4109  40.505  40.688  0.588 0.0833333333
4110  42.788  38.407  1.198 0.0555555556
7610  43.727  37.909  -3.673 0.0138888889
8220  39.458  45.215  -3.082 0.0555555556
8221  39.203  41.949  -3.276 0.0277777778
8225  39.215  42.711  5.464 0.4027777778
8228  38.645  43.168  0.687 0.1111111111
8229  39.274  41.044  -1.297 0.0277777778
8230  41.142  39.139  -2.670 0.0138888889
10733  40.490  41.524  -5.182 0.0138888889
10734  41.313  42.467  -6.235 0.0138888889
10735  41.440  40.571  -6.166 0.0138888889
11786  40.889  37.715  2.996 0.1388888889
11787  40.355  39.003  3.002 0.1666666667
11788  41.390  38.372  2.374 0.1250000000
11789  41.722  38.964  1.753 0.0972222222
11790  42.465  37.748  1.781 0.0694444444
11791  43.544  37.233  1.234 0.0694444444
11792  43.348  36.719  1.961 0.0694444444
18063  38.824  45.911  -1.145 0.0972222222
18065  38.986  44.719  -2.123 0.0555555556
18066  39.331  43.659  -3.130 0.0416666667
18067  38.793  43.046  -2.234 0.0416666667
18078  38.723  41.288  5.399 0.3472222222
18079  40.240  41.646  3.235 0.2222222222
18080  40.337  42.331  4.116 0.2777777778
18081  40.420  43.209  3.184 0.2083333333
18083  39.740  43.718  2.456 0.1805555556
18084  38.849  44.193  1.702 0.1388888889
18085  39.299  42.807  1.539 0.1666666667
18086  41.247  39.986  -0.126 0.0277777778
18087  39.817  40.864  -0.336 0.0416666667
18088  40.516  39.989  -1.105 0.0277777778
18089  40.070  40.036  -2.075 0.0138888889
18090  41.585  39.193  -1.678 0.0138888889
18091  42.862  38.668  -2.175 0.0138888889
18092  43.486  38.852  -1.184 0.0138888889
23929  41.495  44.109  -6.104 0.0277777778
25816  38.432  45.483  -0.259 0.0972222222
25822  38.990  39.144  4.277 0.1805555556
25823  39.137  40.481  4.637 0.2777777778
25824  39.654  39.696  3.717 0.1805555556
25825  40.194  40.217  3.158 0.1666666667
25826  40.326  40.860  2.380 0.1527777778
25827  39.977  41.479  1.448 0.1388888889
25828  40.896  40.217  1.593 0.0972222222
25829  41.771  39.606  0.857 0.0694444444
25830  42.860  39.045  0.318 0.0416666667
25831  43.910  38.607  -0.203 0.0416666667
25832  43.834  37.894  0.648 0.0416666667
25833  44.683  36.731  0.747 0.0277777778
29848  39.315  37.863  4.223 0.1527777778
34961  40.093  44.254  -4.050 0.0277777778
34962  39.853  42.604  -4.176 0.0138888889
34963  39.985  40.806  -4.117 0.0138888889
34974  39.137  43.733  6.272 0.4027777778
34976  39.541  41.761  4.825 0.3055555556
34977  40.093  43.241  4.908 0.4027777778
34983  38.360  44.862  0.676 0.1527777778
34984  38.346  43.636  -0.353 0.0972222222
34985  39.345  41.829  0.557 0.0694444444
34986  38.827  42.091  -0.398 0.0694444444
34987  38.612  42.544  -1.342 0.0555555556
34988  39.076  41.357  -2.269 0.0416666667
34989  39.838  40.291  -3.073 0.0138888889
34990  40.892  39.339  -3.706 0.0138888889
34991  42.400  38.418  -3.132 0.0138888889
41453  40.615  40.601  -5.040 0.0138888889
41454  40.963  41.039  -5.683 0.0138888889
42506  41.516  37.434  2.699 0.1111111111
42507  41.148  38.049  2.663 0.1388888889
42508  41.736  37.756  2.369 0.1111111111
42509  41.896  38.046  2.061 0.0972222222
42510  42.340  37.464  2.066 0.0833333333
42511  42.875  37.184  1.814 0.0972222222
42512  42.752  36.953  2.203 0.0972222222
48783  38.716  45.040  -1.181 0.0833333333
48784  38.880  45.308  -1.606 0.0694444444
48785  38.781  44.431  -1.699 0.0694444444
48786  38.895  43.880  -2.187 0.0416666667
48787  38.684  43.603  -1.745 0.0416666667
48796  38.160  40.323  5.619 0.3194444444
48798  38.524  40.622  5.356 0.3194444444
48799  40.145  42.028  2.794 0.2083333333
48800  40.318  42.421  3.216 0.2222222222
48801  40.125  42.791  2.783 0.1805555556
48802  40.123  43.500  2.801 0.2083333333
48803  39.815  43.059  2.398 0.1805555556
48804  39.429  43.261  2.065 0.1666666667
48805  39.617  42.627  1.963 0.1666666667
48806  41.717  39.642  -0.414 0.0277777778
48807  40.842  40.019  -0.610 0.0277777778
48808  41.302  39.649  -0.936 0.0277777778
48809  41.023  39.571  -1.424 0.0138888889
48810  41.927  39.290  -1.205 0.0138888889
48811  42.526  39.023  -1.482 0.0138888889
48812  42.869  39.069  -0.956 0.0138888889
55238  40.745  44.052  -4.993 0.0277777778
55240  41.088  43.771  -5.538 0.0138888889
55241  41.728  42.045  -6.782 0.0138888889
55242  41.762  42.947  -6.725 0.0138888889
55243  42.172  42.514  -7.242 0.0138888889
58387  38.420  46.128  0.210 0.1111111111
58396  39.364  38.755  3.912 0.1666666667
58397  39.333  39.417  3.995 0.1805555556
58398  39.651  39.013  3.651 0.1666666667
58399  40.637  39.282  2.717 0.1388888889
58400  40.208  39.626  3.094 0.1527777778
58401  40.472  39.867  2.747 0.1527777778
58402  40.350  40.515  2.778 0.1527777778
58403  40.587  40.172  2.376 0.1388888889
58404  40.543  40.523  1.976 0.1388888889
58405  40.924  39.909  2.036 0.1388888889
58406  42.240  38.656  1.460 0.0833333333
58407  41.785  39.289  1.364 0.0833333333
58408  42.355  38.991  1.085 0.0555555556
58409  42.295  39.299  0.585 0.0555555556
58410  42.906  38.730  0.813 0.0555555556
58411  43.402  38.495  0.528 0.0416666667
58412  43.301  38.173  0.934 0.0555555556
58413  44.073  36.690  1.344 0.0694444444
58414  44.136  36.983  1.000 0.0416666667
58415  44.691  36.447  1.157 0.0416666667
65604  38.794  38.262  4.562 0.1666666667
77237  39.743  44.727  -3.565 0.0416666667
77238  39.188  42.805  -3.222 0.0138888889
77239  39.529  43.119  -3.677 0.0138888889
77240  39.472  42.281  -3.743 0.0138888889
77241  39.781  41.704  -4.217 0.0138888889
77242  39.569  41.408  -3.724 0.0138888889
77269  38.827  42.449  5.709 0.4027777778
77270  38.792  42.953  6.142 0.4027777778
77271  39.141  43.260  5.799 0.4027777778
77272  39.487  44.043  5.922 0.4027777778
77273  39.544  43.530  5.518 0.3888888889
77274  39.496  40.724  4.317 0.2777777778
77275  39.358  41.124  4.726 0.2777777778
77276  39.741  41.359  4.410 0.2777777778
77278  40.203  42.740  4.554 0.3611111111
77291  38.736  43.692  1.190 0.1250000000
77292  38.549  44.500  1.192 0.1250000000
77293  38.487  43.947  0.695 0.1111111111
77294  38.356  44.246  0.179 0.1111111111
77295  38.468  43.412  0.181 0.0972222222
77296  40.222  41.080  1.001 0.1111111111
77297  39.608  41.656  1.001 0.1388888889
77298  39.889  41.229  0.540 0.0694444444
77299  39.497  40.917  -0.835 0.0277777778
77300  39.297  41.423  -0.407 0.0416666667
77301  39.027  41.562  -0.871 0.0416666667
77302  38.680  42.319  -0.846 0.0555555556
77303  38.872  41.746  -1.336 0.0277777778
77304  38.824  41.942  -1.824 0.0694444444
77305  39.146  41.168  -1.775 0.0277777778
77306  40.515  39.569  -2.420 0.0138888889
77307  39.866  40.149  -2.581 0.0138888889
77308  40.413  39.658  -2.899 0.0138888889
77309  40.307  39.752  -3.413 0.0138888889
77310  40.996  39.190  -3.189 0.0138888889
77311  41.567  38.834  -3.453 0.0138888889
77312  41.762  38.766  -2.902 0.0138888889
77313  43.834  38.555  -1.945 0.0138888889
77318  44.522  38.036  0.000 0.0416666667
77319  44.556  38.360  -0.384 0.0138888889
93047  40.559  42.453  -5.145 0.0138888889
93048  40.972  42.883  -5.652 0.0138888889
93049  40.916  41.979  -5.723 0.0138888889
93050  41.313  41.540  -6.290 0.0138888889
94942  40.317  38.061  3.254 0.1388888889
94943  40.071  38.688  3.293 0.1527777778
94944  40.574  38.351  2.968 0.1388888889
94945  40.868  38.697  2.685 0.1111111111
94946  41.103  38.989  2.395 0.1250000000
94947  41.282  39.290  2.080 0.1388888889
94948  41.597  38.658  2.091 0.0972222222
94949  42.083  38.360  1.779 0.0833333333
94950  42.622  38.085  1.512 0.0694444444
94951  43.143  37.829  1.222 0.0694444444
94952  42.981  37.461  1.490 0.0694444444
94953  43.463  36.951  1.577 0.0694444444
94954  44.001  36.461  1.796 0.0555555556
106244  39.050  45.526  -2.074 0.0555555556
106245  39.182  44.969  -2.584 0.0555555556
106246  39.426  44.466  -3.078 0.0555555556
106247  39.151  44.184  -2.618 0.0555555556
106248  39.007  43.345  -2.674 0.0416666667
106249  38.957  42.461  -2.741 0.0277777778
106268  38.940  41.963  5.430 0.3750000000
106269  40.131  41.256  3.641 0.2361111111
106270  40.097  41.610  4.069 0.2916666667
106271  40.258  41.989  3.668 0.2361111111
106272  40.473  42.773  3.658 0.2500000000
106279  39.222  43.957  2.160 0.1666666667
106280  39.081  43.459  1.665 0.1527777778
106281  38.972  42.992  1.142 0.1250000000
106282  40.826  40.342  0.224 0.0277777778
106283  40.149  40.779  0.122 0.0555555556
106284  40.439  40.390  -0.230 0.0138888889
106285  40.106  40.407  -0.728 0.0138888889
106286  39.826  40.457  -1.223 0.0277777778
106287  39.637  40.501  -1.686 0.0138888889
106288  40.254  39.964  -1.616 0.0138888889
106289  40.750  39.542  -1.925 0.0138888889
106290  41.304  39.154  -2.168 0.0138888889
106291  41.932  38.784  -2.393 0.0138888889
106292  42.197  38.928  -1.953 0.0138888889
106293  43.154  38.798  -1.732 0.0138888889
117274  41.421  43.353  -6.142 0.0138888889
121677  38.645  45.699  -0.699 0.1111111111
121678  38.514  44.805  -0.740 0.0833333333
121690  38.663  39.553  4.701 0.2500000000
121691  38.753  40.225  4.883 0.2777777778
121692  39.024  39.820  4.392 0.2361111111
121693  39.375  40.081  4.149 0.2361111111
121694  39.632  40.327  3.848 0.2361111111
121695  39.956  39.342  3.370 0.1666666667
121696  39.923  39.968  3.461 0.1944444444
121697  39.976  40.592  3.560 0.2361111111
121698  40.215  40.891  3.203 0.1944444444
121699  40.229  41.245  2.816 0.2083333333
121700  40.125  41.610  2.356 0.1666666667
121701  39.932  41.957  1.877 0.1805555556
121702  40.182  41.192  1.921 0.1250000000
121703  40.437  40.838  1.491 0.1111111111
121704  40.772  40.508  1.097 0.0972222222
121705  41.335  39.607  1.696 0.1111111111
121706  41.289  39.918  1.233 0.0694444444
121707  41.116  40.211  0.715 0.0694444444
121708  41.570  39.848  0.379 0.0416666667
121709  42.104  39.546  0.102 0.0416666667
121710  42.606  39.259  -0.188 0.0277777778
121711  43.152  39.063  -0.463 0.0416666667
121712  43.357  38.857  0.026 0.0416666667
121713  43.954  38.275  0.273 0.0416666667
121714  44.405  37.662  0.349 0.0416666667
121715  43.674  37.558  0.935 0.0416666667
121716  44.236  37.279  0.679 0.0416666667
121717  44.886  37.055  0.424 0.0277777778
131472  38.065  39.642  5.495 0.2916666667
131481  38.341  39.259  5.047 0.2222222222
131482  38.684  38.881  4.612 0.1944444444
131483  39.101  38.492  4.216 0.1944444444
131484  39.569  38.126  3.863 0.1527777778
131487  40.074  37.792  3.587 0.1527777778
131488  40.635  37.426  3.333 0.1388888889
131489  41.298  37.146  3.096 0.1250000000
131490  41.974  36.914  2.854 0.1111111111
131491  42.591  36.694  2.630 0.0694444444
145902  40.442  44.523  -4.533 0.0277777778
145903  40.407  43.792  -4.509 0.0277777778
145904  39.705  43.984  -3.561 0.0277777778
145905  39.993  43.466  -4.085 0.0138888889
145906  40.266  42.961  -4.613 0.0138888889
145907  40.166  42.065  -4.670 0.0138888889
145908  40.207  41.150  -4.632 0.0138888889
145942  39.109  44.142  6.771 0.4166666667
145943  39.411  44.508  6.415 0.4166666667
145946  38.943  40.872  5.057 0.3194444444
145947  39.154  41.509  5.115 0.3194444444
145948  39.302  42.158  5.193 0.3750000000
145949  39.919  42.012  4.515 0.3194444444
145950  39.770  42.449  4.896 0.3611111111
145951  39.636  42.959  5.182 0.4027777778
145968  38.425  45.444  1.192 0.1388888889
145969  38.352  45.809  0.671 0.1666666667
145970  38.315  45.181  0.186 0.1250000000
145971  38.319  44.551  -0.303 0.0972222222
145972  38.453  43.952  -0.791 0.0694444444
145973  39.588  42.139  1.464 0.1666666667
145974  39.261  42.315  1.029 0.1527777778
145975  38.932  42.468  0.614 0.1111111111
145976  39.558  41.333  0.068 0.0416666667
145977  39.058  41.937  0.088 0.0694444444
145978  38.687  42.649  0.154 0.1111111111
145979  38.480  42.870  -0.302 0.0694444444
145980  38.495  43.121  -0.822 0.0694444444
145981  38.552  43.397  -1.287 0.0416666667
145982  38.678  42.769  -1.800 0.0416666667
145983  38.822  42.167  -2.304 0.0416666667
145984  39.075  41.574  -2.758 0.0416666667
145985  39.509  40.648  -2.180 0.0138888889
145986  39.389  40.809  -2.689 0.0277777778
145987  39.431  41.053  -3.206 0.0277777778
145988  39.846  40.498  -3.606 0.0138888889
145989  40.358  39.994  -3.930 0.0138888889
145991  41.481  38.958  -4.006 0.0138888889
145992  42.220  38.494  -3.701 0.0138888889
145993  43.054  38.190  -3.412 0.0138888889
145994  42.599  38.532  -2.637 0.0138888889
145995  43.251  38.298  -2.902 0.0138888889
145996  43.948  38.028  -3.166 0.0138888889
146000  43.801  38.817  -0.652 0.0138888889
