#!ascii label  , from subject fsaverage vox2ras=TkReg
2290
8234  47.225  35.102  2.995 0.0138888889
18098  45.708  35.381  4.485 0.0138888889
18099  45.806  35.536  3.365 0.0138888889
18100  47.099  35.146  4.177 0.0138888889
29854  45.476  34.935  5.606 0.0138888889
35001  45.923  35.456  2.236 0.0138888889
35002  47.306  35.012  1.778 0.0138888889
35003  48.599  34.682  3.687 0.0138888889
48818  46.309  35.097  4.913 0.0138888889
48819  46.416  35.290  4.337 0.0138888889
77336  46.533  35.357  3.182 0.0138888889
77337  45.844  35.507  2.794 0.0138888889
77338  46.568  35.240  2.607 0.0138888889
77339  46.603  35.225  2.024 0.0138888889
77340  47.278  35.017  2.384 0.0138888889
106306  45.790  35.513  3.937 0.0138888889
106307  46.507  35.371  3.759 0.0138888889
106308  47.197  35.181  3.586 0.0138888889
131499  45.594  35.170  5.053 0.0138888889
146024  45.960  35.493  1.681 0.0138888889
146025  46.627  35.291  1.464 0.0138888889
146027  47.744  34.868  4.512 0.0138888889
146028  47.837  34.956  3.959 0.0138888889
146029  47.928  34.934  3.377 0.0138888889
146031  48.663  34.628  3.081 0.0138888889
146032  47.975  34.835  2.748 0.0138888889
146033  48.046  34.750  2.120 0.0138888889
3   38.660  41.046  23.971 0.1805555556
54  43.742  23.961  28.156 0.0138888889
174  46.118  33.535  26.416 0.0555555556
652  40.241  40.143  20.959 0.1666666667
653  41.848  35.362  22.236 0.0833333333
654  42.596  37.653  25.394 0.0972222222
655  37.905  45.787  21.918 0.1805555556
656  38.844  43.171  16.723 0.2500000000
657  33.933  40.906  23.292 0.1250000000
658  33.190  44.231  19.990 0.1111111111
880  44.996  28.482  23.919 0.0138888889
1466  47.676  28.107  27.877 0.0138888889
1474  31.948  47.143  15.506 0.0555555556
2040  37.131  36.471  25.791 0.1111111111
2125  41.060  34.151  28.497 0.0694444444
2126  44.497  29.971  30.117 0.0555555556
2572  40.879  41.552  22.998 0.1805555556
2573  41.704  39.143  23.252 0.1250000000
2574  40.897  39.358  24.879 0.1250000000
2575  38.166  43.575  23.482 0.2222222222
2576  40.195  43.388  21.521 0.2361111111
2577  35.892  41.186  23.638 0.1388888889
2578  35.583  43.603  23.306 0.1250000000
2800  44.489  26.449  26.413 0.0138888889
3400  44.761  35.012  24.155 0.0277777778
3401  44.047  33.669  22.468 0.0277777778
3404  47.580  31.003  27.254 0.0277777778
3405  37.000  49.349  15.013 0.0555555556
3407  38.930  47.576  15.480 0.1250000000
3415  34.892  46.571  18.674 0.0833333333
3417  34.434  47.944  16.129 0.0694444444
3418  34.097  48.279  14.051 0.0833333333
4681  39.138  35.364  27.261 0.1111111111
4682  38.640  34.025  29.202 0.0694444444
5784  40.537  37.695  21.659 0.1111111111
5785  42.945  37.011  23.561 0.1111111111
5786  44.189  35.691  25.625 0.0138888889
5787  37.297  47.018  19.289 0.1388888889
5788  38.617  45.976  17.258 0.2500000000
5789  39.143  44.706  19.369 0.2777777778
5790  39.305  41.812  19.110 0.2638888889
5793  33.347  42.928  22.399 0.1111111111
5794  35.187  45.435  21.359 0.1111111111
6192  43.983  29.828  21.795 0.0138888889
6432  35.150  32.181  31.206 0.0138888889
6553  37.572  32.844  30.991 0.0138888889
7259  43.511  31.374  20.861 0.0138888889
7260  46.360  30.398  22.971 0.0138888889
7261  46.485  28.570  25.863 0.0138888889
7262  46.012  25.735  28.191 0.0138888889
7268  39.177  44.515  14.799 0.1944444444
8694  37.877  38.497  24.515 0.0972222222
8941  39.821  37.420  26.156 0.1250000000
8942  41.679  35.842  26.878 0.1111111111
8943  43.523  33.946  27.362 0.0694444444
8944  40.003  32.969  30.339 0.0277777778
8945  42.737  32.504  29.460 0.0694444444
8946  45.426  31.750  28.315 0.0833333333
8947  47.150  29.048  29.335 0.0416666667
8949  45.995  23.890  29.909 0.0138888889
8957  45.598  22.487  31.108 0.0138888889
8958  43.620  22.458  29.356 0.0138888889
10252  39.960  41.592  23.809 0.2083333333
10253  41.008  40.672  24.098 0.1527777778
10254  39.829  40.199  24.468 0.1388888889
10255  38.344  42.327  23.661 0.1944444444
10256  39.696  42.714  23.322 0.1666666667
10257  37.110  41.151  23.726 0.1944444444
10258  36.828  42.428  23.647 0.1944444444
10480  44.153  25.120  27.389 0.0138888889
10481  43.380  25.453  26.469 0.0138888889
10482  42.955  24.242  27.275 0.0138888889
10484  42.575  23.299  27.818 0.0138888889
11080  45.631  34.389  25.193 0.0138888889
11084  46.985  32.297  26.764 0.0277777778
11087  38.219  48.354  16.384 0.0833333333
11096  34.654  47.309  17.276 0.0694444444
11097  35.729  48.396  16.569 0.0833333333
11098  35.688  48.841  15.578 0.0555555556
12362  37.493  33.873  29.232 0.0277777778
13477  39.445  39.464  20.029 0.1666666667
13479  40.418  38.890  21.265 0.1527777778
13480  42.419  38.610  24.342 0.1388888889
13481  42.236  38.049  23.306 0.1250000000
13482  43.174  37.663  24.443 0.0972222222
13483  43.950  36.626  24.612 0.0277777778
13484  43.452  36.801  25.503 0.0277777778
13485  37.560  46.582  20.562 0.1805555556
13486  38.405  46.065  19.536 0.2361111111
13487  38.944  45.530  20.607 0.2777777778
13488  40.445  41.770  21.145 0.2222222222
13489  39.958  42.583  20.224 0.2361111111
13490  39.693  40.955  20.028 0.2222222222
13494  33.584  42.071  23.095 0.1111111111
13495  36.715  44.799  22.970 0.1944444444
13496  35.419  44.573  22.541 0.1527777778
13497  36.561  45.852  21.808 0.1666666667
13498  36.252  46.569  20.512 0.1527777778
14160  44.969  29.233  22.844 0.0138888889
14161  43.903  28.978  22.245 0.0138888889
14162  44.224  28.300  23.239 0.0138888889
15964  43.262  33.296  21.594 0.0138888889
15967  44.723  31.827  21.595 0.0138888889
15968  45.098  31.037  21.901 0.0138888889
15969  46.365  31.374  22.533 0.0138888889
15970  47.791  29.636  26.619 0.0138888889
15971  47.373  29.646  25.435 0.0138888889
15972  47.166  28.395  26.887 0.0138888889
15973  46.220  27.211  27.138 0.0138888889
15974  46.969  26.882  28.053 0.0138888889
15983  38.898  44.557  16.890 0.2916666667
15984  38.924  45.235  15.980 0.2222222222
15985  38.990  43.860  15.617 0.2638888889
16015  35.185  48.819  13.317 0.0972222222
16016  33.830  48.219  12.870 0.0972222222
18070  39.534  50.598  8.950 0.0833333333
19194  37.480  37.388  25.062 0.1250000000
19801  38.901  37.876  25.350 0.0972222222
19802  38.383  36.943  25.899 0.1111111111
19803  40.137  34.740  27.972 0.1111111111
19804  40.404  35.666  27.260 0.1250000000
19805  41.404  34.884  27.626 0.0833333333
19806  42.650  34.851  27.023 0.0833333333
19807  42.302  33.919  27.957 0.0694444444
19811  43.092  30.470  30.491 0.0416666667
19812  42.182  31.749  30.294 0.0277777778
19813  43.550  31.308  29.815 0.0833333333
19814  44.011  32.160  28.921 0.0972222222
19815  44.927  30.837  29.313 0.0833333333
19816  46.282  30.391  28.797 0.0694444444
19817  45.881  29.518  29.755 0.0416666667
19844  44.698  22.338  30.197 0.0138888889
19845  43.170  21.659  29.676 0.0138888889
23062  40.861  40.902  21.890 0.1666666667
23063  41.075  39.667  22.139 0.1250000000
23064  41.405  40.404  23.063 0.1388888889
23065  41.775  39.582  24.202 0.1388888889
23066  41.844  38.519  25.130 0.1388888889
23067  38.083  44.812  22.952 0.2361111111
23068  39.300  44.810  21.788 0.2916666667
23069  39.484  43.845  22.726 0.2083333333
23070  40.560  42.526  22.371 0.1805555556
23071  34.858  41.218  23.535 0.1527777778
23072  34.630  42.391  23.491 0.1388888889
23073  35.667  42.420  23.594 0.1388888889
23074  36.794  43.646  23.636 0.1944444444
23472  44.699  27.718  25.236 0.0138888889
23473  43.892  27.540  24.368 0.0138888889
23474  43.659  26.685  25.486 0.0138888889
24552  43.322  35.218  23.176 0.0694444444
24553  42.898  34.401  22.389 0.0277777778
24554  44.458  34.319  23.367 0.0277777778
24557  47.312  31.689  23.468 0.0138888889
24559  47.931  31.010  26.198 0.0138888889
24560  47.906  29.515  27.625 0.0277777778
24561  36.505  49.361  13.861 0.0694444444
24563  37.968  49.225  14.454 0.0694444444
24565  39.239  46.652  14.325 0.1666666667
24567  38.627  42.448  15.710 0.2083333333
24579  33.949  45.348  19.434 0.1111111111
24580  32.973  44.783  18.632 0.0972222222
24581  33.803  46.197  18.029 0.0972222222
24582  33.435  46.978  16.841 0.0972222222
24585  34.205  48.278  15.060 0.0555555556
24586  35.576  48.954  14.557 0.0833333333
26493  36.946  35.622  26.662 0.0972222222
26857  38.043  36.013  26.626 0.1111111111
26858  37.928  35.111  27.390 0.0833333333
26859  38.977  34.518  28.151 0.0833333333
26860  39.785  34.083  28.905 0.0833333333
26865  44.024  29.173  30.819 0.0138888889
26866  45.486  28.720  30.531 0.0277777778
26867  44.883  27.989  31.151 0.0138888889
28856  40.947  36.419  22.002 0.0972222222
28857  41.291  38.373  22.391 0.1388888889
28858  41.594  37.223  22.623 0.1250000000
28859  42.354  36.167  22.896 0.0972222222
28860  43.776  36.009  23.761 0.0416666667
28861  44.726  35.506  24.914 0.0138888889
28862  45.101  34.536  25.984 0.0277777778
28863  37.153  47.643  18.120 0.0972222222
28864  38.112  47.471  17.355 0.1805555556
28865  38.114  46.725  18.379 0.2222222222
28866  38.732  45.310  18.229 0.2638888889
28867  39.023  43.904  17.974 0.2638888889
28868  39.751  44.186  20.527 0.2638888889
28869  39.460  43.273  19.209 0.2916666667
28870  39.002  42.442  17.946 0.2916666667
28877  33.288  43.618  21.292 0.1250000000
28878  34.515  43.412  22.971 0.1388888889
28879  34.382  44.190  22.031 0.1388888889
28880  34.171  44.855  20.804 0.1111111111
28881  35.056  46.008  20.115 0.1250000000
28882  36.042  46.968  19.193 0.1250000000
30649  36.929  33.328  30.206 0.0277777778
30650  36.287  32.573  31.026 0.0138888889
30651  36.966  31.726  31.240 0.0138888889
32316  42.238  33.923  21.573 0.0277777778
32322  43.818  30.611  21.382 0.0138888889
32323  45.225  30.135  22.366 0.0138888889
32324  45.989  29.401  23.397 0.0138888889
32325  47.237  30.604  23.801 0.0138888889
32326  46.737  29.538  24.279 0.0138888889
32327  45.758  28.579  24.838 0.0138888889
32328  45.458  27.530  26.203 0.0138888889
32329  45.218  26.186  27.317 0.0138888889
32330  44.853  24.733  28.232 0.0138888889
32342  38.767  46.759  16.330 0.2083333333
32343  39.073  45.948  15.184 0.1666666667
32345  39.013  43.091  14.642 0.2083333333
36333  34.710  39.886  23.560 0.1250000000
36335  36.822  39.792  23.874 0.1388888889
36336  38.240  39.823  24.170 0.1388888889
37069  39.381  38.934  24.833 0.1250000000
37070  40.380  38.303  25.518 0.1250000000
37071  41.339  37.661  26.038 0.1250000000
37072  39.323  36.405  26.666 0.1250000000
37073  40.812  36.697  26.667 0.1250000000
37074  42.161  36.825  26.246 0.0694444444
37075  42.984  35.874  26.290 0.0694444444
37076  43.936  34.878  26.426 0.0555555556
37077  44.937  33.885  26.840 0.0555555556
37078  38.155  33.517  30.106 0.0277777778
37079  39.338  33.582  29.934 0.0416666667
37080  40.519  33.548  29.443 0.0555555556
37082  41.384  32.743  29.934 0.0555555556
37083  41.879  33.328  29.008 0.0694444444
37084  43.133  33.171  28.437 0.0833333333
37085  44.486  33.009  27.843 0.0833333333
37086  45.870  32.800  27.351 0.0694444444
37087  46.677  31.414  27.800 0.0694444444
37088  47.404  29.992  28.331 0.0555555556
37089  47.802  28.481  28.667 0.0277777778
37090  46.749  28.239  30.185 0.0416666667
37091  47.650  27.700  29.636 0.0277777778
37092  47.693  27.152  28.899 0.0138888889
37093  46.982  25.888  29.003 0.0138888889
37095  44.858  23.881  29.040 0.0138888889
37120  45.952  23.192  30.566 0.0138888889
37121  44.924  23.093  29.643 0.0138888889
37122  43.644  23.185  28.778 0.0138888889
37123  42.422  22.547  28.403 0.0138888889
40972  39.311  41.357  23.938 0.1944444444
40973  39.887  40.933  24.161 0.1805555556
40974  39.247  40.638  24.228 0.1527777778
40975  38.480  41.711  23.792 0.2083333333
40976  39.158  41.962  23.730 0.2083333333
40977  37.866  41.072  23.813 0.1666666667
40978  37.677  41.759  23.715 0.2222222222
41200  43.953  24.489  27.810 0.0138888889
41201  43.564  24.658  27.363 0.0138888889
41202  43.360  24.130  27.727 0.0138888889
41203  42.774  23.754  27.562 0.0138888889
41204  43.174  23.650  27.999 0.0138888889
41800  45.966  33.967  25.760 0.0138888889
41801  46.143  33.822  25.392 0.0138888889
41802  46.425  33.425  25.972 0.0138888889
41803  46.908  32.855  26.138 0.0138888889
41804  46.584  32.945  26.582 0.0555555556
41807  37.749  48.676  16.794 0.0694444444
41815  36.512  48.160  17.438 0.0694444444
41816  35.851  48.016  17.184 0.0694444444
44197  39.861  39.805  20.482 0.1666666667
44198  39.939  39.212  20.636 0.1805555556
44199  40.337  39.548  21.100 0.1666666667
44200  42.543  38.177  24.875 0.1388888889
44201  42.792  38.167  24.381 0.0972222222
44202  42.991  37.735  24.932 0.0694444444
44203  43.453  37.311  25.011 0.0416666667
44204  43.027  37.233  25.456 0.0416666667
44205  37.756  46.161  21.216 0.1666666667
44206  38.281  46.085  20.572 0.2083333333
44207  38.465  45.739  21.264 0.2638888889
44208  40.356  40.923  21.028 0.1805555556
44209  40.109  41.344  20.581 0.2083333333
44210  39.959  40.536  20.511 0.1805555556
44211  39.559  40.171  20.006 0.1666666667
44212  33.452  40.734  23.080 0.0972222222
44213  33.188  41.271  22.931 0.1111111111
44214  33.764  41.484  23.224 0.1111111111
44215  37.303  45.407  22.572 0.1944444444
44216  36.666  45.378  22.453 0.1944444444
44217  37.234  45.883  21.932 0.1666666667
44218  37.108  46.329  21.294 0.1666666667
44880  45.105  28.874  23.360 0.0138888889
44881  44.640  28.764  23.056 0.0138888889
44882  44.556  28.374  23.558 0.0138888889
46682  41.555  35.018  21.895 0.0694444444
46688  45.596  31.643  22.057 0.0138888889
46689  46.224  31.834  22.415 0.0138888889
46690  47.705  28.877  27.275 0.0138888889
46691  47.499  28.984  26.748 0.0138888889
46692  47.423  28.243  27.364 0.0138888889
46693  47.061  27.621  27.478 0.0138888889
46694  47.364  27.475  27.936 0.0138888889
46703  38.925  43.878  16.737 0.2916666667
46704  38.915  44.242  16.208 0.3055555556
46705  38.878  43.510  16.083 0.2500000000
46725  32.766  43.672  20.186 0.1111111111
46734  31.809  47.333  15.033 0.0555555556
48788  39.190  50.438  9.763 0.0833333333
48789  39.149  50.843  9.326 0.0833333333
49910  36.640  36.388  25.610 0.1111111111
49912  36.744  36.845  25.215 0.1111111111
49913  36.903  37.314  24.878 0.1111111111
49914  37.254  36.922  25.406 0.0972222222
50521  37.936  37.181  25.471 0.1250000000
50522  37.681  36.698  25.816 0.1111111111
50523  40.628  34.484  28.263 0.0833333333
50524  40.764  34.808  27.826 0.1111111111
50525  41.265  34.490  28.053 0.0694444444
50526  41.877  34.372  27.777 0.0833333333
50527  41.682  34.020  28.241 0.0694444444
50531  43.802  30.225  30.308 0.0277777778
50532  43.346  30.878  30.192 0.0555555556
50533  44.024  30.646  29.966 0.0833333333
50534  44.232  31.079  29.576 0.0833333333
50535  44.716  30.389  29.759 0.0833333333
50536  45.431  30.151  29.527 0.0833333333
50537  45.216  29.701  29.933 0.0416666667
50564  43.701  21.547  30.132 0.0138888889
53797  41.014  41.211  22.392 0.1527777778
53798  41.149  40.609  22.461 0.1666666667
53799  41.181  40.961  23.036 0.1666666667
53800  40.953  40.041  24.483 0.1388888889
53801  41.405  40.115  24.143 0.1388888889
53802  41.472  39.605  24.648 0.1250000000
53803  41.878  39.077  24.695 0.1250000000
53804  41.386  38.932  25.031 0.1388888889
53805  38.129  44.219  23.333 0.1805555556
53806  38.829  44.397  22.863 0.2222222222
53807  38.800  43.796  23.234 0.1805555556
53808  40.368  42.198  23.194 0.1805555556
53809  40.272  42.759  22.957 0.1944444444
53810  40.775  42.071  22.643 0.1805555556
53811  40.804  41.726  22.083 0.1666666667
53812  35.370  41.230  23.590 0.1527777778
53813  35.230  41.802  23.588 0.1250000000
53814  35.745  41.836  23.639 0.1666666667
53815  37.525  43.032  23.655 0.2361111111
53816  36.818  43.055  23.671 0.1805555556
53817  37.494  43.688  23.631 0.2083333333
53818  37.453  44.260  23.431 0.1944444444
54480  44.581  27.139  25.850 0.0138888889
54481  44.189  27.201  25.405 0.0138888889
54482  44.062  26.603  25.923 0.0138888889
56280  44.127  35.164  23.610 0.0416666667
56281  43.879  34.775  23.277 0.0555555556
56282  44.622  34.691  23.781 0.0277777778
56290  47.565  31.631  26.554 0.0277777778
56291  47.800  31.681  25.971 0.0138888889
56292  47.806  30.961  26.811 0.0138888889
56293  47.998  30.262  27.013 0.0138888889
56294  47.826  30.273  27.466 0.0277777778
56295  36.798  49.363  14.441 0.0694444444
56296  37.250  49.474  14.146 0.0555555556
56297  37.490  49.352  14.747 0.0555555556
56298  38.654  48.309  15.536 0.0972222222
56301  39.136  47.429  14.520 0.1250000000
56325  34.409  45.980  19.071 0.0972222222
56326  33.884  45.740  18.728 0.0972222222
56327  34.346  46.393  18.357 0.1111111111
56328  34.504  47.687  16.653 0.0694444444
56329  34.037  47.163  17.065 0.0972222222
56330  33.895  47.548  16.506 0.0972222222
56331  33.321  47.326  16.326 0.0972222222
56333  33.694  47.940  15.404 0.0694444444
56334  34.338  48.134  15.590 0.0694444444
56336  35.662  48.934  15.053 0.0694444444
56337  36.323  49.207  14.822 0.0555555556
56338  36.157  49.201  14.274 0.0694444444
60121  37.415  35.369  27.047 0.0972222222
60123  38.251  34.209  28.774 0.0694444444
60124  38.414  34.435  28.293 0.0833333333
60125  38.838  34.234  28.656 0.0972222222
60126  39.401  34.285  28.538 0.0972222222
60127  39.207  34.055  29.088 0.0833333333
60134  43.276  29.423  30.887 0.0138888889
60135  43.723  28.814  30.990 0.0138888889
60136  44.458  28.585  30.952 0.0138888889
63479  40.677  37.045  21.863 0.1111111111
63480  41.367  39.412  22.733 0.1111111111
63481  41.183  39.016  22.262 0.1388888889
63482  41.493  38.774  22.778 0.1111111111
63483  42.558  37.510  23.430 0.0972222222
63484  41.952  37.640  22.926 0.1250000000
63485  42.238  37.113  23.067 0.1111111111
63486  41.937  36.682  22.758 0.1111111111
63487  42.663  36.605  23.216 0.0972222222
63488  43.104  36.110  23.330 0.0833333333
63489  43.364  36.521  23.669 0.0694444444
63490  44.131  36.201  25.149 0.0138888889
63491  44.295  36.065  24.703 0.0138888889
63492  44.472  35.636  25.255 0.0138888889
63493  44.892  35.047  25.495 0.0138888889
63494  44.601  35.107  25.801 0.0277777778
63495  37.236  47.278  18.675 0.1388888889
63496  37.701  47.245  18.283 0.1666666667
63497  37.756  46.949  18.865 0.1944444444
63498  38.833  45.417  19.406 0.2500000000
63499  38.602  45.718  18.852 0.2777777778
63500  38.899  45.007  18.757 0.2916666667
63501  38.933  44.578  18.062 0.2916666667
63502  39.101  44.275  18.654 0.2500000000
63503  39.825  44.149  21.658 0.2638888889
63504  39.624  44.522  21.139 0.2777777778
63505  39.993  43.821  21.029 0.2500000000
63506  39.643  42.177  19.659 0.2500000000
63507  39.753  42.970  19.742 0.2638888889
63508  39.442  42.556  19.171 0.2638888889
63509  39.284  42.876  18.572 0.3194444444
63510  39.149  42.095  18.529 0.2777777778
63511  38.809  41.672  17.928 0.2638888889
63512  38.950  41.358  18.506 0.2638888889
63520  32.899  42.300  22.425 0.0833333333
63522  32.856  42.569  21.990 0.0833333333
63523  32.848  42.948  21.433 0.1111111111
63524  33.338  43.231  21.876 0.1250000000
63525  35.077  42.960  23.399 0.1250000000
63526  34.561  42.899  23.277 0.1388888889
63527  35.006  43.530  23.198 0.1388888889
63528  35.373  45.037  21.970 0.1527777778
63529  34.947  44.462  22.299 0.1250000000
63530  34.846  44.825  21.726 0.1388888889
63531  34.286  44.555  21.467 0.1250000000
63532  34.686  45.143  21.122 0.1111111111
63533  34.602  45.429  20.472 0.1250000000
63534  35.113  45.758  20.770 0.1250000000
63535  36.797  46.920  19.912 0.1527777778
63536  36.073  46.786  19.887 0.1527777778
63537  36.686  47.065  19.283 0.1388888889
63538  36.636  47.355  18.675 0.1250000000
65523  43.700  28.520  22.437 0.0138888889
66712  34.996  32.446  30.672 0.0277777778
66714  35.404  32.544  30.752 0.0277777778
67321  35.965  32.759  30.662 0.0138888889
67322  35.686  32.341  31.094 0.0138888889
67324  36.367  31.590  31.358 0.0138888889
70928  43.465  34.032  22.448 0.0277777778
70929  42.578  34.122  21.974 0.0416666667
70930  43.164  33.782  22.029 0.0277777778
70931  42.809  33.069  21.106 0.0138888889
70932  42.315  33.398  21.166 0.0138888889
70942  42.904  31.107  20.605 0.0138888889
70943  43.100  30.725  20.869 0.0138888889
70944  43.673  30.989  21.112 0.0138888889
70945  45.846  30.733  22.371 0.0138888889
70946  45.185  30.590  22.108 0.0138888889
70947  45.829  30.278  22.642 0.0138888889
70948  45.702  29.799  22.903 0.0138888889
70949  46.211  29.894  23.203 0.0138888889
70950  47.618  31.298  24.195 0.0138888889
70951  47.334  31.152  23.608 0.0138888889
70952  47.555  30.755  24.372 0.0138888889
70953  46.962  29.079  25.603 0.0138888889
70954  47.033  29.591  24.850 0.0138888889
70955  46.600  29.105  25.067 0.0138888889
70956  46.240  29.072  24.534 0.0138888889
70957  46.123  28.621  25.327 0.0138888889
70958  45.625  28.069  25.600 0.0138888889
70959  45.981  28.024  26.059 0.0138888889
70960  46.156  26.449  27.680 0.0138888889
70961  45.730  26.684  27.237 0.0138888889
70962  45.635  25.941  27.766 0.0138888889
70963  45.066  25.400  27.811 0.0138888889
70964  45.467  25.160  28.257 0.0138888889
70988  38.414  46.720  17.326 0.2361111111
70989  38.506  47.156  16.874 0.1944444444
70990  38.641  46.362  16.774 0.2361111111
70991  39.087  44.884  15.385 0.2222222222
70992  39.025  45.601  15.577 0.1944444444
70993  39.124  45.215  14.971 0.1666666667
70995  39.197  44.806  14.372 0.1944444444
70997  38.819  42.786  15.146 0.1805555556
77246  38.863  51.467  8.399 0.0416666667
80615  37.235  38.475  24.315 0.1250000000
80616  36.731  39.159  23.999 0.1388888889
80617  37.400  39.174  24.114 0.1111111111
80618  37.550  39.833  23.974 0.1388888889
80619  38.069  39.168  24.307 0.1250000000
82441  38.813  39.377  24.487 0.1388888889
82442  38.619  38.738  24.658 0.1111111111
82443  39.349  37.664  25.767 0.0972222222
82444  39.651  38.109  25.480 0.1111111111
82445  40.114  37.862  25.842 0.1250000000
82446  40.854  38.000  25.807 0.1388888889
82447  40.589  37.584  26.161 0.1111111111
82448  38.530  35.732  26.935 0.1111111111
82449  38.658  36.253  26.634 0.1111111111
82450  39.218  35.868  26.926 0.1250000000
82451  41.063  35.773  27.102 0.1250000000
82452  40.592  36.187  26.959 0.1250000000
82453  41.263  36.298  26.811 0.1250000000
82454  41.493  36.807  26.547 0.0972222222
82455  41.907  36.340  26.566 0.0833333333
82456  42.578  36.366  26.271 0.0694444444
82457  42.330  35.871  26.597 0.0833333333
82458  43.071  34.399  27.140 0.0694444444
82459  43.275  34.845  26.710 0.0555555556
82460  43.763  34.433  26.854 0.0555555556
82461  44.444  34.347  26.596 0.0555555556
82462  44.253  33.943  27.058 0.0555555556
82463  37.243  33.124  30.658 0.0277777778
82464  37.533  33.420  30.177 0.0277777778
82465  37.885  33.167  30.490 0.0277777778
82466  39.411  32.917  30.490 0.0277777778
82467  39.096  33.299  30.347 0.0138888889
82468  39.692  33.245  30.125 0.0416666667
82469  39.936  33.541  29.676 0.0555555556
82470  40.252  33.262  29.893 0.0555555556
82474  42.469  32.136  29.905 0.0555555556
82475  41.764  32.269  30.162 0.0416666667
82476  42.047  32.600  29.735 0.0694444444
82477  41.638  33.032  29.505 0.0694444444
82478  42.296  32.926  29.267 0.0694444444
82479  42.511  33.251  28.765 0.0694444444
82480  42.920  32.810  28.978 0.0833333333
82481  44.722  31.934  28.620 0.0833333333
82482  44.259  32.524  28.397 0.0833333333
82483  44.958  32.411  28.108 0.0833333333
82484  45.170  32.928  27.598 0.0833333333
82485  45.646  32.299  27.831 0.0694444444
82486  46.271  32.122  27.588 0.0694444444
82487  46.041  31.631  28.073 0.0694444444
82488  46.737  29.715  29.093 0.0416666667
82489  46.907  30.200  28.560 0.0555555556
82490  47.278  29.509  28.853 0.0416666667
82491  47.752  29.215  28.544 0.0416666667
82492  47.641  28.774  29.032 0.0416666667
82493  45.873  28.085  30.796 0.0138888889
82494  46.092  28.483  30.370 0.0416666667
82495  46.491  27.835  30.619 0.0138888889
82497  47.482  27.295  30.122 0.0138888889
82498  47.680  26.949  29.740 0.0138888889
82499  47.790  27.397  29.273 0.0138888889
82500  47.645  26.712  29.342 0.0138888889
82501  47.391  26.520  28.945 0.0138888889
82505  46.008  24.298  29.494 0.0138888889
82506  45.420  24.260  29.067 0.0138888889
82507  45.470  23.868  29.455 0.0138888889
82568  46.155  23.071  31.302 0.0138888889
82569  46.366  23.410  31.012 0.0138888889
82570  45.813  22.835  30.869 0.0138888889
82571  44.156  22.374  29.764 0.0138888889
82572  44.846  22.721  29.935 0.0138888889
82573  44.314  22.768  29.511 0.0138888889
82574  44.284  23.101  29.241 0.0138888889
82575  43.636  22.825  29.082 0.0138888889
82576  43.059  22.876  28.605 0.0138888889
82577  42.989  22.507  28.888 0.0138888889
92182  40.553  41.724  23.538 0.1944444444
92183  40.953  41.165  23.577 0.1527777778
92184  40.494  41.147  23.971 0.1666666667
92185  40.427  40.484  24.328 0.1527777778
92186  40.385  39.779  24.669 0.1250000000
92187  38.265  42.941  23.585 0.2361111111
92188  38.933  43.155  23.388 0.1944444444
92189  39.064  42.565  23.563 0.1805555556
92190  39.826  42.182  23.586 0.1944444444
92191  36.458  41.163  23.678 0.1666666667
92192  36.282  41.820  23.647 0.1805555556
92193  36.938  41.803  23.669 0.2083333333
92194  37.520  42.398  23.638 0.2083333333
92592  44.353  25.803  26.950 0.0138888889
92593  43.907  25.989  26.427 0.0138888889
92594  43.777  25.323  26.938 0.0138888889
92595  43.211  24.797  26.919 0.0138888889
93672  45.243  34.744  24.676 0.0138888889
93673  45.331  34.510  24.283 0.0277777778
93674  45.763  34.194  24.841 0.0138888889
93675  46.346  33.649  24.962 0.0138888889
93679  47.295  32.237  26.318 0.0277777778
93680  47.319  31.641  26.985 0.0416666667
93681  37.072  49.256  15.537 0.0416666667
93682  37.643  49.262  15.312 0.0694444444
93685  38.644  48.029  15.981 0.0972222222
93699  35.374  47.089  18.219 0.0694444444
93700  34.772  46.931  17.932 0.0972222222
93701  35.295  47.451  17.519 0.0694444444
93703  35.069  48.158  16.332 0.0694444444
93704  35.023  48.390  15.835 0.0555555556
93705  35.719  48.687  16.087 0.0416666667
95979  37.664  34.129  28.770 0.0555555556
95980  38.066  33.961  29.299 0.0555555556
97990  40.010  38.578  20.800 0.1527777778
97991  40.468  38.267  21.460 0.1388888889
97992  42.140  38.901  23.747 0.1388888889
97993  41.938  38.576  23.263 0.1111111111
97994  42.404  38.380  23.791 0.1250000000
97995  42.744  37.893  23.870 0.1111111111
97996  43.145  37.395  23.973 0.0972222222
97997  43.562  36.897  24.037 0.0694444444
97998  43.575  37.152  24.524 0.0555555556
97999  43.805  36.775  25.079 0.0277777778
98000  43.848  36.255  25.544 0.0277777778
98001  37.415  46.795  19.915 0.1805555556
98002  37.888  46.676  19.457 0.1666666667
98003  38.038  46.362  20.034 0.2083333333
98004  38.622  45.780  20.035 0.2638888889
98005  39.107  45.132  19.996 0.2777777778
98006  40.402  42.597  21.332 0.2361111111
98007  40.192  42.990  20.869 0.2083333333
98008  40.208  42.186  20.681 0.2500000000
98009  39.843  41.754  20.098 0.2500000000
98010  39.499  41.403  19.565 0.2500000000
98011  39.156  41.035  19.034 0.2361111111
98012  39.346  40.591  19.515 0.1944444444
98017  33.022  41.837  22.736 0.1111111111
98018  33.447  42.567  22.800 0.1111111111
98019  36.132  44.207  23.175 0.1805555556
98020  35.505  44.132  23.023 0.1388888889
98021  36.057  44.713  22.778 0.1805555556
98022  35.977  45.239  22.207 0.1666666667
98023  35.872  45.707  21.602 0.1527777778
98024  35.724  46.072  21.031 0.1250000000
98025  36.458  46.304  21.197 0.1666666667
98026  36.932  46.661  20.567 0.1805555556
99216  44.531  29.548  22.310 0.0138888889
99217  43.981  29.429  22.018 0.0138888889
99218  44.475  29.131  22.530 0.0138888889
99219  44.165  28.652  22.743 0.0138888889
99220  43.824  28.188  22.907 0.0138888889
102461  44.630  33.284  22.459 0.0138888889
102462  43.709  33.462  22.022 0.0277777778
102465  43.282  32.740  21.047 0.0138888889
102466  42.698  32.509  20.566 0.0138888889
102467  43.644  32.363  21.037 0.0138888889
102469  44.099  31.601  21.206 0.0138888889
102470  44.327  31.232  21.393 0.0138888889
102471  44.978  31.452  21.753 0.0138888889
102472  45.777  31.230  22.182 0.0138888889
102473  46.412  30.886  22.734 0.0138888889
102474  47.842  30.327  25.836 0.0138888889
102475  47.630  30.257  25.227 0.0138888889
102476  47.650  29.697  26.037 0.0138888889
102477  47.279  29.082  26.179 0.0138888889
102478  46.839  28.491  26.365 0.0138888889
102479  46.344  27.916  26.547 0.0138888889
102480  46.697  27.778  27.024 0.0138888889
102481  46.631  27.039  27.614 0.0138888889
102482  46.514  26.304  28.123 0.0138888889
102497  38.748  45.198  17.078 0.2777777778
102498  38.734  45.611  16.593 0.2916666667
102499  38.840  44.923  16.390 0.2777777778
102500  39.006  44.587  15.798 0.2500000000
102501  39.109  44.205  15.216 0.2361111111
102555  34.704  48.565  13.720 0.0972222222
102557  34.514  48.504  13.084 0.0972222222
106252  38.589  51.371  9.230 0.0416666667
106253  39.056  51.179  8.883 0.0555555556
106254  39.392  50.948  8.472 0.0416666667
108275  37.068  37.859  24.579 0.1250000000
108276  37.682  37.892  24.770 0.1111111111
109369  38.409  38.146  24.907 0.0972222222
109370  38.175  37.649  25.174 0.0972222222
109371  38.636  37.416  25.607 0.1250000000
109372  39.031  37.206  26.083 0.1250000000
109373  39.650  35.033  27.639 0.0972222222
109374  39.753  35.492  27.260 0.1250000000
109375  40.239  35.126  27.572 0.1111111111
109376  40.905  35.269  27.438 0.0972222222
109377  41.497  35.347  27.215 0.1111111111
109378  42.161  35.354  26.946 0.0972222222
109379  42.027  34.835  27.331 0.0972222222
109380  42.490  34.361  27.463 0.0555555556
109381  42.904  33.961  27.645 0.0694444444
109382  37.909  32.438  31.054 0.0138888889
109383  38.243  32.876  30.759 0.0138888889
109384  38.530  32.467  30.866 0.0138888889
109386  39.704  32.551  30.643 0.0138888889
109388  41.894  31.345  30.621 0.0138888889
109389  42.592  31.133  30.388 0.0277777778
109390  42.848  31.549  30.029 0.0694444444
109391  43.105  31.949  29.624 0.0833333333
109392  43.327  32.354  29.184 0.0972222222
109393  43.772  31.744  29.389 0.0833333333
109394  44.458  31.524  29.120 0.0833333333
109395  45.171  31.279  28.815 0.0833333333
109396  45.776  31.114  28.575 0.0694444444
109397  45.605  30.628  29.069 0.0833333333
109398  46.076  29.944  29.337 0.0555555556
109399  46.559  29.274  29.610 0.0416666667
109408  46.522  24.010  30.368 0.0138888889
109445  44.928  21.959  30.846 0.0138888889
109446  45.194  22.363  30.654 0.0138888889
109447  44.471  21.929  30.398 0.0138888889
109448  43.941  21.964  29.968 0.0138888889
109449  43.388  22.052  29.547 0.0138888889
109450  42.854  22.153  29.126 0.0138888889
109451  42.640  21.765  29.303 0.0138888889
115252  40.598  40.519  21.409 0.1666666667
115253  40.704  39.880  21.556 0.1527777778
115254  40.959  40.263  21.977 0.1666666667
115255  41.267  40.036  22.581 0.1250000000
115256  41.525  39.763  23.200 0.1388888889
115257  41.294  40.597  23.614 0.1666666667
115258  41.605  40.019  23.665 0.1388888889
115259  41.906  39.457  23.729 0.1388888889
115260  42.116  39.065  24.270 0.1388888889
115261  42.192  38.617  24.784 0.1388888889
115262  42.178  38.101  25.311 0.1388888889
115263  37.989  45.319  22.471 0.2222222222
115264  38.647  45.402  21.897 0.2500000000
115265  38.754  44.937  22.429 0.2361111111
115266  39.446  44.390  22.306 0.2361111111
115267  39.959  43.722  22.180 0.2361111111
115268  39.569  43.298  23.093 0.1666666667
115269  40.088  43.226  22.610 0.2083333333
115270  40.410  42.994  22.055 0.2083333333
115271  40.658  42.191  21.737 0.1944444444
115272  40.648  41.356  21.519 0.1805555556
115273  34.401  41.078  23.452 0.1388888889
115274  34.248  41.676  23.428 0.1388888889
115275  34.734  41.769  23.526 0.1388888889
115276  35.133  42.378  23.538 0.1388888889
115277  35.616  43.011  23.499 0.1388888889
115278  36.220  42.424  23.632 0.1666666667
115279  36.172  43.018  23.619 0.1805555556
115280  36.161  43.623  23.485 0.1666666667
115281  36.755  44.218  23.385 0.2083333333
115282  37.368  44.822  23.063 0.1805555556
116208  44.878  28.139  24.590 0.0138888889
116209  44.430  28.013  24.145 0.0138888889
116210  44.299  27.631  24.794 0.0138888889
116211  43.752  27.120  24.963 0.0138888889
116213  43.508  26.111  25.966 0.0138888889
118728  42.569  35.265  22.694 0.0833333333
118729  42.331  34.844  22.313 0.0555555556
118730  43.088  34.809  22.812 0.0555555556
118731  43.661  34.385  22.869 0.0555555556
118732  44.301  33.964  22.894 0.0277777778
118733  45.208  34.167  23.899 0.0138888889
118734  45.099  33.825  23.440 0.0138888889
118735  44.915  33.527  22.934 0.0138888889
118738  46.363  32.361  22.890 0.0138888889
118739  46.721  31.983  22.870 0.0138888889
118740  47.034  32.115  23.384 0.0138888889
118745  47.884  30.984  25.587 0.0138888889
118746  47.939  30.321  26.423 0.0138888889
118747  47.952  29.568  27.171 0.0138888889
118748  47.849  28.773  27.753 0.0138888889
118752  37.702  49.395  13.768 0.0555555556
118753  38.286  49.028  13.996 0.0555555556
118754  38.132  49.089  14.997 0.0694444444
118755  38.508  48.758  14.566 0.0694444444
118760  38.673  42.438  16.766 0.1944444444
118761  38.729  42.779  16.138 0.2361111111
118762  38.475  42.105  16.263 0.1944444444
118791  33.631  44.760  19.757 0.1111111111
118792  33.133  44.450  19.335 0.1111111111
118793  33.484  45.061  19.055 0.1111111111
118794  33.330  45.447  18.335 0.0972222222
118795  33.184  45.895  17.683 0.0972222222
118796  34.199  46.781  17.689 0.0972222222
118797  33.608  46.573  17.411 0.0972222222
118798  33.022  46.313  17.121 0.1111111111
118799  32.877  46.723  16.652 0.0694444444
118800  32.754  47.065  16.138 0.0694444444
118801  32.579  47.348  15.634 0.0555555556
118805  34.162  48.314  14.582 0.0833333333
118806  34.927  48.557  15.311 0.0555555556
118807  34.880  48.641  14.818 0.0694444444
118808  34.818  48.638  14.307 0.0972222222
118809  35.477  48.942  14.003 0.0833333333
118810  35.835  49.100  13.570 0.0694444444
123254  36.540  35.978  26.040 0.0972222222
123255  37.059  36.039  26.202 0.0972222222
124105  37.596  36.255  26.220 0.1111111111
124106  37.508  35.814  26.630 0.0972222222
124107  37.970  35.554  27.000 0.0972222222
124108  38.486  35.204  27.320 0.0972222222
124110  38.463  34.774  27.790 0.0833333333
124111  39.053  34.898  27.707 0.0972222222
124112  39.541  34.628  28.075 0.0972222222
124113  39.982  34.392  28.420 0.0972222222
124114  40.411  34.164  28.706 0.0694444444
124123  42.822  30.075  30.738 0.0138888889
124124  43.546  29.810  30.649 0.0138888889
124125  44.268  29.563  30.466 0.0277777778
124126  44.982  29.305  30.310 0.0416666667
124127  44.737  28.944  30.654 0.0277777778
124128  45.177  28.362  30.866 0.0138888889
124129  45.591  27.756  31.171 0.0138888889
128792  41.356  35.859  22.133 0.0833333333
128793  40.795  39.251  21.726 0.1250000000
128794  40.867  38.588  21.860 0.1388888889
128795  40.951  38.025  22.036 0.1250000000
128796  41.703  38.188  22.839 0.1111111111
128797  41.443  37.794  22.524 0.0972222222
128798  41.056  37.406  22.195 0.1111111111
128799  41.232  36.781  22.332 0.0972222222
128800  41.616  36.218  22.477 0.0972222222
128801  42.089  35.742  22.569 0.0972222222
128802  42.776  35.665  23.021 0.0972222222
128803  43.600  35.632  23.452 0.0555555556
128804  44.242  35.511  23.980 0.0277777778
128805  43.957  36.377  24.125 0.0277777778
128806  44.323  35.822  24.305 0.0277777778
128807  44.745  35.272  24.565 0.0138888889
128808  45.143  34.937  25.080 0.0138888889
128809  45.474  34.511  25.581 0.0138888889
128810  45.642  34.037  26.164 0.0277777778
128812  37.650  48.121  17.281 0.0972222222
128813  37.652  47.680  17.782 0.1388888889
128814  38.070  47.037  17.826 0.2083333333
128815  38.401  46.355  17.816 0.2500000000
128816  38.220  46.381  18.908 0.2222222222
128817  38.485  46.025  18.302 0.2500000000
128818  38.639  45.596  17.721 0.2916666667
128819  38.816  44.871  17.564 0.2916666667
128820  38.948  44.216  17.406 0.2916666667
128821  38.955  43.553  17.322 0.2500000000
128822  39.114  45.192  21.235 0.2777777778
128823  39.436  44.852  20.590 0.2638888889
128824  39.443  44.431  19.959 0.2638888889
128825  39.937  43.413  20.382 0.2361111111
128826  39.638  43.721  19.857 0.2222222222
128827  39.329  43.976  19.282 0.2638888889
128828  39.205  43.585  18.584 0.2777777778
128829  39.067  43.205  17.962 0.2777777778
128830  38.882  42.831  17.354 0.2500000000
128831  38.708  42.055  17.331 0.2222222222
128848  32.803  43.381  20.830 0.1250000000
128849  33.221  43.978  20.641 0.1250000000
128850  34.114  42.273  23.372 0.1250000000
128851  34.051  42.779  23.123 0.1250000000
128852  33.942  43.207  22.728 0.1250000000
128853  34.959  44.047  22.839 0.1388888889
128854  34.450  43.876  22.546 0.1388888889
128855  33.872  43.532  22.279 0.1250000000
128856  33.816  43.879  21.705 0.1250000000
128857  33.707  44.274  21.085 0.1250000000
128858  33.651  44.556  20.422 0.0972222222
128859  34.085  45.113  20.135 0.1111111111
128860  34.480  45.660  19.777 0.1111111111
128861  34.971  46.242  19.431 0.0833333333
128862  35.548  46.346  20.411 0.1250000000
128863  35.473  46.523  19.727 0.0833333333
128864  35.447  46.753  18.968 0.0833333333
128865  36.002  47.253  18.489 0.0694444444
131387  44.059  27.927  23.755 0.0138888889
133657  36.605  33.463  29.730 0.0277777778
133659  36.592  32.973  30.627 0.0277777778
133660  36.952  32.720  31.038 0.0138888889
133662  36.667  32.217  31.301 0.0138888889
133663  37.270  32.322  31.156 0.0138888889
133664  37.561  31.895  31.137 0.0138888889
138210  42.044  34.556  21.940 0.0555555556
138213  42.791  33.602  21.604 0.0277777778
138230  43.952  30.222  21.621 0.0138888889
138231  44.436  30.829  21.613 0.0138888889
138232  44.575  30.415  21.858 0.0138888889
138233  44.584  29.977  22.087 0.0138888889
138234  45.118  29.666  22.622 0.0138888889
138235  45.470  29.323  23.133 0.0138888889
138236  45.533  28.948  23.661 0.0138888889
138237  46.939  31.542  22.921 0.0138888889
138238  46.947  30.996  23.117 0.0138888889
138239  46.849  30.514  23.358 0.0138888889
138240  47.367  30.142  24.634 0.0138888889
138241  47.041  30.056  24.038 0.0138888889
138242  46.644  29.984  23.596 0.0138888889
138243  46.326  29.487  23.818 0.0138888889
138244  45.883  29.009  24.072 0.0138888889
138245  45.394  28.531  24.375 0.0138888889
138246  45.237  28.123  25.085 0.0138888889
138247  45.071  27.657  25.722 0.0138888889
138248  44.951  27.060  26.338 0.0138888889
138249  45.838  27.361  26.670 0.0138888889
138250  45.323  26.910  26.783 0.0138888889
138251  44.848  26.347  26.887 0.0138888889
138252  44.700  25.577  27.394 0.0138888889
138253  44.498  24.914  27.819 0.0138888889
138254  44.300  24.292  28.246 0.0138888889
138264  38.702  50.641  10.063 0.0833333333
138284  38.204  47.948  16.895 0.1388888889
138285  38.570  47.594  16.417 0.1250000000
138286  38.864  47.176  15.889 0.1111111111
138287  38.845  45.976  16.190 0.2222222222
138288  38.959  46.370  15.759 0.1666666667
138289  39.070  46.766  15.326 0.1527777778
138293  38.860  43.139  15.606 0.2500000000
138294  39.034  43.472  15.088 0.2500000000
138295  39.209  43.779  14.680 0.2222222222
138297  39.204  43.361  14.172 0.2083333333
138402  32.324  47.616  14.657 0.0694444444
149964  33.840  40.230  23.244 0.1111111111
149972  34.231  39.714  23.404 0.1250000000
149973  34.310  40.378  23.392 0.1250000000
149974  34.768  40.540  23.529 0.1388888889
149976  35.766  40.538  23.634 0.1527777778
149978  36.234  39.836  23.721 0.1388888889
149979  36.312  40.493  23.697 0.1527777778
149980  36.935  40.479  23.763 0.1666666667
149981  37.711  40.468  23.875 0.1805555556
149982  38.434  40.443  24.071 0.1527777778
152173  39.016  40.021  24.344 0.1388888889
152174  39.597  39.583  24.632 0.1250000000
152175  40.129  39.198  24.922 0.1250000000
152176  39.149  38.363  25.070 0.1250000000
152177  39.922  38.584  25.207 0.1250000000
152178  40.637  38.823  25.201 0.1111111111
152179  41.126  38.457  25.421 0.1388888889
152180  41.609  38.061  25.628 0.1388888889
152181  42.001  37.639  25.791 0.0833333333
152182  38.169  36.466  26.234 0.1250000000
152183  38.822  36.744  26.353 0.1250000000
152184  39.534  36.952  26.445 0.1250000000
152185  39.865  36.034  26.980 0.1250000000
152186  40.065  36.583  26.724 0.1250000000
152187  40.313  37.107  26.453 0.1111111111
152188  41.064  37.247  26.387 0.1111111111
152189  41.740  37.256  26.207 0.0972222222
152190  42.410  37.245  25.858 0.0694444444
152191  42.821  36.833  25.890 0.0416666667
152192  43.227  36.359  25.912 0.0416666667
152193  43.589  35.800  25.943 0.0277777778
152194  42.780  35.377  26.636 0.0555555556
152195  43.414  35.323  26.329 0.0416666667
152196  44.058  35.284  26.054 0.0416666667
152197  44.553  34.731  26.220 0.0416666667
152198  45.049  34.210  26.422 0.0555555556
152199  45.544  33.759  26.670 0.0416666667
152200  37.245  33.638  29.748 0.0277777778
152201  37.826  33.697  29.779 0.0277777778
152202  38.408  33.834  29.723 0.0416666667
152203  38.528  33.271  30.422 0.0277777778
152204  38.744  33.644  30.137 0.0555555556
152205  38.985  33.850  29.630 0.0555555556
152206  39.577  33.835  29.436 0.0833333333
152207  40.177  33.845  29.180 0.0694444444
152208  40.797  33.840  28.977 0.0694444444
152211  40.366  32.538  30.439 0.0138888889
152212  41.470  31.924  30.511 0.0138888889
152213  41.060  32.428  30.322 0.0277777778
152214  40.701  32.884  30.066 0.0416666667
152215  40.999  33.189  29.668 0.0694444444
152216  41.225  33.447  29.250 0.0694444444
152217  41.470  33.716  28.727 0.0694444444
152218  42.104  33.621  28.483 0.0694444444
152219  42.722  33.572  28.191 0.0694444444
152220  43.341  33.547  27.899 0.0833333333
152221  43.561  32.705  28.683 0.0972222222
152222  43.808  33.048  28.129 0.0833333333
152223  44.030  33.519  27.574 0.0694444444
152224  44.716  33.473  27.321 0.0694444444
152225  45.396  33.430  27.140 0.0694444444
152226  46.024  33.209  26.891 0.0555555556
152227  46.460  32.571  27.097 0.0694444444
152228  46.846  31.909  27.311 0.0694444444
152229  47.191  31.223  27.539 0.0694444444
152230  46.491  30.902  28.289 0.0694444444
152231  47.064  30.710  28.038 0.0555555556
152232  47.505  30.544  27.802 0.0555555556
152233  47.779  29.755  28.016 0.0277777778
152234  47.852  28.970  28.153 0.0416666667
152235  47.828  28.257  28.293 0.0138888889
152236  45.703  29.111  30.115 0.0416666667
152237  46.324  28.876  29.980 0.0416666667
152238  47.002  28.615  29.780 0.0416666667
152239  47.100  27.572  30.411 0.0138888889
152240  47.319  27.962  29.930 0.0416666667
152241  47.495  28.360  29.480 0.0416666667
152242  47.776  28.089  29.182 0.0277777778
152243  47.821  27.808  28.804 0.0138888889
152244  47.714  27.598  28.448 0.0138888889
152245  47.392  26.961  28.505 0.0138888889
152246  46.996  26.356  28.541 0.0138888889
152247  46.528  25.795  28.591 0.0138888889
152251  45.434  24.685  28.668 0.0138888889
152252  44.842  24.298  28.661 0.0138888889
152253  44.281  23.864  28.625 0.0138888889
152327  46.501  23.743  30.709 0.0138888889
152328  45.949  23.508  30.276 0.0138888889
152329  45.363  22.742  30.402 0.0138888889
152330  45.457  23.092  30.098 0.0138888889
152331  45.473  23.467  29.787 0.0138888889
152332  44.878  23.470  29.366 0.0138888889
152333  44.276  23.456  28.951 0.0138888889
152334  43.687  23.552  28.466 0.0138888889
152335  43.107  23.259  28.292 0.0138888889
152336  42.516  22.952  28.121 0.0138888889
172  37.114  37.142  17.493 0.1111111111
173  41.226  30.302  19.637 0.0138888889
462  36.237  33.563  29.241 0.0277777778
881  41.970  27.323  21.081 0.0138888889
882  41.029  24.749  24.369 0.0138888889
884  38.919  21.307  26.629 0.0138888889
1462  35.397  34.290  12.993 0.0972222222
1463  38.372  30.498  14.347 0.0138888889
1464  38.761  33.209  18.738 0.0277777778
1857  41.142  27.651  15.947 0.0138888889
2801  42.923  26.579  24.630 0.0138888889
2802  42.235  24.492  26.363 0.0138888889
2803  39.978  22.952  25.730 0.0138888889
2804  41.349  22.624  27.414 0.0138888889
2808  37.078  34.854  8.940 0.0555555556
3397  35.920  35.697  15.540 0.1111111111
3398  36.240  33.329  16.133 0.0416666667
3399  37.344  34.762  18.338 0.0555555556
3408  37.949  40.142  16.968 0.1388888889
3409  38.356  41.687  14.846 0.1666666667
3410  36.856  38.814  15.152 0.1388888889
3411  35.707  37.372  13.005 0.1111111111
4082  39.895  28.647  17.768 0.0138888889
5782  38.614  38.729  19.145 0.1111111111
5783  38.957  36.235  20.253 0.0694444444
6193  41.698  28.861  20.475 0.0138888889
6194  43.419  28.073  22.581 0.0138888889
6195  41.955  26.163  22.714 0.0138888889
6212  43.875  34.946  5.742 0.0277777778
7252  36.883  33.263  10.911 0.0416666667
7254  36.608  32.036  13.725 0.0416666667
7255  37.551  31.569  16.622 0.0138888889
7257  40.516  34.251  20.757 0.0277777778
7258  42.287  32.805  20.594 0.0138888889
7272  35.472  35.948  10.728 0.1111111111
8196  41.083  27.357  18.382 0.0138888889
10477  41.304  33.048  9.193 0.0138888889
10483  41.781  23.546  26.947 0.0138888889
11077  36.498  36.408  16.620 0.1111111111
11078  36.411  35.136  17.060 0.0833333333
11079  37.071  35.878  18.039 0.0833333333
11088  37.550  38.724  17.220 0.1388888889
11089  37.404  39.507  16.129 0.1388888889
11090  36.955  37.979  16.378 0.1111111111
11091  36.343  37.271  15.368 0.1250000000
11760  39.990  30.230  18.509 0.0138888889
11761  39.442  29.363  17.439 0.0138888889
11762  40.224  29.485  18.832 0.0138888889
13478  39.527  38.234  20.445 0.1527777778
13491  38.986  40.228  19.010 0.1805555556
14163  42.005  25.692  24.611 0.0138888889
14164  42.388  26.439  23.629 0.0138888889
14165  41.463  25.547  23.533 0.0138888889
14166  41.149  25.210  22.430 0.0138888889
14167  40.605  24.649  23.248 0.0138888889
14169  40.025  23.921  24.105 0.0138888889
14170  39.448  22.068  26.125 0.0138888889
14171  38.905  22.189  25.281 0.0138888889
14172  38.318  21.319  25.737 0.0138888889
14173  37.303  20.411  25.323 0.0138888889
14191  42.560  35.598  4.953 0.0277777778
14192  42.263  35.039  5.885 0.0277777778
15952  35.895  33.668  11.855 0.0833333333
15953  36.619  32.575  12.320 0.0555555556
15954  35.917  33.073  13.407 0.0694444444
15955  37.262  33.176  17.445 0.0277777778
15956  36.846  32.350  16.376 0.0277777778
15957  37.993  32.396  17.623 0.0138888889
15958  38.791  31.717  17.823 0.0138888889
15959  39.550  32.512  18.778 0.0138888889
15960  40.382  35.776  21.309 0.0694444444
15961  39.655  35.187  20.563 0.0416666667
15962  41.251  34.765  21.557 0.0416666667
15986  37.899  40.991  13.842 0.1527777778
15993  35.268  35.789  12.978 0.1250000000
15994  35.377  36.599  11.811 0.1250000000
15995  35.322  35.154  11.846 0.1250000000
15996  35.894  34.492  10.756 0.0833333333
18000  38.545  31.042  13.186 0.0138888889
18008  41.895  28.108  20.816 0.0138888889
18009  41.011  28.071  19.451 0.0138888889
18010  41.486  27.390  19.750 0.0138888889
19846  42.184  21.836  28.904 0.0138888889
23475  42.658  25.639  25.591 0.0138888889
23476  41.576  24.672  25.446 0.0138888889
23477  40.518  23.894  25.142 0.0138888889
23478  41.077  23.696  26.118 0.0138888889
23479  40.606  22.760  26.561 0.0138888889
23480  40.169  21.930  26.995 0.0138888889
23486  36.527  36.125  8.822 0.0694444444
23488  37.467  35.612  7.961 0.0555555556
24547  35.438  35.028  14.246 0.0972222222
24548  35.719  33.747  14.649 0.0694444444
24549  35.900  34.465  15.871 0.0694444444
24550  36.720  34.027  17.318 0.0555555556
24551  38.003  33.838  18.627 0.0416666667
24566  38.439  41.694  16.811 0.1944444444
24568  38.003  40.959  15.886 0.1527777778
24569  37.574  40.265  14.960 0.1388888889
24570  37.050  39.556  13.922 0.1388888889
24571  36.418  38.926  12.926 0.1388888889
24572  36.289  38.100  14.146 0.1250000000
24573  35.672  36.546  14.174 0.1250000000
25776  38.381  30.169  15.774 0.0138888889
25779  39.649  28.678  16.342 0.0138888889
25780  40.276  27.955  16.716 0.0138888889
28852  37.790  37.956  18.250 0.1111111111
28853  37.778  36.730  18.887 0.0833333333
28854  38.645  37.507  19.723 0.1111111111
28855  39.761  36.937  20.964 0.0972222222
28871  38.598  40.942  17.971 0.1805555556
28872  38.166  39.442  18.044 0.1666666667
29808  42.603  30.205  20.784 0.0138888889
29809  41.490  29.599  20.156 0.0138888889
29810  42.752  29.392  21.284 0.0138888889
29811  42.806  28.617  21.632 0.0138888889
29812  42.593  27.759  21.876 0.0138888889
29813  43.286  27.343  23.540 0.0138888889
29814  42.699  27.118  22.747 0.0138888889
29815  42.243  26.792  22.012 0.0138888889
29816  41.746  25.772  21.910 0.0138888889
29823  39.488  23.123  24.768 0.0138888889
29853  44.142  35.469  4.764 0.0138888889
29856  45.181  34.355  6.355 0.0138888889
30366  35.693  32.889  30.265 0.0277777778
32304  37.794  32.343  11.432 0.0138888889
32305  37.560  31.704  12.754 0.0277777778
32306  37.478  31.178  14.038 0.0138888889
32307  36.161  32.623  14.898 0.0416666667
32308  36.814  31.654  15.207 0.0277777778
32309  37.657  30.904  15.468 0.0138888889
32310  38.287  30.836  16.895 0.0138888889
32313  38.132  35.491  19.344 0.0555555556
32314  38.822  34.499  19.701 0.0555555556
32315  39.704  33.759  19.810 0.0277777778
32317  41.402  33.525  20.744 0.0138888889
32318  40.502  33.103  19.776 0.0277777778
32321  42.318  30.847  20.312 0.0138888889
32354  35.945  38.175  11.858 0.1250000000
32355  35.668  37.461  10.699 0.1111111111
32357  36.106  35.334  9.708 0.1111111111
32358  36.914  34.034  9.920 0.0555555556
34890  40.563  28.799  19.188 0.0138888889
34891  40.384  27.984  18.056 0.0138888889
34892  40.998  27.388  17.135 0.0138888889
34894  41.848  26.800  17.548 0.0138888889
37124  41.148  21.944  27.972 0.0138888889
41197  40.492  33.058  9.502 0.0138888889
41198  41.010  32.741  9.761 0.0138888889
41208  39.036  33.435  9.563 0.0138888889
41797  36.804  36.745  17.095 0.1111111111
41798  36.737  36.132  17.351 0.0972222222
41799  37.064  36.500  17.779 0.1111111111
41808  37.319  37.949  17.339 0.1250000000
41809  37.255  38.332  16.862 0.1250000000
41810  37.023  37.550  16.981 0.1250000000
41811  36.723  37.189  16.514 0.1111111111
42480  40.592  30.280  19.072 0.0138888889
42481  40.118  29.842  18.664 0.0138888889
42482  40.707  29.899  19.276 0.0138888889
42875  35.704  33.452  29.113 0.0277777778
44883  41.504  25.272  24.479 0.0138888889
44884  41.696  25.638  24.075 0.0138888889
44885  41.247  25.180  23.952 0.0138888889
44886  41.043  25.077  23.394 0.0138888889
44887  40.792  24.706  23.820 0.0138888889
44888  40.304  24.279  23.710 0.0138888889
44889  40.511  24.320  24.250 0.0138888889
44890  39.195  21.700  26.363 0.0138888889
44891  38.915  21.777  25.952 0.0138888889
44892  38.606  21.324  26.186 0.0138888889
44893  38.034  20.881  25.991 0.0138888889
44911  41.668  35.463  5.550 0.0277777778
46672  35.594  33.947  12.412 0.0833333333
46673  35.845  33.341  12.627 0.0694444444
46674  35.617  33.646  13.206 0.0694444444
46675  37.930  33.176  18.074 0.0138888889
46676  37.602  32.768  17.527 0.0138888889
46677  38.352  32.822  18.159 0.0138888889
46678  38.759  32.482  18.232 0.0138888889
46679  39.173  32.906  18.789 0.0138888889
46680  41.080  35.505  21.817 0.0694444444
46681  40.788  35.249  21.469 0.0555555556
46706  37.614  40.646  13.317 0.1388888889
46708  37.789  40.980  12.797 0.1527777778
46712  37.012  39.973  12.308 0.1666666667
46713  35.238  35.070  13.008 0.1250000000
46714  35.248  35.470  12.414 0.1250000000
46715  35.357  34.710  12.415 0.1250000000
46716  35.545  34.350  11.852 0.1111111111
48720  38.436  30.773  13.747 0.0138888889
48722  38.872  30.398  13.906 0.0138888889
48728  41.894  27.727  20.982 0.0138888889
48729  41.588  27.753  20.280 0.0138888889
48730  41.737  27.399  20.459 0.0138888889
54472  43.436  32.821  8.485 0.0138888889
54483  42.832  24.940  26.451 0.0138888889
54484  43.011  25.536  26.047 0.0138888889
54485  42.515  25.028  26.012 0.0138888889
54486  42.126  25.149  25.543 0.0138888889
54487  41.906  24.580  25.931 0.0138888889
54488  41.333  24.158  25.813 0.0138888889
54489  41.641  24.076  26.216 0.0138888889
54490  41.548  23.050  27.170 0.0138888889
54491  41.204  23.132  26.765 0.0138888889
54492  40.974  22.695  26.977 0.0138888889
54493  40.403  22.301  26.762 0.0138888889
54494  40.771  22.267  27.203 0.0138888889
54503  36.731  35.495  8.849 0.0833333333
54504  36.985  35.862  8.390 0.0555555556
54505  37.275  35.252  8.444 0.0694444444
56272  35.665  35.382  14.902 0.1111111111
56273  35.696  34.747  15.117 0.0694444444
56274  35.872  35.101  15.765 0.0833333333
56275  36.840  34.917  17.716 0.0833333333
56276  36.526  34.555  17.203 0.0694444444
56277  36.987  34.407  17.816 0.0555555556
56278  37.296  33.942  17.949 0.0416666667
56279  37.626  34.283  18.477 0.0555555556
56303  38.180  40.925  16.866 0.1666666667
56304  38.217  41.339  16.296 0.1805555556
56305  37.892  40.523  16.400 0.1666666667
56306  37.123  39.153  15.667 0.1388888889
56307  37.437  39.883  15.553 0.1527777778
56308  37.198  39.524  15.070 0.1250000000
56309  37.324  39.905  14.463 0.1388888889
56310  36.931  39.181  14.550 0.1388888889
56311  36.637  38.848  14.068 0.1250000000
56312  36.577  38.463  14.652 0.1250000000
56313  36.112  36.476  15.467 0.1111111111
56314  36.012  36.924  14.795 0.1250000000
56315  35.793  36.104  14.864 0.1250000000
56316  35.506  35.773  14.194 0.1250000000
58323  39.663  28.988  17.583 0.0138888889
58325  39.695  28.601  17.016 0.0138888889
58326  39.962  28.314  16.483 0.0138888889
58327  40.005  28.241  17.203 0.0138888889
63472  38.196  38.358  18.696 0.1388888889
63473  38.169  37.752  18.975 0.0972222222
63474  38.603  38.154  19.413 0.1111111111
63475  40.009  37.928  21.061 0.1527777778
63476  39.586  37.573  20.710 0.1388888889
63477  40.148  37.309  21.303 0.1250000000
63478  40.356  36.679  21.498 0.0972222222
63513  38.781  39.450  19.030 0.1527777778
63514  38.587  39.825  18.538 0.1805555556
63515  38.371  39.085  18.590 0.1250000000
63516  38.002  38.731  18.149 0.1527777778
65520  43.288  30.033  21.310 0.0138888889
65521  42.597  29.784  21.029 0.0138888889
65522  43.354  29.637  21.525 0.0138888889
65524  43.397  28.794  21.969 0.0138888889
65525  43.240  28.434  22.122 0.0138888889
65526  42.753  28.226  21.778 0.0138888889
65527  43.016  27.951  22.233 0.0138888889
65528  43.399  27.040  24.551 0.0138888889
65529  43.576  27.442  23.949 0.0138888889
65530  43.122  26.963  24.086 0.0138888889
65531  42.141  26.324  23.150 0.0138888889
65532  42.555  26.775  23.158 0.0138888889
65533  42.317  26.655  22.762 0.0138888889
65534  42.441  26.957  22.391 0.0138888889
65535  42.148  26.499  22.397 0.0138888889
65536  42.023  26.314  22.007 0.0138888889
65537  41.833  25.979  22.311 0.0138888889
65550  40.247  23.451  25.456 0.0138888889
65551  40.003  23.528  24.957 0.0138888889
65552  39.742  23.060  25.272 0.0138888889
65553  38.387  21.802  25.020 0.0138888889
65613  43.227  35.269  5.349 0.0277777778
65619  42.647  34.402  6.619 0.0277777778
65621  45.480  33.525  6.659 0.0138888889
70897  37.536  33.146  10.515 0.0277777778
70899  37.312  32.782  11.177 0.0555555556
70900  36.613  32.288  13.030 0.0555555556
70901  37.074  32.108  12.519 0.0416666667
70902  37.043  31.809  13.213 0.0277777778
70904  37.022  31.582  13.883 0.0277777778
70905  35.906  33.453  15.391 0.0694444444
70906  35.920  33.147  14.788 0.0694444444
70907  36.156  32.939  15.500 0.0416666667
70908  37.193  31.944  16.504 0.0138888889
70909  36.792  31.987  15.813 0.0277777778
70910  37.142  31.568  15.930 0.0138888889
70911  37.214  31.236  15.336 0.0138888889
70912  37.501  31.200  16.095 0.0138888889
70913  37.886  30.842  16.231 0.0138888889
70914  37.960  31.233  16.774 0.0138888889
70915  39.521  31.723  18.419 0.0138888889
70916  39.147  31.320  17.972 0.0138888889
70917  39.825  31.302  18.561 0.0138888889
70920  38.367  36.502  19.604 0.0833333333
70921  37.961  36.101  19.164 0.0694444444
70922  38.568  35.879  19.807 0.0555555556
70923  40.046  34.690  20.678 0.0277777778
70924  39.227  34.832  20.157 0.0416666667
70925  39.664  34.388  20.233 0.0277777778
70926  39.258  34.060  19.758 0.0277777778
70927  40.129  33.997  20.279 0.0277777778
70933  41.846  33.150  20.670 0.0138888889
70934  40.964  33.306  20.248 0.0277777778
70935  41.384  32.966  20.166 0.0138888889
70936  40.922  32.751  19.673 0.0277777778
70937  41.790  32.622  20.117 0.0138888889
70996  38.511  42.110  15.313 0.1666666667
70998  38.706  42.397  14.736 0.2083333333
71018  36.061  38.178  12.993 0.1111111111
71019  36.164  38.552  12.430 0.1111111111
71020  35.834  37.784  12.414 0.1111111111
71021  35.356  36.276  11.265 0.1111111111
71022  35.514  37.026  11.250 0.1111111111
71023  35.527  36.698  10.699 0.1250000000
71024  35.670  37.127  10.127 0.1250000000
71025  35.634  36.365  10.163 0.1250000000
71026  35.927  36.033  9.692 0.1250000000
71027  35.741  35.608  10.169 0.1250000000
71028  36.329  33.845  10.811 0.0833333333
71029  36.329  34.260  10.278 0.0833333333
71030  36.840  33.648  10.393 0.0555555556
71031  37.551  33.539  10.071 0.0277777778
77063  41.578  29.233  20.298 0.0138888889
77064  40.959  29.228  19.691 0.0138888889
77065  41.040  28.847  19.822 0.0138888889
77066  40.941  27.712  18.918 0.0138888889
77067  40.651  28.001  18.778 0.0138888889
77068  40.719  27.663  18.210 0.0138888889
77069  40.645  27.645  17.553 0.0138888889
77070  41.001  27.367  17.750 0.0138888889
77076  42.345  26.609  17.308 0.0138888889
77077  41.886  26.899  17.008 0.0138888889
82579  41.681  21.902  28.444 0.0138888889
82580  41.021  21.587  28.174 0.0138888889
82581  40.520  21.619  27.682 0.0138888889
92587  42.005  33.054  8.962 0.0138888889
92588  42.489  32.759  9.207 0.0138888889
92589  41.768  32.764  9.462 0.0138888889
92596  42.583  24.388  26.815 0.0138888889
92597  42.000  24.001  26.665 0.0138888889
92598  42.374  23.886  27.126 0.0138888889
92599  42.156  23.398  27.369 0.0138888889
92600  41.952  22.976  27.633 0.0138888889
92606  37.605  34.290  9.080 0.0416666667
92607  37.733  34.663  8.555 0.0694444444
93667  36.185  36.043  16.098 0.0972222222
93668  36.101  35.412  16.332 0.0833333333
93669  36.422  35.769  16.853 0.0833333333
93670  36.752  35.509  17.558 0.0972222222
93671  37.165  35.270  18.212 0.0694444444
93686  37.732  39.461  17.089 0.1388888889
93687  37.648  39.803  16.556 0.1527777778
93688  37.460  39.092  16.719 0.1388888889
93689  37.157  38.740  16.265 0.1388888889
93690  36.864  38.396  15.775 0.1388888889
93691  36.585  38.045  15.258 0.1250000000
93692  36.664  37.623  15.889 0.1111111111
93693  36.409  36.845  16.037 0.1111111111
94898  39.619  29.767  18.023 0.0138888889
94899  39.783  29.373  18.109 0.0138888889
94900  39.985  29.056  18.313 0.0138888889
97987  39.043  39.106  19.566 0.1388888889
97988  39.062  38.528  19.808 0.1388888889
97989  39.514  38.903  20.202 0.1666666667
98013  39.188  39.824  19.516 0.1944444444
99221  42.470  26.119  24.659 0.0138888889
99222  42.670  26.573  24.124 0.0138888889
99223  42.198  26.066  24.151 0.0138888889
99224  41.929  25.978  23.612 0.0138888889
99225  41.738  25.864  23.057 0.0138888889
99226  41.591  25.677  22.603 0.0138888889
99227  41.300  25.399  22.957 0.0138888889
99228  40.881  24.965  22.827 0.0138888889
99234  39.711  22.478  25.944 0.0138888889
99235  39.450  22.570  25.524 0.0138888889
99236  39.192  22.137  25.741 0.0138888889
99237  38.654  21.772  25.508 0.0138888889
99238  38.101  21.347  25.258 0.0138888889
99239  37.573  20.870  25.031 0.0138888889
99240  37.805  20.868  25.546 0.0138888889
99273  42.442  35.337  5.434 0.0277777778
99274  43.068  34.965  5.797 0.0277777778
99275  43.794  33.425  7.455 0.0138888889
99277  44.531  33.276  7.212 0.0138888889
99278  45.251  33.195  6.893 0.0138888889
102442  36.335  33.435  11.326 0.0833333333
102443  36.697  32.898  11.607 0.0833333333
102444  36.222  33.104  12.086 0.0833333333
102445  36.211  32.804  12.837 0.0694444444
102446  36.244  32.555  13.577 0.0694444444
102447  36.719  33.206  16.816 0.0416666667
102448  36.512  32.788  16.221 0.0416666667
102449  36.998  32.758  16.898 0.0277777778
102450  37.298  32.339  17.035 0.0138888889
102451  37.688  31.969  17.148 0.0138888889
102452  38.120  31.632  17.258 0.0138888889
102453  38.399  32.061  17.707 0.0138888889
102454  39.148  32.121  18.316 0.0138888889
102455  39.938  32.129  18.843 0.0138888889
102456  39.654  35.998  20.808 0.0694444444
102457  39.280  35.683  20.428 0.0833333333
102458  40.030  35.481  20.967 0.0694444444
102459  40.455  34.992  21.106 0.0416666667
102460  40.896  34.533  21.207 0.0277777778
102502  38.144  41.325  14.339 0.1527777778
102503  38.562  42.001  14.325 0.1805555556
102505  38.508  41.975  13.321 0.1805555556
102515  35.416  36.555  12.987 0.1250000000
102516  35.485  36.955  12.384 0.1111111111
102517  35.288  36.189  12.398 0.1250000000
102518  35.259  35.862  11.831 0.1388888889
102519  35.366  35.557  11.271 0.1111111111
102520  35.605  35.227  10.704 0.1111111111
102521  35.544  34.806  11.284 0.1250000000
102522  35.873  34.064  11.305 0.0972222222
106142  41.810  28.488  20.648 0.0138888889
106143  41.231  28.452  19.964 0.0138888889
106144  41.428  28.114  20.115 0.0138888889
106145  41.247  27.747  19.589 0.0138888889
106146  41.240  27.385  19.084 0.0138888889
106304  45.008  35.629  4.085 0.0138888889
106305  45.090  35.702  3.560 0.0138888889
116212  43.252  26.624  25.082 0.0138888889
116214  43.160  26.142  25.563 0.0138888889
116215  42.790  26.123  25.136 0.0138888889
116216  42.309  25.677  25.131 0.0138888889
116217  41.804  25.212  25.038 0.0138888889
116218  41.293  24.753  24.918 0.0138888889
116219  40.780  24.348  24.770 0.0138888889
116220  41.057  24.250  25.324 0.0138888889
116221  40.792  23.777  25.663 0.0138888889
116222  40.518  23.330  25.931 0.0138888889
116223  41.426  23.613  26.516 0.0138888889
116224  40.845  23.216  26.352 0.0138888889
116225  40.249  22.864  26.146 0.0138888889
116226  40.022  22.401  26.342 0.0138888889
116227  39.771  21.988  26.531 0.0138888889
116228  39.541  21.610  26.803 0.0138888889
116245  37.909  35.026  8.040 0.0555555556
116246  38.142  35.353  7.570 0.0555555556
116258  43.682  33.186  7.784 0.0138888889
118717  35.380  34.662  13.617 0.0972222222
118718  35.540  34.025  13.837 0.0833333333
118719  35.549  34.383  14.458 0.0694444444
118720  35.761  34.070  15.275 0.0694444444
118721  36.030  33.879  16.002 0.0694444444
118722  36.106  34.806  16.491 0.0833333333
118723  36.213  34.230  16.591 0.0694444444
118724  36.456  33.699  16.735 0.0416666667
118725  36.986  33.568  17.409 0.0416666667
118726  37.591  33.544  18.024 0.0416666667
118763  38.328  41.732  15.824 0.1666666667
118764  38.135  41.346  15.387 0.1388888889
118765  37.662  40.185  15.988 0.1527777778
118766  37.773  40.599  15.452 0.1388888889
118767  37.949  40.972  14.880 0.1666666667
118768  37.729  40.634  14.384 0.1527777778
118769  37.463  40.299  13.858 0.1527777778
118770  37.163  39.944  13.347 0.1527777778
118771  36.839  39.613  12.864 0.1527777778
118772  36.735  39.234  13.441 0.1388888889
118773  36.337  38.518  13.541 0.1250000000
118774  35.999  37.756  13.586 0.1250000000
118775  36.280  37.682  14.739 0.1250000000
118776  35.947  37.326  14.165 0.1250000000
118777  35.633  36.942  13.573 0.1250000000
118778  35.437  36.158  13.570 0.1250000000
118779  35.337  35.416  13.607 0.1250000000
121584  38.320  30.260  15.037 0.0138888889
121593  40.310  28.082  16.048 0.0138888889
121594  40.645  27.763  16.282 0.0138888889
121595  42.023  26.836  21.151 0.0138888889
121596  41.893  27.027  20.609 0.0138888889
121597  42.047  26.533  20.732 0.0138888889
128782  37.414  37.549  17.842 0.1111111111
128783  37.378  36.913  18.189 0.1111111111
128784  37.738  37.339  18.565 0.1111111111
128785  38.205  37.117  19.339 0.0972222222
128786  38.754  36.850  20.028 0.0972222222
128787  39.051  37.868  20.088 0.1250000000
128788  39.169  37.200  20.393 0.0694444444
128789  39.361  36.577  20.624 0.0833333333
128790  40.054  36.333  21.121 0.0694444444
128791  40.640  36.056  21.648 0.0694444444
128832  38.443  41.301  17.369 0.2222222222
128833  38.265  40.532  17.439 0.1527777778
128834  38.811  40.602  18.532 0.2222222222
128835  38.455  40.192  18.037 0.1527777778
128836  38.051  39.805  17.513 0.1527777778
128837  37.839  39.093  17.602 0.1388888889
128838  37.641  38.351  17.710 0.1250000000
131376  41.933  30.320  20.219 0.0138888889
131377  41.383  29.954  19.905 0.0138888889
131378  42.023  29.935  20.496 0.0138888889
131379  42.110  29.546  20.715 0.0138888889
131380  42.220  29.156  20.903 0.0138888889
131381  43.410  29.249  21.753 0.0138888889
131382  42.806  29.009  21.468 0.0138888889
131383  42.266  28.777  21.085 0.0138888889
131384  42.337  28.380  21.250 0.0138888889
131385  42.300  27.985  21.392 0.0138888889
131386  42.230  27.556  21.498 0.0138888889
131388  43.797  27.845  23.393 0.0138888889
131389  43.427  27.707  23.034 0.0138888889
131390  42.837  26.893  23.600 0.0138888889
131391  42.985  27.230  23.121 0.0138888889
131392  43.094  27.557  22.671 0.0138888889
131393  42.750  27.433  22.320 0.0138888889
131394  42.428  27.253  21.963 0.0138888889
131395  42.174  27.073  21.580 0.0138888889
131396  42.072  26.623  21.595 0.0138888889
131399  41.463  25.481  22.127 0.0138888889
131415  40.242  23.950  24.583 0.0138888889
131416  39.770  23.562  24.431 0.0138888889
131418  39.185  22.640  25.041 0.0138888889
131427  37.096  20.372  24.824 0.0138888889
131497  44.233  35.724  4.211 0.0138888889
131498  44.934  35.463  4.629 0.0138888889
131502  42.865  34.662  6.226 0.0277777778
131503  43.659  34.644  6.181 0.0277777778
132887  35.477  33.081  29.669 0.0277777778
132888  35.983  33.229  29.759 0.0277777778
133658  36.302  33.138  30.190 0.0277777778
138177  37.165  32.434  11.846 0.0555555556
138178  37.655  32.015  12.091 0.0555555556
138179  38.149  31.632  12.365 0.0138888889
138180  38.055  31.355  12.970 0.0138888889
138181  37.996  31.107  13.561 0.0138888889
138182  37.956  30.875  14.156 0.0138888889
138183  35.754  33.405  14.053 0.0694444444
138184  36.012  32.880  14.205 0.0694444444
138185  36.307  32.343  14.312 0.0416666667
138186  36.456  32.450  15.642 0.0277777778
138187  36.472  32.129  15.052 0.0416666667
138188  36.656  31.829  14.431 0.0277777778
138189  37.071  31.357  14.616 0.0138888889
138190  37.521  31.016  14.735 0.0138888889
138191  37.944  30.653  14.873 0.0138888889
138192  38.044  30.526  15.618 0.0138888889
138193  38.261  30.457  16.327 0.0138888889
138194  38.591  30.467  17.029 0.0138888889
138195  38.514  31.282  17.371 0.0138888889
138196  38.844  30.887  17.515 0.0138888889
138201  37.449  36.297  18.480 0.0833333333
138202  37.555  35.697  18.691 0.0694444444
138203  37.704  35.128  18.855 0.0555555556
138204  38.828  35.282  19.991 0.0555555556
138205  38.424  34.959  19.533 0.0555555556
138206  37.978  34.611  19.017 0.0555555556
138207  38.387  34.167  19.159 0.0555555556
138208  38.809  33.789  19.235 0.0277777778
138209  39.235  33.490  19.287 0.0277777778
138211  41.701  34.300  21.561 0.0416666667
138212  41.338  34.090  21.234 0.0416666667
138214  41.833  33.754  21.221 0.0277777778
138215  40.962  33.885  20.774 0.0277777778
138216  40.579  33.650  20.284 0.0277777778
138217  40.115  33.439  19.817 0.0277777778
138218  39.656  33.202  19.329 0.0277777778
138219  40.034  32.851  19.289 0.0277777778
138220  40.401  32.485  19.268 0.0138888889
138221  40.741  32.108  19.309 0.0138888889
138222  42.136  32.295  20.121 0.0138888889
138227  41.757  30.610  19.982 0.0138888889
138228  42.498  30.526  20.551 0.0138888889
138229  43.221  30.409  21.097 0.0138888889
138296  38.875  42.690  14.164 0.2083333333
138320  36.584  39.267  12.396 0.1527777778
138321  36.292  38.923  11.894 0.1388888889
138322  36.028  38.588  11.298 0.1388888889
138323  35.633  37.382  11.813 0.1111111111
138324  35.768  37.815  11.241 0.1250000000
138325  35.874  38.231  10.723 0.1388888889
138329  36.142  36.449  9.209 0.0694444444
138330  36.306  35.749  9.246 0.0833333333
138331  36.558  35.074  9.313 0.0972222222
138332  35.981  34.906  10.184 0.0972222222
138333  36.426  34.638  9.789 0.0972222222
138334  36.962  34.411  9.422 0.0694444444
138335  37.554  33.877  9.586 0.0416666667
138336  38.279  33.483  9.786 0.0138888889
145692  40.866  29.581  19.516 0.0138888889
145693  40.415  29.171  19.041 0.0138888889
145694  40.197  28.737  18.495 0.0138888889
145695  40.779  28.407  19.319 0.0138888889
145696  40.410  28.379  18.645 0.0138888889
145697  40.142  28.330  17.925 0.0138888889
145698  40.327  27.927  17.388 0.0138888889
145699  40.629  27.663  16.919 0.0138888889
145700  41.003  27.452  16.523 0.0138888889
145701  41.727  27.061  19.959 0.0138888889
145702  41.565  27.055  19.280 0.0138888889
145703  41.438  27.037  18.593 0.0138888889
145705  41.803  26.752  18.207 0.0138888889
145706  41.397  27.056  17.944 0.0138888889
145707  41.395  27.108  17.360 0.0138888889
145708  41.427  27.184  16.751 0.0138888889
145709  41.523  27.360  16.189 0.0138888889
152337  41.891  22.624  27.931 0.0138888889
152338  42.323  22.193  28.668 0.0138888889
152339  41.773  22.238  28.186 0.0138888889
152340  41.253  22.274  27.693 0.0138888889
152341  40.662  21.948  27.460 0.0138888889
152342  40.028  21.622  27.231 0.0138888889
152343  39.395  21.279  27.024 0.0138888889
177  30.320  39.384  20.751 0.0277777778
178  27.801  46.072  14.686 0.0277777778
1013  32.314  31.877  28.292 0.0138888889
1472  24.849  44.321  17.866 0.0277777778
1473  29.019  42.549  16.929 0.0416666667
1878  24.024  48.847  15.405 0.0138888889
2037  25.746  36.986  25.109 0.0138888889
2038  29.069  34.357  23.117 0.0138888889
2039  33.528  35.690  24.222 0.0555555556
3412  28.063  39.011  20.001 0.0277777778
3413  27.307  41.075  18.599 0.0138888889
3414  29.588  41.158  19.101 0.0694444444
3416  32.649  45.608  17.337 0.0972222222
4125  26.138  44.824  15.700 0.0277777778
4126  24.603  46.618  16.644 0.0277777778
4127  25.596  46.992  14.743 0.0277777778
4472  27.092  34.413  26.299 0.0138888889
4473  26.843  35.028  23.671 0.0138888889
4474  28.501  32.977  25.475 0.0138888889
4475  34.327  32.913  28.784 0.0277777778
4476  32.909  33.620  26.002 0.0416666667
4477  34.877  34.553  26.781 0.0416666667
4478  35.271  36.101  25.072 0.0833333333
4479  36.893  34.854  27.416 0.0694444444
5791  32.096  40.051  22.118 0.0694444444
5792  31.445  41.809  20.634 0.1111111111
6220  26.857  46.670  12.577 0.0138888889
6429  30.264  31.490  27.980 0.0138888889
7276  26.516  42.913  16.925 0.0277777778
7277  28.331  44.286  15.532 0.0277777778
7278  31.290  43.203  18.264 0.0694444444
7279  30.633  44.766  16.152 0.0555555556
7280  29.898  46.361  14.993 0.0277777778
8253  24.726  48.373  12.906 0.0138888889
8686  25.444  37.835  22.403 0.0138888889
8687  27.359  36.645  21.378 0.0277777778
8688  29.835  36.757  21.518 0.0277777778
8689  30.634  32.743  25.431 0.0138888889
8690  31.439  34.994  23.449 0.0138888889
8691  32.091  37.455  22.399 0.0555555556
8692  33.717  38.175  23.197 0.0972222222
8693  35.589  38.569  23.936 0.1111111111
11092  29.211  39.068  20.230 0.0277777778
11093  28.797  40.062  19.550 0.0277777778
11094  29.826  40.323  20.026 0.0555555556
11805  26.954  45.362  15.102 0.0277777778
11806  25.898  45.899  15.227 0.0277777778
11807  26.606  46.311  14.589 0.0277777778
12152  27.774  33.330  27.158 0.0138888889
12153  27.668  33.558  25.859 0.0138888889
12154  28.469  32.618  26.861 0.0138888889
12155  35.211  33.326  29.002 0.0277777778
12156  34.628  33.740  27.699 0.0277777778
12157  35.509  33.954  27.934 0.0277777778
12158  35.807  34.705  27.101 0.0694444444
12159  36.652  34.210  28.269 0.0416666667
12361  37.804  34.403  28.297 0.0833333333
13492  32.995  40.553  22.782 0.0972222222
13493  32.476  41.588  22.344 0.0694444444
16000  28.121  41.762  17.682 0.0277777778
16001  26.904  41.974  17.666 0.0277777778
16002  27.772  42.562  16.769 0.0277777778
16003  27.434  43.463  16.035 0.0277777778
16004  28.669  43.352  16.103 0.0277777778
16005  32.363  43.072  20.371 0.1250000000
16006  31.480  42.591  19.421 0.0972222222
16007  32.244  43.612  19.077 0.1111111111
16008  32.325  46.440  16.407 0.0555555556
16009  31.685  45.115  16.712 0.0694444444
16010  31.241  45.961  15.891 0.0416666667
16011  30.162  45.639  15.540 0.0416666667
16012  30.894  46.695  15.220 0.0416666667
16013  30.739  47.101  14.384 0.0416666667
16014  31.710  47.453  14.578 0.0555555556
18138  24.335  47.885  16.079 0.0277777778
18139  24.161  47.814  17.191 0.0138888889
18140  23.760  48.996  16.488 0.0138888889
18142  23.480  49.933  15.643 0.0138888889
18143  26.282  47.007  11.545 0.0138888889
18144  25.709  47.373  12.650 0.0138888889
19174  25.468  37.341  23.730 0.0138888889
19175  27.907  34.515  23.303 0.0138888889
19176  27.023  35.757  22.490 0.0138888889
19177  28.200  35.363  22.192 0.0138888889
19178  28.590  36.545  21.221 0.0277777778
19179  29.436  35.442  22.151 0.0138888889
19180  31.280  31.576  28.117 0.0138888889
19181  30.398  31.981  26.714 0.0138888889
19182  31.495  32.230  26.865 0.0138888889
19183  33.269  34.726  25.021 0.0555555556
19184  32.167  34.275  24.614 0.0555555556
19185  32.607  35.465  23.774 0.0416666667
19186  31.860  36.254  22.819 0.0555555556
19187  32.811  36.552  23.155 0.0694444444
19188  32.875  37.789  22.825 0.0972222222
19189  33.552  36.846  23.531 0.0833333333
19190  36.180  36.261  25.433 0.0833333333
19191  35.459  37.253  24.341 0.1111111111
19192  36.399  37.328  24.694 0.1111111111
19193  36.667  38.576  24.140 0.1250000000
24574  26.828  39.134  20.064 0.0138888889
24576  27.659  40.083  19.345 0.0277777778
24577  28.474  40.926  18.655 0.0416666667
24578  29.451  41.853  18.036 0.0416666667
25857  25.362  44.487  16.663 0.0277777778
25858  24.828  45.481  17.250 0.0277777778
25859  25.226  45.606  16.054 0.0277777778
25860  25.024  46.786  15.620 0.0277777778
25861  24.721  47.843  15.062 0.0277777778
26481  26.085  35.862  24.351 0.0138888889
26482  26.894  34.637  24.958 0.0138888889
26483  27.677  33.937  24.508 0.0138888889
26484  28.665  33.517  24.251 0.0138888889
26485  33.358  32.444  28.556 0.0277777778
26486  32.618  32.690  27.208 0.0416666667
26487  33.635  33.225  27.464 0.0416666667
26488  33.893  34.137  26.341 0.0555555556
26489  34.201  35.081  25.512 0.0694444444
26490  34.328  35.916  24.581 0.0694444444
26491  35.041  35.251  25.917 0.0833333333
26492  35.962  35.478  26.277 0.0972222222
28873  31.170  39.673  21.417 0.0416666667
28874  30.754  40.688  20.720 0.0416666667
28875  31.547  41.046  21.557 0.0416666667
28876  32.385  42.347  21.506 0.0833333333
29871  28.611  46.524  13.896 0.0416666667
29872  27.445  46.563  13.695 0.0277777778
30357  29.273  31.714  27.987 0.0138888889
30359  30.980  31.264  29.318 0.0138888889
30360  31.980  31.420  29.444 0.0138888889
30363  32.990  31.876  29.592 0.0138888889
30364  33.996  32.287  29.811 0.0277777778
30365  34.839  32.595  30.102 0.0277777778
32365  25.827  42.475  17.987 0.0277777778
32366  25.559  43.516  17.271 0.0277777778
32367  26.237  43.868  16.244 0.0277777778
32368  27.158  44.357  15.504 0.0277777778
32369  28.102  45.242  15.145 0.0277777778
32370  30.603  41.465  19.759 0.0833333333
32371  30.536  42.138  18.590 0.0972222222
32372  30.288  42.783  17.514 0.0555555556
32373  32.002  44.314  17.784 0.0833333333
32374  31.012  43.909  17.121 0.0694444444
32375  29.893  43.542  16.480 0.0555555556
32376  29.504  44.435  15.749 0.0555555556
32377  29.153  45.412  15.296 0.0277777778
32378  28.899  46.146  14.817 0.0277777778
32379  29.720  46.766  14.178 0.0416666667
35049  24.401  46.599  17.871 0.0138888889
35055  26.294  46.958  13.633 0.0277777778
35056  25.232  47.689  13.884 0.0138888889
35057  24.396  48.656  14.205 0.0138888889
36313  26.067  36.417  23.079 0.0138888889
36315  26.470  38.008  20.858 0.0138888889
36316  27.645  37.798  20.534 0.0277777778
36317  28.960  37.869  20.672 0.0277777778
36318  30.194  38.173  21.051 0.0277777778
36319  29.352  32.077  26.640 0.0138888889
36320  29.474  32.681  25.349 0.0138888889
36321  29.798  33.497  24.215 0.0138888889
36322  31.777  33.118  25.641 0.0277777778
36323  30.994  33.796  24.307 0.0138888889
36324  30.223  34.532  23.180 0.0138888889
36325  30.641  35.814  22.445 0.0277777778
36326  31.012  37.170  21.976 0.0416666667
36327  31.254  38.405  21.639 0.0416666667
36328  32.092  38.693  22.198 0.0694444444
36329  32.971  39.112  22.762 0.0972222222
36330  33.782  39.568  23.218 0.1111111111
36331  34.465  37.051  23.927 0.0972222222
36332  34.599  38.465  23.650 0.1111111111
36334  35.697  39.885  23.645 0.1527777778
41812  29.770  39.226  20.456 0.0277777778
41813  29.490  39.687  20.103 0.0277777778
41814  30.037  39.868  20.391 0.0416666667
42525  27.332  45.691  14.877 0.0277777778
42526  26.745  45.845  14.873 0.0277777778
42527  27.175  46.145  14.595 0.0277777778
42872  28.107  32.850  27.606 0.0138888889
42873  28.098  32.962  27.008 0.0138888889
42874  28.460  32.499  27.476 0.0138888889
42876  35.386  33.671  28.475 0.0277777778
42877  35.906  33.807  28.589 0.0277777778
42878  36.080  34.144  28.112 0.0277777778
42879  36.464  33.893  28.740 0.0277777778
43081  37.099  34.041  28.717 0.0416666667
43082  36.873  33.761  29.228 0.0277777778
46720  28.589  42.141  17.294 0.0277777778
46721  27.937  42.135  17.155 0.0277777778
46722  28.392  42.486  16.806 0.0277777778
46723  28.221  42.915  16.401 0.0277777778
46724  28.851  42.937  16.509 0.0277777778
46726  32.337  43.362  19.722 0.0972222222
46727  32.715  43.891  19.515 0.1111111111
46728  32.151  46.795  15.946 0.0416666667
46729  31.786  46.182  16.140 0.0416666667
46730  31.581  46.562  15.755 0.0555555556
46733  31.272  47.132  14.946 0.0416666667
48855  24.573  44.258  18.569 0.0138888889
48857  24.534  44.877  18.199 0.0138888889
48858  24.176  48.431  15.726 0.0277777778
48859  24.026  48.454  16.306 0.0277777778
48860  23.838  48.926  15.913 0.0138888889
48861  23.602  49.470  16.050 0.0138888889
48862  23.729  49.378  15.538 0.0138888889
49894  25.559  37.142  24.417 0.0138888889
49895  28.445  34.353  23.157 0.0138888889
49896  28.042  34.887  22.733 0.0138888889
49897  28.641  34.800  22.598 0.0138888889
49898  28.837  35.358  22.112 0.0138888889
49899  29.275  34.851  22.596 0.0138888889
49900  31.832  31.685  28.202 0.0138888889
49901  31.382  31.873  27.500 0.0138888889
49902  31.925  32.065  27.620 0.0277777778
49903  33.441  35.224  24.583 0.0694444444
49904  32.965  35.111  24.322 0.0416666667
49905  33.103  35.580  24.009 0.0555555556
49906  32.752  35.996  23.465 0.0555555556
49907  33.153  36.117  23.674 0.0555555556
49908  33.156  36.715  23.345 0.0694444444
49909  33.524  36.248  23.844 0.0833333333
49911  36.282  36.776  25.051 0.0972222222
56317  27.436  39.065  19.982 0.0277777778
56318  27.242  39.673  19.683 0.0277777778
56319  27.841  39.565  19.697 0.0277777778
56320  29.170  40.647  19.350 0.0555555556
56321  28.622  40.522  19.134 0.0416666667
56322  29.048  41.058  18.864 0.0555555556
56323  28.905  41.422  18.382 0.0277777778
56324  29.522  41.521  18.579 0.0555555556
58455  25.704  44.610  16.098 0.0277777778
58456  25.295  45.035  16.348 0.0277777778
58457  25.643  45.174  15.843 0.0277777778
58458  25.732  46.452  14.977 0.0277777778
58459  25.423  46.301  15.377 0.0277777778
58460  25.290  46.895  15.196 0.0277777778
58461  24.894  47.344  15.390 0.0277777778
58462  25.148  47.420  14.937 0.0277777778
59488  27.247  34.365  26.938 0.0138888889
59493  26.596  35.100  25.281 0.0138888889
59494  26.971  34.528  25.623 0.0138888889
59495  28.071  33.230  25.635 0.0138888889
59496  27.649  33.728  25.181 0.0138888889
59497  28.107  33.446  24.945 0.0138888889
59498  28.175  33.687  24.343 0.0138888889
59499  28.576  33.234  24.840 0.0138888889
59500  33.850  32.703  28.674 0.0277777778
59501  33.494  32.809  28.014 0.0416666667
59502  33.993  33.090  28.126 0.0277777778
59503  34.765  34.137  27.188 0.0416666667
59504  34.259  33.911  27.000 0.0416666667
59505  34.407  34.368  26.549 0.0416666667
59506  34.069  34.628  25.867 0.0416666667
59507  34.529  34.793  26.136 0.0694444444
59508  34.623  35.183  25.727 0.0833333333
59509  34.956  34.900  26.350 0.0833333333
59510  36.305  34.811  27.285 0.0694444444
59511  35.830  35.062  26.638 0.0833333333
59512  36.363  35.192  26.844 0.0833333333
59513  36.440  35.608  26.497 0.0833333333
59514  36.923  35.225  27.042 0.0833333333
60122  37.449  34.985  27.419 0.0833333333
63517  31.644  39.835  21.770 0.0555555556
63518  31.357  40.374  21.461 0.0416666667
63519  31.825  40.564  21.863 0.0555555556
63521  32.373  42.016  22.000 0.0833333333
65655  29.041  46.715  13.440 0.0416666667
65656  28.365  46.571  13.290 0.0416666667
66698  31.515  31.266  29.353 0.0138888889
66708  33.525  32.115  29.716 0.0138888889
66709  33.835  32.017  30.326 0.0138888889
66711  34.609  32.275  30.588 0.0138888889
66713  35.251  32.771  30.181 0.0277777778
71040  26.935  40.666  19.106 0.0138888889
71043  26.685  42.436  17.282 0.0277777778
71044  26.324  42.183  17.769 0.0277777778
71045  26.152  42.697  17.416 0.0277777778
71046  25.686  42.996  17.614 0.0277777778
71047  25.992  43.201  17.040 0.0277777778
71048  25.843  43.678  16.730 0.0277777778
71049  26.388  43.406  16.568 0.0277777778
71050  27.857  43.817  15.720 0.0277777778
71051  27.285  43.904  15.755 0.0277777778
71052  27.738  44.286  15.492 0.0277777778
71053  27.683  44.752  15.297 0.0277777778
71054  28.250  44.776  15.341 0.0277777778
71055  31.075  41.258  20.706 0.0694444444
71056  30.654  41.104  20.298 0.0694444444
71057  31.035  41.622  20.198 0.0833333333
71058  31.385  42.902  18.816 0.0833333333
71059  31.028  42.363  18.938 0.0972222222
71060  30.922  42.663  18.405 0.0833333333
71061  30.437  42.428  18.062 0.0694444444
71062  30.818  42.977  17.868 0.0694444444
71063  32.803  45.157  17.913 0.0972222222
71064  32.472  44.532  18.194 0.0972222222
71065  32.342  44.934  17.536 0.0972222222
71066  31.182  44.925  16.423 0.0555555556
71067  31.371  44.507  16.922 0.0555555556
71068  30.820  44.307  16.608 0.0555555556
71069  30.459  43.713  16.772 0.0555555556
71070  30.265  44.144  16.285 0.0555555556
71071  29.693  43.984  16.062 0.0555555556
71072  30.064  44.599  15.924 0.0555555556
71073  29.974  46.038  15.284 0.0277777778
71074  29.619  45.507  15.428 0.0277777778
71075  29.531  45.928  15.202 0.0277777778
71076  29.038  45.824  15.087 0.0277777778
71077  29.456  46.271  14.946 0.0277777778
71078  29.281  46.505  14.541 0.0416666667
71079  29.803  46.622  14.646 0.0416666667
77453  24.718  46.067  16.933 0.0277777778
77454  24.582  46.050  17.593 0.0277777778
77455  24.495  46.621  17.261 0.0277777778
77456  23.947  48.416  17.426 0.0138888889
77468  27.152  46.630  13.119 0.0138888889
77469  26.859  46.716  13.628 0.0277777778
77470  26.579  46.838  13.103 0.0138888889
77471  25.179  47.854  12.763 0.0138888889
77472  25.486  47.537  13.254 0.0138888889
77473  24.997  47.986  13.418 0.0138888889
77474  24.794  48.157  14.089 0.0138888889
77475  24.569  48.501  13.585 0.0138888889
80560  26.412  35.410  23.960 0.0138888889
80561  26.008  36.110  23.705 0.0138888889
80562  26.415  35.691  23.328 0.0138888889
80563  27.181  36.177  21.891 0.0138888889
80564  26.612  36.405  22.137 0.0138888889
80565  26.754  36.831  21.596 0.0138888889
80567  26.911  37.309  21.096 0.0138888889
80568  27.041  37.862  20.647 0.0277777778
80569  27.517  37.178  20.922 0.0277777778
80570  29.201  36.624  21.346 0.0277777778
80571  28.775  37.218  20.920 0.0277777778
80572  29.423  37.332  21.060 0.0277777778
80573  29.600  38.009  20.848 0.0277777778
80574  30.075  37.506  21.247 0.0277777778
80575  29.761  31.541  27.935 0.0138888889
80576  29.332  31.850  27.328 0.0138888889
80577  29.851  31.700  27.367 0.0138888889
80578  30.506  32.326  26.063 0.0138888889
80579  29.938  32.300  25.989 0.0138888889
80580  30.081  32.644  25.334 0.0138888889
80581  29.610  33.064  24.785 0.0138888889
80582  30.205  33.064  24.757 0.0138888889
80583  32.765  33.132  26.619 0.0416666667
80584  32.198  32.880  26.376 0.0277777778
80585  32.355  33.376  25.792 0.0416666667
80586  31.797  34.611  23.986 0.0416666667
80587  31.556  34.008  24.449 0.0277777778
80588  31.211  34.378  23.857 0.0138888889
80589  30.623  34.169  23.730 0.0138888889
80590  30.820  34.735  23.282 0.0138888889
80591  30.427  35.146  22.782 0.0138888889
80592  31.033  35.381  22.935 0.0138888889
80593  32.024  36.856  22.593 0.0555555556
80594  31.459  36.735  22.398 0.0416666667
80595  31.571  37.322  22.200 0.0555555556
80596  31.148  37.785  21.800 0.0555555556
80597  31.662  37.919  22.041 0.0555555556
80598  31.686  38.526  21.914 0.0694444444
80599  32.111  38.060  22.280 0.0555555556
80600  33.301  37.981  23.007 0.0972222222
80601  32.952  38.434  22.755 0.0972222222
80602  33.375  38.653  22.961 0.0972222222
80603  33.372  39.379  22.993 0.1111111111
80604  33.756  38.872  23.184 0.0972222222
80605  34.792  35.987  24.839 0.0833333333
80606  34.383  36.406  24.199 0.0972222222
80607  34.887  36.515  24.451 0.0972222222
80608  35.556  37.899  24.106 0.1111111111
80609  35.056  37.870  23.947 0.1111111111
80610  35.100  38.580  23.817 0.1111111111
80611  34.660  39.218  23.608 0.1250000000
80612  35.104  39.261  23.740 0.1111111111
80613  35.174  39.898  23.649 0.1250000000
80614  35.625  39.235  23.788 0.1388888889
93694  28.723  39.008  20.059 0.0277777778
93695  28.480  39.550  19.768 0.0277777778
93696  29.023  39.591  19.903 0.0277777778
93697  29.308  40.174  19.757 0.0277777778
93698  29.684  40.772  19.626 0.0555555556
94977  26.553  45.073  15.373 0.0277777778
94978  26.033  45.357  15.469 0.0277777778
94979  26.409  45.592  15.158 0.0277777778
94980  26.216  46.102  14.923 0.0277777778
94981  26.084  46.614  14.622 0.0277777778
95600  27.401  33.851  26.701 0.0138888889
95601  27.288  33.943  26.065 0.0138888889
95602  27.718  33.430  26.522 0.0138888889
95603  28.071  33.061  26.329 0.0138888889
95604  28.457  32.744  26.167 0.0138888889
95605  34.758  33.096  28.922 0.0277777778
95606  34.477  33.341  28.237 0.0277777778
95607  34.943  33.517  28.403 0.0277777778
95608  35.088  33.901  27.871 0.0277777778
95609  35.217  34.281  27.387 0.0416666667
95610  35.320  34.643  26.949 0.0555555556
95611  35.693  34.332  27.524 0.0416666667
95612  36.230  34.468  27.734 0.0416666667
95613  36.783  34.514  27.830 0.0416666667
95977  37.377  34.633  27.828 0.0694444444
95978  37.240  34.323  28.251 0.0555555556
98014  32.529  40.307  22.460 0.0972222222
98015  32.227  40.829  22.236 0.0694444444
98016  32.686  41.074  22.598 0.0972222222
102528  27.691  41.403  18.121 0.0277777778
102529  27.106  41.526  18.127 0.0277777778
102530  27.501  41.831  17.637 0.0277777778
102531  27.322  42.235  17.177 0.0277777778
102532  27.147  42.703  16.818 0.0277777778
102533  27.012  43.170  16.462 0.0277777778
102534  27.602  43.005  16.382 0.0277777778
102535  28.035  43.371  16.021 0.0277777778
102536  28.473  43.828  15.775 0.0277777778
102537  31.887  42.376  20.517 0.1111111111
102538  31.492  42.217  20.037 0.1111111111
102539  31.909  42.790  19.903 0.0972222222
102540  31.852  43.118  19.276 0.0972222222
102541  31.762  43.393  18.674 0.0833333333
102542  32.467  46.025  16.817 0.0972222222
102543  32.159  45.352  17.005 0.0972222222
102544  31.971  45.775  16.514 0.0694444444
102545  31.454  45.553  16.261 0.0555555556
102546  30.932  45.375  16.023 0.0555555556
102547  30.393  45.213  15.801 0.0416666667
102548  30.713  45.800  15.677 0.0416666667
102549  30.521  46.197  15.370 0.0277777778
102550  30.390  46.500  15.080 0.0277777778
102551  30.324  46.731  14.710 0.0416666667
102552  30.790  46.926  14.843 0.0416666667
102554  31.708  47.459  14.077 0.0694444444
106376  24.480  47.247  16.370 0.0277777778
106377  24.374  47.220  16.943 0.0277777778
106378  24.196  47.894  16.649 0.0277777778
106379  23.959  48.447  16.883 0.0138888889
106382  23.507  49.561  16.590 0.0138888889
106385  26.571  46.782  12.040 0.0138888889
106386  26.280  46.963  12.596 0.0138888889
106387  25.969  47.134  12.084 0.0138888889
106388  25.440  47.628  12.130 0.0138888889
108240  25.435  37.574  23.062 0.0138888889
108241  27.360  34.729  23.470 0.0138888889
108242  26.913  35.361  23.083 0.0138888889
108243  27.461  35.101  22.889 0.0138888889
108244  27.595  35.512  22.318 0.0138888889
108245  27.760  35.981  21.755 0.0138888889
108246  27.975  36.542  21.238 0.0277777778
108247  28.385  35.920  21.678 0.0138888889
108248  29.016  35.968  21.695 0.0138888889
108249  29.625  36.071  21.815 0.0277777778
108250  30.769  31.515  28.050 0.0138888889
108251  30.361  31.702  27.387 0.0138888889
108252  30.864  31.759  27.421 0.0138888889
108253  30.945  32.052  26.778 0.0138888889
108254  31.063  32.443  26.113 0.0277777778
108255  33.074  34.198  25.498 0.0555555556
108256  32.541  33.935  25.297 0.0555555556
108257  32.745  34.521  24.810 0.0555555556
108258  32.405  34.906  24.130 0.0416666667
108259  32.036  35.234  23.595 0.0416666667
108260  31.634  35.624  23.089 0.0277777778
108261  32.256  35.861  23.292 0.0555555556
108262  32.375  36.405  22.981 0.0555555556
108263  32.439  36.990  22.755 0.0555555556
108264  32.470  37.605  22.605 0.0555555556
108265  32.827  37.161  22.956 0.0694444444
108266  33.209  37.337  23.130 0.0972222222
108267  33.625  37.490  23.293 0.0972222222
108268  35.733  36.215  25.280 0.0972222222
108269  35.374  36.648  24.687 0.0972222222
108270  35.834  36.732  24.883 0.0833333333
108271  35.934  37.288  24.532 0.0972222222
108272  36.038  37.883  24.239 0.1250000000
108273  36.109  38.548  24.026 0.1250000000
108274  36.532  37.918  24.388 0.1250000000
118780  26.256  39.233  20.252 0.0138888889
118782  26.636  39.759  19.908 0.0277777778
118783  27.081  40.191  19.430 0.0138888889
118785  28.224  40.008  19.415 0.0277777778
118786  28.053  40.485  19.005 0.0277777778
118787  27.889  40.965  18.599 0.0277777778
118788  28.290  41.367  18.209 0.0277777778
118789  28.759  41.777  17.826 0.0277777778
118790  29.252  42.208  17.482 0.0416666667
121773  25.108  44.383  17.241 0.0277777778
121774  24.817  44.916  17.541 0.0277777778
121775  25.060  44.942  16.941 0.0277777778
121776  24.987  45.538  16.612 0.0277777778
121777  24.905  46.114  16.329 0.0277777778
121778  25.518  45.706  15.553 0.0277777778
121779  25.157  46.187  15.813 0.0277777778
121780  24.813  46.681  16.086 0.0277777778
121781  24.680  47.266  15.874 0.0277777778
121782  24.531  47.854  15.576 0.0277777778
121783  24.358  48.338  15.253 0.0277777778
123224  26.043  36.287  25.393 0.0138888889
123225  25.865  36.402  24.721 0.0138888889
123226  26.212  35.698  25.006 0.0138888889
123227  26.497  35.192  24.624 0.0138888889
123228  26.848  34.782  24.304 0.0138888889
123229  27.248  34.046  25.381 0.0138888889
123230  27.243  34.226  24.716 0.0138888889
123231  27.271  34.454  24.077 0.0138888889
123232  27.770  34.202  23.885 0.0138888889
123233  28.295  33.995  23.738 0.0138888889
123234  28.858  33.913  23.672 0.0138888889
123235  32.846  32.144  28.406 0.0138888889
123236  32.456  32.284  27.755 0.0277777778
123237  32.997  32.530  27.834 0.0416666667
123238  33.144  32.991  27.326 0.0416666667
123239  33.248  33.420  26.704 0.0416666667
123240  34.128  33.500  27.563 0.0416666667
123241  33.732  33.662  26.865 0.0416666667
123242  33.379  33.898  26.140 0.0555555556
123243  33.580  34.479  25.720 0.0555555556
123244  33.749  34.960  25.240 0.0694444444
123245  33.854  35.408  24.779 0.0694444444
123246  33.908  35.841  24.346 0.0694444444
123247  34.270  35.481  25.033 0.0694444444
123248  34.694  35.542  25.270 0.0972222222
123249  35.149  35.620  25.495 0.0972222222
123250  35.368  34.965  26.501 0.0833333333
123251  35.490  35.339  26.098 0.0972222222
123252  35.626  35.757  25.698 0.0972222222
123253  36.077  35.866  25.863 0.0972222222
124109  37.924  34.703  27.807 0.0833333333
128839  30.766  39.513  21.070 0.0416666667
128840  30.478  40.014  20.720 0.0416666667
128841  30.902  40.198  21.077 0.0416666667
128842  31.153  40.839  21.128 0.0416666667
128843  31.476  41.435  21.120 0.0555555556
128844  31.997  41.310  21.948 0.0416666667
128845  31.921  41.720  21.541 0.0833333333
128846  31.897  42.064  21.060 0.0972222222
128847  32.380  42.694  20.962 0.1111111111
131547  28.234  46.297  14.313 0.0277777778
131548  27.630  46.372  14.241 0.0277777778
131549  28.040  46.478  13.769 0.0416666667
131554  27.215  46.537  12.068 0.0138888889
131555  26.892  46.678  11.509 0.0138888889
132863  29.688  31.455  28.517 0.0138888889
132864  30.151  31.356  28.557 0.0138888889
132867  30.638  31.326  28.641 0.0138888889
132868  31.150  31.368  28.718 0.0138888889
132869  31.682  31.441  28.789 0.0138888889
132870  32.155  31.606  28.872 0.0138888889
132878  32.484  31.618  29.484 0.0138888889
132879  32.679  31.833  28.971 0.0138888889
132880  33.223  32.130  29.099 0.0138888889
132881  33.722  32.390  29.204 0.0277777778
132882  34.160  32.589  29.291 0.0277777778
132883  34.226  32.126  30.434 0.0277777778
132884  34.374  32.438  29.937 0.0277777778
132885  34.561  32.744  29.432 0.0277777778
132886  35.017  32.957  29.534 0.0277777778
138347  24.899  43.749  18.231 0.0277777778
138351  26.520  41.705  18.248 0.0277777778
138355  25.249  43.291  17.911 0.0277777778
138356  25.184  43.877  17.553 0.0277777778
138357  25.414  43.983  16.963 0.0277777778
138358  25.751  44.138  16.427 0.0277777778
138359  26.172  44.329  15.955 0.0277777778
138360  26.853  43.617  16.121 0.0277777778
138361  26.715  44.085  15.835 0.0277777778
138362  26.625  44.536  15.564 0.0277777778
138363  27.102  44.876  15.315 0.0277777778
138364  27.544  45.234  15.104 0.0277777778
138365  27.946  45.653  14.940 0.0277777778
138366  30.319  40.492  20.346 0.0416666667
138367  30.203  40.930  19.935 0.0694444444
138368  30.111  41.293  19.388 0.0694444444
138369  31.056  42.021  19.577 0.0833333333
138370  30.574  41.818  19.164 0.0833333333
138371  30.049  41.632  18.800 0.0833333333
138372  30.026  41.969  18.289 0.0416666667
138373  29.914  42.307  17.737 0.0416666667
138374  29.688  42.657  17.190 0.0416666667
138375  32.621  44.179  18.888 0.1111111111
138376  32.115  43.935  18.417 0.0972222222
138377  31.662  43.740  18.075 0.0694444444
138378  31.875  44.708  17.229 0.0555555556
138379  31.578  44.137  17.471 0.0694444444
138380  31.181  43.547  17.708 0.0694444444
138381  30.682  43.354  17.303 0.0555555556
138382  30.098  43.118  16.943 0.0555555556
138383  29.483  43.012  16.696 0.0555555556
138384  29.307  43.425  16.264 0.0555555556
138385  29.093  43.887  15.890 0.0416666667
138386  28.941  44.339  15.614 0.0416666667
138387  29.836  45.040  15.643 0.0416666667
138388  29.336  44.908  15.511 0.0277777778
138389  28.819  44.811  15.412 0.0277777778
138390  28.643  45.329  15.204 0.0277777778
138391  28.502  45.736  14.979 0.0277777778
138392  28.366  46.083  14.752 0.0277777778
138393  28.753  46.385  14.415 0.0277777778
138394  29.169  46.648  14.033 0.0416666667
138395  29.607  46.822  13.603 0.0416666667
138396  30.251  46.912  14.272 0.0416666667
146163  24.573  45.478  17.876 0.0138888889
146164  24.389  46.012  18.212 0.0138888889
146166  24.327  47.213  17.540 0.0138888889
146167  24.263  47.175  18.157 0.0138888889
146181  27.041  46.511  14.204 0.0277777778
146182  26.486  46.729  14.206 0.0277777778
146183  25.958  47.054  14.257 0.0277777778
146184  26.028  47.128  13.117 0.0138888889
146185  25.746  47.290  13.729 0.0138888889
146186  25.418  47.399  14.328 0.0277777778
146187  24.989  47.819  14.520 0.0277777778
146188  24.583  48.272  14.674 0.0277777778
146189  24.203  48.753  14.831 0.0138888889
146198  23.884  49.270  15.011 0.0138888889
146199  23.631  49.856  15.113 0.0138888889
149910  25.636  38.982  20.839 0.0138888889
149911  25.764  36.568  24.044 0.0138888889
149912  25.752  36.844  23.386 0.0138888889
149913  25.766  37.131  22.737 0.0138888889
149914  26.506  36.033  22.734 0.0138888889
149915  26.138  36.752  22.440 0.0138888889
149916  25.803  37.446  22.109 0.0138888889
149917  25.878  37.812  21.560 0.0138888889
149918  25.970  38.249  21.077 0.0138888889
149919  26.090  38.722  20.647 0.0138888889
149920  26.635  38.549  20.439 0.0277777778
149921  27.235  38.473  20.291 0.0277777778
149922  27.863  38.436  20.270 0.0277777778
149923  28.143  37.176  20.845 0.0277777778
149924  28.297  37.820  20.540 0.0277777778
149925  28.506  38.406  20.280 0.0277777778
149926  29.133  38.504  20.463 0.0277777778
149927  29.716  38.642  20.653 0.0277777778
149928  30.278  38.789  20.892 0.0277777778
149929  28.915  32.141  27.422 0.0138888889
149930  28.909  32.304  26.762 0.0138888889
149931  28.888  32.512  26.056 0.0138888889
149932  29.849  31.984  26.678 0.0138888889
149933  29.382  32.362  25.976 0.0138888889
149934  28.965  32.795  25.400 0.0138888889
149935  29.064  33.112  24.794 0.0138888889
149936  29.215  33.471  24.221 0.0138888889
149937  29.443  33.896  23.655 0.0138888889
149938  32.055  32.458  27.005 0.0277777778
149939  31.628  32.641  26.177 0.0277777778
149940  31.207  32.896  25.526 0.0277777778
149941  31.954  33.662  25.122 0.0416666667
149942  31.365  33.409  24.984 0.0277777778
149943  30.798  33.240  24.819 0.0138888889
149944  30.407  33.602  24.222 0.0138888889
149945  30.030  33.984  23.659 0.0138888889
149946  29.653  34.401  23.128 0.0138888889
149947  29.845  34.962  22.666 0.0138888889
149948  30.022  35.593  22.253 0.0138888889
149949  30.250  36.277  21.956 0.0277777778
149950  31.249  36.055  22.642 0.0277777778
149951  30.855  36.541  22.172 0.0416666667
149952  30.474  36.967  21.726 0.0277777778
149953  30.658  37.636  21.540 0.0416666667
149954  30.757  38.274  21.338 0.0416666667
149955  30.780  38.899  21.199 0.0277777778
149956  31.204  39.026  21.529 0.0416666667
149957  31.619  39.160  21.837 0.0833333333
149958  32.064  39.338  22.145 0.0972222222
149959  32.504  38.245  22.545 0.0555555556
149960  32.511  38.888  22.485 0.0972222222
149961  32.520  39.571  22.457 0.0972222222
149962  32.987  39.835  22.768 0.1111111111
149963  33.393  40.067  23.038 0.1111111111
149965  33.958  36.337  24.000 0.0972222222
149966  34.004  36.948  23.711 0.0972222222
149967  34.054  37.616  23.504 0.1111111111
149968  34.968  37.165  24.135 0.0972222222
149969  34.535  37.742  23.751 0.1111111111
149970  34.123  38.359  23.412 0.1111111111
149971  34.168  39.039  23.410 0.1250000000
149975  35.254  40.568  23.600 0.1527777778
149977  36.175  39.197  23.848 0.1388888889
