#!ascii label  , from subject fsaverage vox2ras=TkReg
110
656  38.844  43.171  16.723 0.2500000000
2575  38.166  43.575  23.482 0.2222222222
2576  40.195  43.388  21.521 0.2361111111
5788  38.617  45.976  17.258 0.2500000000
5789  39.143  44.706  19.369 0.2777777778
5790  39.305  41.812  19.110 0.2638888889
10252  39.960  41.592  23.809 0.2083333333
13486  38.405  46.065  19.536 0.2361111111
13487  38.944  45.530  20.607 0.2777777778
13488  40.445  41.770  21.145 0.2222222222
13489  39.958  42.583  20.224 0.2361111111
13490  39.693  40.955  20.028 0.2222222222
15983  38.898  44.557  16.890 0.2916666667
15984  38.924  45.235  15.980 0.2222222222
15985  38.990  43.860  15.617 0.2638888889
23067  38.083  44.812  22.952 0.2361111111
23068  39.300  44.810  21.788 0.2916666667
23069  39.484  43.845  22.726 0.2083333333
24567  38.627  42.448  15.710 0.2083333333
28865  38.114  46.725  18.379 0.2222222222
28866  38.732  45.310  18.229 0.2638888889
28867  39.023  43.904  17.974 0.2638888889
28868  39.751  44.186  20.527 0.2638888889
28869  39.460  43.273  19.209 0.2916666667
28870  39.002  42.442  17.946 0.2916666667
32342  38.767  46.759  16.330 0.2083333333
32345  39.013  43.091  14.642 0.2083333333
40975  38.480  41.711  23.792 0.2083333333
40976  39.158  41.962  23.730 0.2083333333
40978  37.677  41.759  23.715 0.2222222222
44206  38.281  46.085  20.572 0.2083333333
44207  38.465  45.739  21.264 0.2638888889
44209  40.109  41.344  20.581 0.2083333333
46703  38.925  43.878  16.737 0.2916666667
46704  38.915  44.242  16.208 0.3055555556
46705  38.878  43.510  16.083 0.2500000000
53806  38.829  44.397  22.863 0.2222222222
53815  37.525  43.032  23.655 0.2361111111
53817  37.494  43.688  23.631 0.2083333333
63498  38.833  45.417  19.406 0.2500000000
63499  38.602  45.718  18.852 0.2777777778
63500  38.899  45.007  18.757 0.2916666667
63501  38.933  44.578  18.062 0.2916666667
63502  39.101  44.275  18.654 0.2500000000
63503  39.825  44.149  21.658 0.2638888889
63504  39.624  44.522  21.139 0.2777777778
63505  39.993  43.821  21.029 0.2500000000
63506  39.643  42.177  19.659 0.2500000000
63507  39.753  42.970  19.742 0.2638888889
63508  39.442  42.556  19.171 0.2638888889
63509  39.284  42.876  18.572 0.3194444444
63510  39.149  42.095  18.529 0.2777777778
63511  38.809  41.672  17.928 0.2638888889
63512  38.950  41.358  18.506 0.2638888889
70988  38.414  46.720  17.326 0.2361111111
70990  38.641  46.362  16.774 0.2361111111
70991  39.087  44.884  15.385 0.2222222222
92187  38.265  42.941  23.585 0.2361111111
92193  36.938  41.803  23.669 0.2083333333
92194  37.520  42.398  23.638 0.2083333333
98003  38.038  46.362  20.034 0.2083333333
98004  38.622  45.780  20.035 0.2638888889
98005  39.107  45.132  19.996 0.2777777778
98006  40.402  42.597  21.332 0.2361111111
98007  40.192  42.990  20.869 0.2083333333
98008  40.208  42.186  20.681 0.2500000000
98009  39.843  41.754  20.098 0.2500000000
98010  39.499  41.403  19.565 0.2500000000
98011  39.156  41.035  19.034 0.2361111111
102497  38.748  45.198  17.078 0.2777777778
102498  38.734  45.611  16.593 0.2916666667
102499  38.840  44.923  16.390 0.2777777778
102500  39.006  44.587  15.798 0.2500000000
102501  39.109  44.205  15.216 0.2361111111
115263  37.989  45.319  22.471 0.2222222222
115264  38.647  45.402  21.897 0.2500000000
115265  38.754  44.937  22.429 0.2361111111
115266  39.446  44.390  22.306 0.2361111111
115267  39.959  43.722  22.180 0.2361111111
115269  40.088  43.226  22.610 0.2083333333
115270  40.410  42.994  22.055 0.2083333333
115281  36.755  44.218  23.385 0.2083333333
118761  38.729  42.779  16.138 0.2361111111
128814  38.070  47.037  17.826 0.2083333333
128815  38.401  46.355  17.816 0.2500000000
128816  38.220  46.381  18.908 0.2222222222
128817  38.485  46.025  18.302 0.2500000000
128818  38.639  45.596  17.721 0.2916666667
128819  38.816  44.871  17.564 0.2916666667
128820  38.948  44.216  17.406 0.2916666667
128821  38.955  43.553  17.322 0.2500000000
128822  39.114  45.192  21.235 0.2777777778
128823  39.436  44.852  20.590 0.2638888889
128824  39.443  44.431  19.959 0.2638888889
128825  39.937  43.413  20.382 0.2361111111
128826  39.638  43.721  19.857 0.2222222222
128827  39.329  43.976  19.282 0.2638888889
128828  39.205  43.585  18.584 0.2777777778
128829  39.067  43.205  17.962 0.2777777778
128830  38.882  42.831  17.354 0.2500000000
128831  38.708  42.055  17.331 0.2222222222
138287  38.845  45.976  16.190 0.2222222222
138293  38.860  43.139  15.606 0.2500000000
138294  39.034  43.472  15.088 0.2500000000
138295  39.209  43.779  14.680 0.2222222222
138297  39.204  43.361  14.172 0.2083333333
70998  38.706  42.397  14.736 0.2083333333
128832  38.443  41.301  17.369 0.2222222222
128834  38.811  40.602  18.532 0.2222222222
138296  38.875  42.690  14.164 0.2083333333
