#!ascii label  , from subject fsaverage vox2ras=TkReg
300
1469  39.084  45.633  13.211 0.2222222222
1868  40.112  45.957  5.681 0.3472222222
4103  38.676  45.889  9.329 0.4027777778
4104  39.681  47.843  7.787 0.3472222222
4105  39.139  44.510  7.269 0.4166666667
7266  38.773  47.319  11.374 0.2916666667
7267  38.210  44.250  11.007 0.4166666667
8223  40.100  49.390  6.149 0.2083333333
8224  40.257  47.119  4.168 0.2638888889
8226  40.846  44.015  4.160 0.2916666667
11783  38.455  44.366  9.105 0.4166666667
11784  38.946  45.286  8.412 0.4305555556
15978  39.038  47.275  13.464 0.2083333333
15979  38.818  48.038  12.374 0.2083333333
15980  38.796  46.448  12.330 0.2916666667
15981  38.482  45.682  11.231 0.3888888889
15982  38.610  44.966  12.026 0.3333333333
18071  39.888  46.862  6.730 0.3611111111
18072  40.011  48.741  6.961 0.2638888889
18073  40.238  47.581  5.913 0.2916666667
18074  40.353  48.252  5.079 0.3055555556
18075  40.495  46.527  4.921 0.3055555556
18082  40.290  44.684  3.251 0.2638888889
25817  38.980  47.739  9.468 0.3055555556
25818  39.449  48.785  8.714 0.2222222222
25819  39.180  46.965  8.550 0.3750000000
25820  39.440  46.119  7.612 0.4305555556
25821  39.706  45.314  6.565 0.4166666667
32338  38.957  48.463  10.477 0.2222222222
32339  38.607  46.640  10.310 0.3472222222
32340  38.318  44.918  10.140 0.4305555556
32346  39.210  43.627  13.697 0.2222222222
32347  39.025  44.192  12.906 0.2500000000
32348  38.489  43.496  11.826 0.3472222222
34975  39.872  44.354  5.608 0.3888888889
34978  40.590  44.978  4.887 0.3194444444
34979  40.621  45.606  4.091 0.3055555556
46698  39.084  46.458  13.392 0.2083333333
46699  38.946  46.857  12.916 0.2222222222
46700  38.905  46.034  12.772 0.2638888889
46701  38.701  45.656  12.177 0.3194444444
46702  38.855  45.295  12.598 0.2777777778
48791  39.951  46.420  6.143 0.3750000000
48792  40.099  47.218  6.295 0.3333333333
48793  40.212  46.720  5.785 0.3055555556
48794  40.415  47.015  5.417 0.3055555556
48795  40.357  46.225  5.303 0.3194444444
58388  38.806  46.792  9.372 0.3611111111
58389  39.045  47.332  8.966 0.3611111111
58390  38.899  46.428  8.914 0.4166666667
58391  39.057  44.906  7.839 0.4166666667
58392  39.192  45.725  8.010 0.4166666667
58393  39.312  45.318  7.485 0.4166666667
58394  39.567  45.695  7.069 0.4166666667
58395  39.380  44.924  6.932 0.4166666667
70976  38.838  47.651  11.878 0.2777777778
70978  38.844  48.176  11.432 0.2222222222
70980  38.864  47.814  10.916 0.2500000000
70981  38.808  47.561  10.392 0.3194444444
70982  38.663  47.027  10.863 0.3055555556
70983  38.359  44.925  11.080 0.4027777778
70984  38.338  45.280  10.649 0.3888888889
70985  38.225  44.567  10.577 0.4305555556
70986  38.230  44.249  10.020 0.4305555556
71002  39.135  43.914  13.282 0.2361111111
71003  38.995  43.525  12.767 0.2361111111
71004  38.760  43.860  12.334 0.3055555556
71005  38.693  43.159  12.269 0.2638888889
77251  39.545  48.327  8.229 0.2916666667
77252  39.617  49.268  8.351 0.2222222222
77253  39.721  48.798  7.855 0.2083333333
77254  40.100  49.102  6.569 0.2222222222
77261  40.351  47.683  4.589 0.2916666667
77262  40.208  48.613  4.684 0.2222222222
77263  40.109  48.017  4.198 0.2222222222
77277  40.604  43.130  4.161 0.2777777778
77279  40.529  43.624  4.558 0.3472222222
77280  40.429  44.152  4.918 0.3611111111
77281  40.726  44.483  4.531 0.3194444444
77282  40.734  45.292  4.498 0.3194444444
77283  40.847  44.840  4.103 0.3194444444
77284  39.806  44.932  2.956 0.2222222222
77285  40.129  45.409  3.357 0.2361111111
94937  38.543  45.088  9.292 0.4166666667
94938  38.786  45.601  8.888 0.4027777778
94939  38.673  44.831  8.770 0.4444444444
102490  38.933  47.643  12.879 0.2083333333
102491  38.855  47.244  12.359 0.2638888889
102492  38.761  46.850  11.851 0.3055555556
102493  38.631  46.500  11.319 0.3472222222
102494  38.650  46.067  11.791 0.3472222222
102495  38.526  45.318  11.643 0.3611111111
102496  38.397  44.599  11.502 0.3611111111
106255  39.817  47.329  7.283 0.3333333333
106256  39.864  48.297  7.360 0.3194444444
106257  39.979  47.771  6.846 0.3055555556
106258  40.097  48.214  6.431 0.3055555556
106259  40.175  48.492  6.026 0.2777777778
106260  40.189  48.794  5.614 0.2500000000
106261  40.318  47.873  5.495 0.2777777778
106262  40.428  47.357  4.982 0.2916666667
106263  40.414  46.801  4.522 0.2916666667
106273  40.620  43.602  3.676 0.2638888889
106274  40.635  44.392  3.678 0.2500000000
106275  40.418  43.981  3.218 0.2500000000
106276  39.998  44.214  2.872 0.2222222222
118759  39.143  46.152  13.759 0.2083333333
121679  39.185  48.696  9.592 0.2500000000
121681  39.221  48.283  9.083 0.2777777778
121682  39.324  47.868  8.606 0.3333333333
121683  39.465  47.392  8.168 0.3750000000
121684  39.042  46.118  8.506 0.4305555556
121685  39.308  46.551  8.115 0.4166666667
121686  39.587  46.947  7.717 0.4027777778
121687  39.660  46.486  7.171 0.4027777778
121688  39.764  46.067  6.618 0.4027777778
121689  39.914  45.697  6.118 0.3750000000
138275  38.985  48.165  9.967 0.2916666667
138276  38.749  47.206  9.843 0.3611111111
138277  38.625  46.227  9.801 0.3472222222
138278  38.459  46.097  10.748 0.3750000000
138279  38.450  45.707  10.224 0.3888888889
138280  38.462  45.365  9.726 0.4166666667
138281  38.354  44.617  9.589 0.4583333333
138282  38.273  43.939  9.499 0.4444444444
138291  39.142  45.870  14.130 0.2083333333
138292  39.140  45.374  13.552 0.2083333333
138298  39.239  44.076  14.243 0.2222222222
138299  39.239  44.346  13.789 0.2361111111
138300  39.155  44.632  13.391 0.2222222222
138301  39.080  44.901  12.991 0.2361111111
138302  38.809  44.578  12.448 0.2916666667
138303  38.550  44.236  11.885 0.3333333333
138304  38.299  43.896  11.413 0.3750000000
145922  39.911  49.271  7.469 0.2222222222
145931  40.186  49.152  5.212 0.2222222222
145944  39.773  44.890  6.052 0.4027777778
145945  40.058  45.235  5.671 0.3750000000
145952  39.957  43.819  5.227 0.4166666667
145953  40.179  44.691  5.246 0.3888888889
145954  40.292  45.492  5.258 0.3472222222
145955  40.576  45.760  4.890 0.3055555556
145956  40.590  46.061  4.500 0.3055555556
145957  40.424  46.338  4.118 0.2777777778
145958  40.510  45.146  3.689 0.2638888889
145959  40.296  45.880  3.753 0.2361111111
176  38.078  42.922  8.999 0.4305555556
6206  36.849  40.309  8.620 0.3194444444
6207  37.817  41.567  6.852 0.3472222222
6208  37.303  38.795  6.686 0.2500000000
7269  38.823  42.892  12.743 0.2500000000
7270  37.587  41.657  10.718 0.3333333333
11785  38.566  43.732  8.148 0.4444444444
14183  36.394  38.958  8.702 0.2083333333
14184  36.926  39.524  7.645 0.2638888889
14185  36.812  38.214  7.720 0.2083333333
15989  38.214  42.217  11.732 0.2638888889
15990  37.542  41.041  11.730 0.2083333333
15991  36.855  40.418  10.728 0.2361111111
18076  37.975  40.733  6.008 0.3333333333
18077  38.464  42.193  6.063 0.4027777778
29840  37.411  41.554  8.707 0.3888888889
29841  37.882  42.306  7.931 0.4027777778
29842  37.250  40.884  7.656 0.4027777778
29843  37.366  40.173  6.730 0.3333333333
29844  37.770  39.368  5.825 0.2777777778
32341  38.152  43.587  9.987 0.4166666667
32350  37.698  42.261  9.794 0.4027777778
32351  37.085  41.004  9.626 0.3194444444
32352  36.440  39.717  9.687 0.2638888889
34973  38.501  43.038  7.028 0.4027777778
42503  38.320  43.659  9.071 0.4166666667
42504  38.532  44.077  8.627 0.4166666667
42505  38.326  43.335  8.577 0.4166666667
48797  38.307  41.039  5.717 0.3333333333
65588  37.079  40.885  8.630 0.4027777778
65589  37.292  41.189  8.175 0.3888888889
65590  37.036  40.561  8.108 0.3333333333
65591  37.094  39.153  7.173 0.2638888889
65592  37.154  39.854  7.158 0.2916666667
65593  37.317  39.467  6.696 0.2777777778
65594  37.576  39.769  6.276 0.2777777778
65595  37.530  39.082  6.217 0.2638888889
70987  38.132  43.902  10.498 0.4305555556
71000  39.003  42.947  13.696 0.2083333333
71001  39.051  43.235  13.204 0.2222222222
71006  37.908  41.950  11.232 0.2777777778
71008  37.853  42.254  10.776 0.3611111111
71009  37.871  42.590  10.334 0.3888888889
71010  37.594  41.977  10.284 0.3611111111
71011  37.394  41.631  9.686 0.3888888889
71012  37.309  41.359  10.158 0.3611111111
71013  36.505  39.706  10.800 0.2222222222
71014  36.592  40.070  10.212 0.2361111111
71015  36.291  39.372  10.202 0.2222222222
71016  36.184  39.012  9.681 0.2083333333
77266  37.806  41.953  7.358 0.3750000000
77267  38.202  42.685  7.506 0.3888888889
77268  38.152  42.316  6.932 0.3611111111
94940  38.810  44.495  8.202 0.4305555556
94941  38.849  44.124  7.682 0.4305555556
99257  36.587  39.657  8.646 0.2638888889
99258  36.834  39.936  8.106 0.3194444444
99259  36.660  39.256  8.155 0.2500000000
99260  36.848  38.878  7.674 0.2361111111
99261  37.065  38.513  7.186 0.2222222222
102506  38.587  42.269  12.785 0.2222222222
102507  38.527  42.515  12.238 0.2500000000
102508  38.283  41.960  12.273 0.2222222222
102509  37.926  41.666  11.737 0.2500000000
102510  37.559  41.358  11.217 0.2916666667
102511  37.242  41.054  10.686 0.3194444444
102512  37.176  40.724  11.229 0.2361111111
106264  37.866  41.151  6.400 0.3333333333
106265  38.131  41.886  6.449 0.3472222222
106266  38.187  41.452  6.040 0.3472222222
106267  38.519  41.738  5.709 0.3750000000
131462  37.758  42.217  8.856 0.4166666667
131463  38.010  42.572  8.505 0.4166666667
131464  37.633  41.893  8.304 0.4027777778
131465  37.518  41.594  7.761 0.3888888889
131466  37.521  41.231  7.258 0.3611111111
131467  37.044  40.239  7.582 0.3194444444
131468  37.296  40.542  7.179 0.3611111111
131469  37.559  40.850  6.792 0.3194444444
131470  37.692  40.457  6.338 0.3333333333
131471  37.869  40.054  5.910 0.2916666667
131475  37.362  38.144  6.708 0.2083333333
131478  37.596  38.426  6.202 0.2500000000
131479  37.823  38.713  5.759 0.2500000000
131480  38.040  38.992  5.397 0.2361111111
138305  38.395  42.804  11.761 0.2916666667
138310  37.856  42.556  9.357 0.4166666667
138311  37.528  41.906  9.186 0.4166666667
138312  37.197  41.269  9.135 0.3611111111
138313  36.920  40.652  9.131 0.3333333333
138314  36.943  40.737  10.174 0.2916666667
138315  36.755  40.388  9.682 0.2916666667
138316  36.628  40.025  9.161 0.2916666667
138317  36.343  39.353  9.179 0.2361111111
138318  36.154  38.622  9.186 0.2083333333
145937  38.253  43.007  8.072 0.4027777778
145938  38.542  43.381  7.603 0.4166666667
145939  38.834  43.750  7.134 0.4305555556
145940  38.447  42.637  6.504 0.4027777778
145941  38.822  43.385  6.634 0.4166666667
32349  38.042  42.890  10.833 0.3472222222
71007  38.114  42.515  11.262 0.3333333333
138283  38.114  43.259  9.508 0.4305555556
138306  38.237  43.189  11.328 0.3333333333
138307  38.157  43.561  10.910 0.3750000000
138308  38.071  43.246  10.400 0.3888888889
138309  37.967  42.911  9.902 0.4027777778
889  38.374  39.931  5.150 0.2777777778
4107  39.865  40.953  3.999 0.2500000000
8225  39.215  42.711  5.464 0.4027777778
18078  38.723  41.288  5.399 0.3472222222
18079  40.240  41.646  3.235 0.2222222222
18080  40.337  42.331  4.116 0.2777777778
18081  40.420  43.209  3.184 0.2083333333
25823  39.137  40.481  4.637 0.2777777778
34974  39.137  43.733  6.272 0.4027777778
34976  39.541  41.761  4.825 0.3055555556
34977  40.093  43.241  4.908 0.4027777778
48796  38.160  40.323  5.619 0.3194444444
48798  38.524  40.622  5.356 0.3194444444
48799  40.145  42.028  2.794 0.2083333333
48800  40.318  42.421  3.216 0.2222222222
48802  40.123  43.500  2.801 0.2083333333
77269  38.827  42.449  5.709 0.4027777778
77270  38.792  42.953  6.142 0.4027777778
77271  39.141  43.260  5.799 0.4027777778
77272  39.487  44.043  5.922 0.4027777778
77273  39.544  43.530  5.518 0.3888888889
77274  39.496  40.724  4.317 0.2777777778
77275  39.358  41.124  4.726 0.2777777778
77276  39.741  41.359  4.410 0.2777777778
77278  40.203  42.740  4.554 0.3611111111
106268  38.940  41.963  5.430 0.3750000000
106269  40.131  41.256  3.641 0.2361111111
106270  40.097  41.610  4.069 0.2916666667
106271  40.258  41.989  3.668 0.2361111111
106272  40.473  42.773  3.658 0.2500000000
121690  38.663  39.553  4.701 0.2500000000
121691  38.753  40.225  4.883 0.2777777778
121692  39.024  39.820  4.392 0.2361111111
121693  39.375  40.081  4.149 0.2361111111
121694  39.632  40.327  3.848 0.2361111111
121697  39.976  40.592  3.560 0.2361111111
121699  40.229  41.245  2.816 0.2083333333
131472  38.065  39.642  5.495 0.2916666667
131481  38.341  39.259  5.047 0.2222222222
145942  39.109  44.142  6.771 0.4166666667
145943  39.411  44.508  6.415 0.4166666667
145946  38.943  40.872  5.057 0.3194444444
145947  39.154  41.509  5.115 0.3194444444
145948  39.302  42.158  5.193 0.3750000000
145949  39.919  42.012  4.515 0.3194444444
145950  39.770  42.449  4.896 0.3611111111
145951  39.636  42.959  5.182 0.4027777778
