#!ascii label  , from subject fsaverage vox2ras=TkReg
560
3   38.660  41.046  23.971 0.1805555556
652  40.241  40.143  20.959 0.1666666667
655  37.905  45.787  21.918 0.1805555556
656  38.844  43.171  16.723 0.2500000000
657  33.933  40.906  23.292 0.1250000000
658  33.190  44.231  19.990 0.1111111111
2040  37.131  36.471  25.791 0.1111111111
2572  40.879  41.552  22.998 0.1805555556
2573  41.704  39.143  23.252 0.1250000000
2574  40.897  39.358  24.879 0.1250000000
2575  38.166  43.575  23.482 0.2222222222
2576  40.195  43.388  21.521 0.2361111111
2577  35.892  41.186  23.638 0.1388888889
2578  35.583  43.603  23.306 0.1250000000
3407  38.930  47.576  15.480 0.1250000000
4681  39.138  35.364  27.261 0.1111111111
5784  40.537  37.695  21.659 0.1111111111
5785  42.945  37.011  23.561 0.1111111111
5787  37.297  47.018  19.289 0.1388888889
5788  38.617  45.976  17.258 0.2500000000
5789  39.143  44.706  19.369 0.2777777778
5790  39.305  41.812  19.110 0.2638888889
5793  33.347  42.928  22.399 0.1111111111
5794  35.187  45.435  21.359 0.1111111111
7268  39.177  44.515  14.799 0.1944444444
8941  39.821  37.420  26.156 0.1250000000
8942  41.679  35.842  26.878 0.1111111111
10252  39.960  41.592  23.809 0.2083333333
10253  41.008  40.672  24.098 0.1527777778
10254  39.829  40.199  24.468 0.1388888889
10255  38.344  42.327  23.661 0.1944444444
10256  39.696  42.714  23.322 0.1666666667
10257  37.110  41.151  23.726 0.1944444444
10258  36.828  42.428  23.647 0.1944444444
13477  39.445  39.464  20.029 0.1666666667
13479  40.418  38.890  21.265 0.1527777778
13480  42.419  38.610  24.342 0.1388888889
13481  42.236  38.049  23.306 0.1250000000
13485  37.560  46.582  20.562 0.1805555556
13486  38.405  46.065  19.536 0.2361111111
13487  38.944  45.530  20.607 0.2777777778
13488  40.445  41.770  21.145 0.2222222222
13489  39.958  42.583  20.224 0.2361111111
13490  39.693  40.955  20.028 0.2222222222
13494  33.584  42.071  23.095 0.1111111111
13495  36.715  44.799  22.970 0.1944444444
13496  35.419  44.573  22.541 0.1527777778
13497  36.561  45.852  21.808 0.1666666667
13498  36.252  46.569  20.512 0.1527777778
15983  38.898  44.557  16.890 0.2916666667
15984  38.924  45.235  15.980 0.2222222222
15985  38.990  43.860  15.617 0.2638888889
19194  37.480  37.388  25.062 0.1250000000
19802  38.383  36.943  25.899 0.1111111111
19803  40.137  34.740  27.972 0.1111111111
19804  40.404  35.666  27.260 0.1250000000
23062  40.861  40.902  21.890 0.1666666667
23063  41.075  39.667  22.139 0.1250000000
23064  41.405  40.404  23.063 0.1388888889
23065  41.775  39.582  24.202 0.1388888889
23066  41.844  38.519  25.130 0.1388888889
23067  38.083  44.812  22.952 0.2361111111
23068  39.300  44.810  21.788 0.2916666667
23069  39.484  43.845  22.726 0.2083333333
23070  40.560  42.526  22.371 0.1805555556
23071  34.858  41.218  23.535 0.1527777778
23072  34.630  42.391  23.491 0.1388888889
23073  35.667  42.420  23.594 0.1388888889
23074  36.794  43.646  23.636 0.1944444444
24565  39.239  46.652  14.325 0.1666666667
24567  38.627  42.448  15.710 0.2083333333
24579  33.949  45.348  19.434 0.1111111111
26857  38.043  36.013  26.626 0.1111111111
28857  41.291  38.373  22.391 0.1388888889
28858  41.594  37.223  22.623 0.1250000000
28864  38.112  47.471  17.355 0.1805555556
28865  38.114  46.725  18.379 0.2222222222
28866  38.732  45.310  18.229 0.2638888889
28867  39.023  43.904  17.974 0.2638888889
28868  39.751  44.186  20.527 0.2638888889
28869  39.460  43.273  19.209 0.2916666667
28870  39.002  42.442  17.946 0.2916666667
28877  33.288  43.618  21.292 0.1250000000
28878  34.515  43.412  22.971 0.1388888889
28879  34.382  44.190  22.031 0.1388888889
28880  34.171  44.855  20.804 0.1111111111
28881  35.056  46.008  20.115 0.1250000000
28882  36.042  46.968  19.193 0.1250000000
32342  38.767  46.759  16.330 0.2083333333
32343  39.073  45.948  15.184 0.1666666667
32345  39.013  43.091  14.642 0.2083333333
36333  34.710  39.886  23.560 0.1250000000
36335  36.822  39.792  23.874 0.1388888889
36336  38.240  39.823  24.170 0.1388888889
37069  39.381  38.934  24.833 0.1250000000
37070  40.380  38.303  25.518 0.1250000000
37071  41.339  37.661  26.038 0.1250000000
37072  39.323  36.405  26.666 0.1250000000
37073  40.812  36.697  26.667 0.1250000000
40972  39.311  41.357  23.938 0.1944444444
40973  39.887  40.933  24.161 0.1805555556
40974  39.247  40.638  24.228 0.1527777778
40975  38.480  41.711  23.792 0.2083333333
40976  39.158  41.962  23.730 0.2083333333
40977  37.866  41.072  23.813 0.1666666667
40978  37.677  41.759  23.715 0.2222222222
44197  39.861  39.805  20.482 0.1666666667
44198  39.939  39.212  20.636 0.1805555556
44199  40.337  39.548  21.100 0.1666666667
44200  42.543  38.177  24.875 0.1388888889
44205  37.756  46.161  21.216 0.1666666667
44206  38.281  46.085  20.572 0.2083333333
44207  38.465  45.739  21.264 0.2638888889
44208  40.356  40.923  21.028 0.1805555556
44209  40.109  41.344  20.581 0.2083333333
44210  39.959  40.536  20.511 0.1805555556
44211  39.559  40.171  20.006 0.1666666667
44213  33.188  41.271  22.931 0.1111111111
44214  33.764  41.484  23.224 0.1111111111
44215  37.303  45.407  22.572 0.1944444444
44216  36.666  45.378  22.453 0.1944444444
44217  37.234  45.883  21.932 0.1666666667
44218  37.108  46.329  21.294 0.1666666667
46703  38.925  43.878  16.737 0.2916666667
46704  38.915  44.242  16.208 0.3055555556
46705  38.878  43.510  16.083 0.2500000000
46725  32.766  43.672  20.186 0.1111111111
49910  36.640  36.388  25.610 0.1111111111
49912  36.744  36.845  25.215 0.1111111111
49913  36.903  37.314  24.878 0.1111111111
50521  37.936  37.181  25.471 0.1250000000
50522  37.681  36.698  25.816 0.1111111111
50524  40.764  34.808  27.826 0.1111111111
53797  41.014  41.211  22.392 0.1527777778
53798  41.149  40.609  22.461 0.1666666667
53799  41.181  40.961  23.036 0.1666666667
53800  40.953  40.041  24.483 0.1388888889
53801  41.405  40.115  24.143 0.1388888889
53802  41.472  39.605  24.648 0.1250000000
53803  41.878  39.077  24.695 0.1250000000
53804  41.386  38.932  25.031 0.1388888889
53805  38.129  44.219  23.333 0.1805555556
53806  38.829  44.397  22.863 0.2222222222
53807  38.800  43.796  23.234 0.1805555556
53808  40.368  42.198  23.194 0.1805555556
53809  40.272  42.759  22.957 0.1944444444
53810  40.775  42.071  22.643 0.1805555556
53811  40.804  41.726  22.083 0.1666666667
53812  35.370  41.230  23.590 0.1527777778
53813  35.230  41.802  23.588 0.1250000000
53814  35.745  41.836  23.639 0.1666666667
53815  37.525  43.032  23.655 0.2361111111
53816  36.818  43.055  23.671 0.1805555556
53817  37.494  43.688  23.631 0.2083333333
53818  37.453  44.260  23.431 0.1944444444
56301  39.136  47.429  14.520 0.1250000000
56327  34.346  46.393  18.357 0.1111111111
63479  40.677  37.045  21.863 0.1111111111
63480  41.367  39.412  22.733 0.1111111111
63481  41.183  39.016  22.262 0.1388888889
63482  41.493  38.774  22.778 0.1111111111
63484  41.952  37.640  22.926 0.1250000000
63485  42.238  37.113  23.067 0.1111111111
63486  41.937  36.682  22.758 0.1111111111
63495  37.236  47.278  18.675 0.1388888889
63496  37.701  47.245  18.283 0.1666666667
63497  37.756  46.949  18.865 0.1944444444
63498  38.833  45.417  19.406 0.2500000000
63499  38.602  45.718  18.852 0.2777777778
63500  38.899  45.007  18.757 0.2916666667
63501  38.933  44.578  18.062 0.2916666667
63502  39.101  44.275  18.654 0.2500000000
63503  39.825  44.149  21.658 0.2638888889
63504  39.624  44.522  21.139 0.2777777778
63505  39.993  43.821  21.029 0.2500000000
63506  39.643  42.177  19.659 0.2500000000
63507  39.753  42.970  19.742 0.2638888889
63508  39.442  42.556  19.171 0.2638888889
63509  39.284  42.876  18.572 0.3194444444
63510  39.149  42.095  18.529 0.2777777778
63511  38.809  41.672  17.928 0.2638888889
63512  38.950  41.358  18.506 0.2638888889
63523  32.848  42.948  21.433 0.1111111111
63524  33.338  43.231  21.876 0.1250000000
63525  35.077  42.960  23.399 0.1250000000
63526  34.561  42.899  23.277 0.1388888889
63527  35.006  43.530  23.198 0.1388888889
63528  35.373  45.037  21.970 0.1527777778
63529  34.947  44.462  22.299 0.1250000000
63530  34.846  44.825  21.726 0.1388888889
63531  34.286  44.555  21.467 0.1250000000
63532  34.686  45.143  21.122 0.1111111111
63533  34.602  45.429  20.472 0.1250000000
63534  35.113  45.758  20.770 0.1250000000
63535  36.797  46.920  19.912 0.1527777778
63536  36.073  46.786  19.887 0.1527777778
63537  36.686  47.065  19.283 0.1388888889
63538  36.636  47.355  18.675 0.1250000000
70988  38.414  46.720  17.326 0.2361111111
70989  38.506  47.156  16.874 0.1944444444
70990  38.641  46.362  16.774 0.2361111111
70991  39.087  44.884  15.385 0.2222222222
70992  39.025  45.601  15.577 0.1944444444
70993  39.124  45.215  14.971 0.1666666667
70995  39.197  44.806  14.372 0.1944444444
70997  38.819  42.786  15.146 0.1805555556
80615  37.235  38.475  24.315 0.1250000000
80616  36.731  39.159  23.999 0.1388888889
80617  37.400  39.174  24.114 0.1111111111
80618  37.550  39.833  23.974 0.1388888889
80619  38.069  39.168  24.307 0.1250000000
82441  38.813  39.377  24.487 0.1388888889
82442  38.619  38.738  24.658 0.1111111111
82444  39.651  38.109  25.480 0.1111111111
82445  40.114  37.862  25.842 0.1250000000
82446  40.854  38.000  25.807 0.1388888889
82447  40.589  37.584  26.161 0.1111111111
82448  38.530  35.732  26.935 0.1111111111
82449  38.658  36.253  26.634 0.1111111111
82450  39.218  35.868  26.926 0.1250000000
82451  41.063  35.773  27.102 0.1250000000
82452  40.592  36.187  26.959 0.1250000000
82453  41.263  36.298  26.811 0.1250000000
92182  40.553  41.724  23.538 0.1944444444
92183  40.953  41.165  23.577 0.1527777778
92184  40.494  41.147  23.971 0.1666666667
92185  40.427  40.484  24.328 0.1527777778
92186  40.385  39.779  24.669 0.1250000000
92187  38.265  42.941  23.585 0.2361111111
92188  38.933  43.155  23.388 0.1944444444
92189  39.064  42.565  23.563 0.1805555556
92190  39.826  42.182  23.586 0.1944444444
92191  36.458  41.163  23.678 0.1666666667
92192  36.282  41.820  23.647 0.1805555556
92193  36.938  41.803  23.669 0.2083333333
92194  37.520  42.398  23.638 0.2083333333
97990  40.010  38.578  20.800 0.1527777778
97991  40.468  38.267  21.460 0.1388888889
97992  42.140  38.901  23.747 0.1388888889
97993  41.938  38.576  23.263 0.1111111111
97994  42.404  38.380  23.791 0.1250000000
97995  42.744  37.893  23.870 0.1111111111
98001  37.415  46.795  19.915 0.1805555556
98002  37.888  46.676  19.457 0.1666666667
98003  38.038  46.362  20.034 0.2083333333
98004  38.622  45.780  20.035 0.2638888889
98005  39.107  45.132  19.996 0.2777777778
98006  40.402  42.597  21.332 0.2361111111
98007  40.192  42.990  20.869 0.2083333333
98008  40.208  42.186  20.681 0.2500000000
98009  39.843  41.754  20.098 0.2500000000
98010  39.499  41.403  19.565 0.2500000000
98011  39.156  41.035  19.034 0.2361111111
98012  39.346  40.591  19.515 0.1944444444
98017  33.022  41.837  22.736 0.1111111111
98018  33.447  42.567  22.800 0.1111111111
98019  36.132  44.207  23.175 0.1805555556
98020  35.505  44.132  23.023 0.1388888889
98021  36.057  44.713  22.778 0.1805555556
98022  35.977  45.239  22.207 0.1666666667
98023  35.872  45.707  21.602 0.1527777778
98024  35.724  46.072  21.031 0.1250000000
98025  36.458  46.304  21.197 0.1666666667
98026  36.932  46.661  20.567 0.1805555556
102497  38.748  45.198  17.078 0.2777777778
102498  38.734  45.611  16.593 0.2916666667
102499  38.840  44.923  16.390 0.2777777778
102500  39.006  44.587  15.798 0.2500000000
102501  39.109  44.205  15.216 0.2361111111
108275  37.068  37.859  24.579 0.1250000000
108276  37.682  37.892  24.770 0.1111111111
109371  38.636  37.416  25.607 0.1250000000
109372  39.031  37.206  26.083 0.1250000000
109374  39.753  35.492  27.260 0.1250000000
109375  40.239  35.126  27.572 0.1111111111
109377  41.497  35.347  27.215 0.1111111111
115252  40.598  40.519  21.409 0.1666666667
115253  40.704  39.880  21.556 0.1527777778
115254  40.959  40.263  21.977 0.1666666667
115255  41.267  40.036  22.581 0.1250000000
115256  41.525  39.763  23.200 0.1388888889
115257  41.294  40.597  23.614 0.1666666667
115258  41.605  40.019  23.665 0.1388888889
115259  41.906  39.457  23.729 0.1388888889
115260  42.116  39.065  24.270 0.1388888889
115261  42.192  38.617  24.784 0.1388888889
115262  42.178  38.101  25.311 0.1388888889
115263  37.989  45.319  22.471 0.2222222222
115264  38.647  45.402  21.897 0.2500000000
115265  38.754  44.937  22.429 0.2361111111
115266  39.446  44.390  22.306 0.2361111111
115267  39.959  43.722  22.180 0.2361111111
115268  39.569  43.298  23.093 0.1666666667
115269  40.088  43.226  22.610 0.2083333333
115270  40.410  42.994  22.055 0.2083333333
115271  40.658  42.191  21.737 0.1944444444
115272  40.648  41.356  21.519 0.1805555556
115273  34.401  41.078  23.452 0.1388888889
115274  34.248  41.676  23.428 0.1388888889
115275  34.734  41.769  23.526 0.1388888889
115276  35.133  42.378  23.538 0.1388888889
115277  35.616  43.011  23.499 0.1388888889
115278  36.220  42.424  23.632 0.1666666667
115279  36.172  43.018  23.619 0.1805555556
115280  36.161  43.623  23.485 0.1666666667
115281  36.755  44.218  23.385 0.2083333333
115282  37.368  44.822  23.063 0.1805555556
118760  38.673  42.438  16.766 0.1944444444
118761  38.729  42.779  16.138 0.2361111111
118762  38.475  42.105  16.263 0.1944444444
118791  33.631  44.760  19.757 0.1111111111
118792  33.133  44.450  19.335 0.1111111111
118793  33.484  45.061  19.055 0.1111111111
118798  33.022  46.313  17.121 0.1111111111
124105  37.596  36.255  26.220 0.1111111111
128793  40.795  39.251  21.726 0.1250000000
128794  40.867  38.588  21.860 0.1388888889
128795  40.951  38.025  22.036 0.1250000000
128796  41.703  38.188  22.839 0.1111111111
128798  41.056  37.406  22.195 0.1111111111
128813  37.652  47.680  17.782 0.1388888889
128814  38.070  47.037  17.826 0.2083333333
128815  38.401  46.355  17.816 0.2500000000
128816  38.220  46.381  18.908 0.2222222222
128817  38.485  46.025  18.302 0.2500000000
128818  38.639  45.596  17.721 0.2916666667
128819  38.816  44.871  17.564 0.2916666667
128820  38.948  44.216  17.406 0.2916666667
128821  38.955  43.553  17.322 0.2500000000
128822  39.114  45.192  21.235 0.2777777778
128823  39.436  44.852  20.590 0.2638888889
128824  39.443  44.431  19.959 0.2638888889
128825  39.937  43.413  20.382 0.2361111111
128826  39.638  43.721  19.857 0.2222222222
128827  39.329  43.976  19.282 0.2638888889
128828  39.205  43.585  18.584 0.2777777778
128829  39.067  43.205  17.962 0.2777777778
128830  38.882  42.831  17.354 0.2500000000
128831  38.708  42.055  17.331 0.2222222222
128848  32.803  43.381  20.830 0.1250000000
128849  33.221  43.978  20.641 0.1250000000
128850  34.114  42.273  23.372 0.1250000000
128851  34.051  42.779  23.123 0.1250000000
128852  33.942  43.207  22.728 0.1250000000
128853  34.959  44.047  22.839 0.1388888889
128854  34.450  43.876  22.546 0.1388888889
128855  33.872  43.532  22.279 0.1250000000
128856  33.816  43.879  21.705 0.1250000000
128857  33.707  44.274  21.085 0.1250000000
128859  34.085  45.113  20.135 0.1111111111
128860  34.480  45.660  19.777 0.1111111111
128862  35.548  46.346  20.411 0.1250000000
138284  38.204  47.948  16.895 0.1388888889
138285  38.570  47.594  16.417 0.1250000000
138286  38.864  47.176  15.889 0.1111111111
138287  38.845  45.976  16.190 0.2222222222
138288  38.959  46.370  15.759 0.1666666667
138289  39.070  46.766  15.326 0.1527777778
138293  38.860  43.139  15.606 0.2500000000
138294  39.034  43.472  15.088 0.2500000000
138295  39.209  43.779  14.680 0.2222222222
138297  39.204  43.361  14.172 0.2083333333
149964  33.840  40.230  23.244 0.1111111111
149972  34.231  39.714  23.404 0.1250000000
149973  34.310  40.378  23.392 0.1250000000
149974  34.768  40.540  23.529 0.1388888889
149976  35.766  40.538  23.634 0.1527777778
149978  36.234  39.836  23.721 0.1388888889
149979  36.312  40.493  23.697 0.1527777778
149980  36.935  40.479  23.763 0.1666666667
149981  37.711  40.468  23.875 0.1805555556
149982  38.434  40.443  24.071 0.1527777778
152173  39.016  40.021  24.344 0.1388888889
152174  39.597  39.583  24.632 0.1250000000
152175  40.129  39.198  24.922 0.1250000000
152176  39.149  38.363  25.070 0.1250000000
152177  39.922  38.584  25.207 0.1250000000
152178  40.637  38.823  25.201 0.1111111111
152179  41.126  38.457  25.421 0.1388888889
152180  41.609  38.061  25.628 0.1388888889
152182  38.169  36.466  26.234 0.1250000000
152183  38.822  36.744  26.353 0.1250000000
152184  39.534  36.952  26.445 0.1250000000
152185  39.865  36.034  26.980 0.1250000000
152186  40.065  36.583  26.724 0.1250000000
152187  40.313  37.107  26.453 0.1111111111
152188  41.064  37.247  26.387 0.1111111111
172  37.114  37.142  17.493 0.1111111111
3397  35.920  35.697  15.540 0.1111111111
3408  37.949  40.142  16.968 0.1388888889
3409  38.356  41.687  14.846 0.1666666667
3410  36.856  38.814  15.152 0.1388888889
3411  35.707  37.372  13.005 0.1111111111
5782  38.614  38.729  19.145 0.1111111111
7272  35.472  35.948  10.728 0.1111111111
11077  36.498  36.408  16.620 0.1111111111
11088  37.550  38.724  17.220 0.1388888889
11089  37.404  39.507  16.129 0.1388888889
11090  36.955  37.979  16.378 0.1111111111
11091  36.343  37.271  15.368 0.1250000000
13478  39.527  38.234  20.445 0.1527777778
13491  38.986  40.228  19.010 0.1805555556
15986  37.899  40.991  13.842 0.1527777778
15993  35.268  35.789  12.978 0.1250000000
15994  35.377  36.599  11.811 0.1250000000
15995  35.322  35.154  11.846 0.1250000000
24566  38.439  41.694  16.811 0.1944444444
24568  38.003  40.959  15.886 0.1527777778
24569  37.574  40.265  14.960 0.1388888889
24570  37.050  39.556  13.922 0.1388888889
24571  36.418  38.926  12.926 0.1388888889
24572  36.289  38.100  14.146 0.1250000000
24573  35.672  36.546  14.174 0.1250000000
28852  37.790  37.956  18.250 0.1111111111
28854  38.645  37.507  19.723 0.1111111111
28871  38.598  40.942  17.971 0.1805555556
28872  38.166  39.442  18.044 0.1666666667
32354  35.945  38.175  11.858 0.1250000000
32355  35.668  37.461  10.699 0.1111111111
32357  36.106  35.334  9.708 0.1111111111
41797  36.804  36.745  17.095 0.1111111111
41799  37.064  36.500  17.779 0.1111111111
41808  37.319  37.949  17.339 0.1250000000
41809  37.255  38.332  16.862 0.1250000000
41810  37.023  37.550  16.981 0.1250000000
41811  36.723  37.189  16.514 0.1111111111
46706  37.614  40.646  13.317 0.1388888889
46708  37.789  40.980  12.797 0.1527777778
46712  37.012  39.973  12.308 0.1666666667
46713  35.238  35.070  13.008 0.1250000000
46714  35.248  35.470  12.414 0.1250000000
46715  35.357  34.710  12.415 0.1250000000
46716  35.545  34.350  11.852 0.1111111111
56272  35.665  35.382  14.902 0.1111111111
56303  38.180  40.925  16.866 0.1666666667
56304  38.217  41.339  16.296 0.1805555556
56305  37.892  40.523  16.400 0.1666666667
56306  37.123  39.153  15.667 0.1388888889
56307  37.437  39.883  15.553 0.1527777778
56308  37.198  39.524  15.070 0.1250000000
56309  37.324  39.905  14.463 0.1388888889
56310  36.931  39.181  14.550 0.1388888889
56311  36.637  38.848  14.068 0.1250000000
56312  36.577  38.463  14.652 0.1250000000
56313  36.112  36.476  15.467 0.1111111111
56314  36.012  36.924  14.795 0.1250000000
56315  35.793  36.104  14.864 0.1250000000
56316  35.506  35.773  14.194 0.1250000000
63472  38.196  38.358  18.696 0.1388888889
63474  38.603  38.154  19.413 0.1111111111
63475  40.009  37.928  21.061 0.1527777778
63476  39.586  37.573  20.710 0.1388888889
63477  40.148  37.309  21.303 0.1250000000
63513  38.781  39.450  19.030 0.1527777778
63514  38.587  39.825  18.538 0.1805555556
63515  38.371  39.085  18.590 0.1250000000
63516  38.002  38.731  18.149 0.1527777778
70996  38.511  42.110  15.313 0.1666666667
70998  38.706  42.397  14.736 0.2083333333
71018  36.061  38.178  12.993 0.1111111111
71019  36.164  38.552  12.430 0.1111111111
71020  35.834  37.784  12.414 0.1111111111
71021  35.356  36.276  11.265 0.1111111111
71022  35.514  37.026  11.250 0.1111111111
71023  35.527  36.698  10.699 0.1250000000
71024  35.670  37.127  10.127 0.1250000000
71025  35.634  36.365  10.163 0.1250000000
71026  35.927  36.033  9.692 0.1250000000
71027  35.741  35.608  10.169 0.1250000000
93686  37.732  39.461  17.089 0.1388888889
93687  37.648  39.803  16.556 0.1527777778
93688  37.460  39.092  16.719 0.1388888889
93689  37.157  38.740  16.265 0.1388888889
93690  36.864  38.396  15.775 0.1388888889
93691  36.585  38.045  15.258 0.1250000000
93692  36.664  37.623  15.889 0.1111111111
93693  36.409  36.845  16.037 0.1111111111
97987  39.043  39.106  19.566 0.1388888889
97988  39.062  38.528  19.808 0.1388888889
97989  39.514  38.903  20.202 0.1666666667
98013  39.188  39.824  19.516 0.1944444444
102502  38.144  41.325  14.339 0.1527777778
102503  38.562  42.001  14.325 0.1805555556
102505  38.508  41.975  13.321 0.1805555556
102515  35.416  36.555  12.987 0.1250000000
102516  35.485  36.955  12.384 0.1111111111
102517  35.288  36.189  12.398 0.1250000000
102518  35.259  35.862  11.831 0.1388888889
102519  35.366  35.557  11.271 0.1111111111
102520  35.605  35.227  10.704 0.1111111111
102521  35.544  34.806  11.284 0.1250000000
118763  38.328  41.732  15.824 0.1666666667
118764  38.135  41.346  15.387 0.1388888889
118765  37.662  40.185  15.988 0.1527777778
118766  37.773  40.599  15.452 0.1388888889
118767  37.949  40.972  14.880 0.1666666667
118768  37.729  40.634  14.384 0.1527777778
118769  37.463  40.299  13.858 0.1527777778
118770  37.163  39.944  13.347 0.1527777778
118771  36.839  39.613  12.864 0.1527777778
118772  36.735  39.234  13.441 0.1388888889
118773  36.337  38.518  13.541 0.1250000000
118774  35.999  37.756  13.586 0.1250000000
118775  36.280  37.682  14.739 0.1250000000
118776  35.947  37.326  14.165 0.1250000000
118777  35.633  36.942  13.573 0.1250000000
118778  35.437  36.158  13.570 0.1250000000
118779  35.337  35.416  13.607 0.1250000000
128782  37.414  37.549  17.842 0.1111111111
128783  37.378  36.913  18.189 0.1111111111
128784  37.738  37.339  18.565 0.1111111111
128787  39.051  37.868  20.088 0.1250000000
128832  38.443  41.301  17.369 0.2222222222
128833  38.265  40.532  17.439 0.1527777778
128834  38.811  40.602  18.532 0.2222222222
128835  38.455  40.192  18.037 0.1527777778
128836  38.051  39.805  17.513 0.1527777778
128837  37.839  39.093  17.602 0.1388888889
128838  37.641  38.351  17.710 0.1250000000
138296  38.875  42.690  14.164 0.2083333333
138320  36.584  39.267  12.396 0.1527777778
138321  36.292  38.923  11.894 0.1388888889
138322  36.028  38.588  11.298 0.1388888889
138323  35.633  37.382  11.813 0.1111111111
138324  35.768  37.815  11.241 0.1250000000
138325  35.874  38.231  10.723 0.1388888889
5792  31.445  41.809  20.634 0.1111111111
8693  35.589  38.569  23.936 0.1111111111
16005  32.363  43.072  20.371 0.1250000000
16007  32.244  43.612  19.077 0.1111111111
19191  35.459  37.253  24.341 0.1111111111
19192  36.399  37.328  24.694 0.1111111111
19193  36.667  38.576  24.140 0.1250000000
36330  33.782  39.568  23.218 0.1111111111
36332  34.599  38.465  23.650 0.1111111111
36334  35.697  39.885  23.645 0.1527777778
46727  32.715  43.891  19.515 0.1111111111
80603  33.372  39.379  22.993 0.1111111111
80608  35.556  37.899  24.106 0.1111111111
80609  35.056  37.870  23.947 0.1111111111
80610  35.100  38.580  23.817 0.1111111111
80611  34.660  39.218  23.608 0.1250000000
80612  35.104  39.261  23.740 0.1111111111
80613  35.174  39.898  23.649 0.1250000000
80614  35.625  39.235  23.788 0.1388888889
102537  31.887  42.376  20.517 0.1111111111
102538  31.492  42.217  20.037 0.1111111111
108272  36.038  37.883  24.239 0.1250000000
108273  36.109  38.548  24.026 0.1250000000
108274  36.532  37.918  24.388 0.1250000000
128847  32.380  42.694  20.962 0.1111111111
138375  32.621  44.179  18.888 0.1111111111
149962  32.987  39.835  22.768 0.1111111111
149963  33.393  40.067  23.038 0.1111111111
149967  34.054  37.616  23.504 0.1111111111
149969  34.535  37.742  23.751 0.1111111111
149970  34.123  38.359  23.412 0.1111111111
149971  34.168  39.039  23.410 0.1250000000
149975  35.254  40.568  23.600 0.1527777778
149977  36.175  39.197  23.848 0.1388888889
