#!ascii label  , from subject fsaverage vox2ras=TkReg
1654
14  -30.820  9.261  53.574 0.4363636374
697  -34.246  13.318  51.178 0.2545454502
698  -32.669  18.621  46.439 0.3090909123
1811  -32.900  2.109  53.020 0.2545454502
1812  -29.958  4.875  53.445 0.3454545438
2615  -32.362  8.141  55.189 0.3090909123
2617  -33.037  10.540  52.773 0.4000000060
2618  -33.086  12.847  49.375 0.3636363745
3983  -31.537  3.241  53.083 0.3090909123
5862  -33.982  19.568  48.448 0.2545454502
5863  -33.316  16.433  48.516 0.3272727132
8069  -31.934  5.755  54.702 0.2181818187
8070  -30.245  7.396  54.609 0.3454545438
8155  -28.852  8.655  52.961 0.4181818068
8156  -28.481  6.280  52.845 0.3454545438
10295  -31.527  8.813  54.724 0.3272727132
10296  -32.653  9.406  54.453 0.2909090817
10297  -32.021  9.800  53.388 0.3818181753
10298  -32.415  10.509  51.607 0.4545454681
10299  -31.367  9.921  52.053 0.4909090996
10322  -30.417  9.625  51.915 0.5454545617
13603  -34.570  11.689  53.093 0.2363636345
13609  -33.748  14.832  49.681 0.2545454502
16345  -33.294  19.161  47.604 0.3090909123
16346  -33.577  20.454  47.648 0.2181818187
16347  -32.811  19.889  46.548 0.2181818187
17704  -33.447  3.354  54.073 0.2363636345
17705  -30.810  4.100  53.211 0.2909090817
17706  -31.705  4.544  54.007 0.2545454502
17707  -30.937  5.278  54.136 0.3272727132
17708  -31.116  6.533  54.760 0.2727272809
17709  -30.097  6.248  54.198 0.2909090817
17911  -29.261  6.890  53.799 0.3636363745
17912  -29.209  5.587  53.221 0.3636363745
23139  -33.472  8.961  55.059 0.2545454502
23140  -33.784  10.371  53.862 0.2545454502
23141  -33.886  11.687  52.039 0.3636363745
23142  -33.667  13.031  50.369 0.3818181753
23143  -33.246  11.515  51.061 0.4181818068
23144  -32.624  11.429  49.904 0.4545454681
25598  -31.882  1.701  51.984 0.3090909123
25599  -32.340  2.705  53.072 0.2727272809
25600  -31.222  2.138  52.107 0.3272727132
25601  -30.553  2.874  52.241 0.3636363745
25602  -29.749  3.544  52.489 0.4000000060
25723  -28.933  4.265  52.515 0.4000000060
29036  -33.599  18.117  48.436 0.3090909123
29037  -33.060  17.698  47.508 0.3454545438
29038  -33.239  14.504  48.870 0.3090909123
29039  -32.821  15.947  47.642 0.3818181753
29040  -32.452  17.200  46.472 0.3818181753
34519  -32.614  3.911  53.994 0.2181818187
34522  -32.143  6.900  55.144 0.2181818187
34523  -31.278  7.734  55.074 0.3272727132
34524  -30.487  8.512  54.442 0.3090909123
34771  -29.816  8.925  53.376 0.4181818068
34772  -29.440  8.065  53.950 0.3454545438
34773  -28.561  7.613  53.201 0.3818181753
34774  -27.703  6.863  52.236 0.4727272689
34775  -28.339  4.902  52.279 0.4000000060
37150  -29.420  9.416  51.779 0.5454545617
41015  -31.205  9.059  54.237 0.3636363745
41016  -31.781  9.288  54.168 0.3272727132
41017  -31.449  9.508  53.490 0.4181818068
41018  -31.669  9.849  52.734 0.4909090996
41019  -31.089  9.618  52.855 0.4727272689
41041  -30.888  9.794  51.940 0.5636363626
41042  -30.634  9.481  52.702 0.5090909004
44323  -34.477  12.480  52.188 0.2545454502
44324  -34.771  12.468  52.686 0.2181818187
44325  -34.553  13.343  51.786 0.2181818187
44327  -34.242  14.294  50.800 0.2363636345
44328  -33.994  15.119  50.012 0.2181818187
44329  -34.014  14.036  50.401 0.2727272809
47065  -33.019  18.914  47.016 0.3272727132
47066  -33.053  19.546  47.081 0.2545454502
47067  -32.764  19.236  46.526 0.2727272809
48420  -33.298  1.963  52.862 0.2545454502
48424  -33.225  2.678  53.544 0.2181818187
48425  -30.403  4.419  53.271 0.2909090817
48426  -30.893  4.699  53.662 0.2909090817
48427  -30.417  5.029  53.762 0.3454545438
48428  -30.467  5.707  54.173 0.3090909123
48429  -30.026  5.574  53.897 0.3454545438
48631  -29.587  5.859  53.717 0.3636363745
48632  -29.509  5.190  53.374 0.3272727132
53920  -32.841  7.786  55.378 0.2363636345
53922  -32.889  8.481  55.251 0.2727272809
53923  -32.853  9.999  53.697 0.3454545438
53924  -33.246  9.890  54.107 0.3090909123
53925  -33.397  10.480  53.310 0.3636363745
53926  -33.877  11.022  53.022 0.3272727132
53927  -33.499  11.057  52.426 0.3636363745
53928  -33.550  11.595  51.595 0.3818181753
53929  -33.173  10.997  51.936 0.3818181753
53930  -32.116  10.558  50.956 0.4727272689
53931  -32.549  10.951  50.720 0.4545454681
53932  -32.263  11.004  50.080 0.4545454681
53933  -32.324  11.486  49.312 0.4363636374
58023  -31.560  1.950  52.114 0.3090909123
58027  -30.018  2.714  51.820 0.4000000060
58028  -30.152  3.253  52.344 0.3818181753
58029  -29.638  2.962  51.820 0.3818181753
58231  -29.219  3.339  51.938 0.4000000060
63860  -33.568  16.598  48.953 0.3090909123
63861  -33.720  17.513  48.856 0.2363636345
63862  -33.460  17.301  48.447 0.3272727132
63863  -33.348  17.947  47.940 0.3272727132
63864  -33.180  17.104  48.002 0.3454545438
63865  -33.415  12.885  49.880 0.3636363745
63866  -33.470  13.798  49.576 0.3818181753
63867  -33.269  13.540  49.153 0.3818181753
63869  -32.797  14.994  47.802 0.4363636374
63870  -32.547  15.744  47.141 0.4000000060
63871  -32.639  16.636  47.060 0.3272727132
63872  -32.336  16.425  46.471 0.4181818068
72079  -32.198  19.896  45.389 0.2181818187
76150  -31.982  2.939  53.126 0.2909090817
76151  -32.514  3.294  53.542 0.2363636345
76152  -32.099  3.491  53.567 0.2909090817
76153  -31.747  5.110  54.386 0.2181818187
76155  -32.240  5.413  54.773 0.2181818187
76159  -32.061  6.349  54.952 0.2363636345
76160  -30.684  6.984  54.741 0.3272727132
76161  -31.188  7.164  54.989 0.3272727132
76162  -30.775  7.592  54.891 0.3272727132
76163  -30.882  8.152  54.899 0.3090909123
76164  -30.329  8.050  54.694 0.3272727132
76771  -29.953  8.262  54.224 0.3272727132
76772  -29.801  7.719  54.304 0.3272727132
76773  -28.895  6.655  53.399 0.3090909123
76774  -28.897  7.264  53.576 0.3454545438
76775  -28.516  6.966  53.062 0.4181818068
76776  -28.157  7.239  52.740 0.4363636374
76777  -28.112  6.545  52.544 0.4000000060
76779  -28.681  4.534  52.557 0.3818181753
82643  -29.327  8.820  53.195 0.4181818068
82644  -29.615  9.192  52.603 0.4727272689
82645  -29.122  9.071  52.496 0.5090909004
92257  -31.931  8.529  55.023 0.3272727132
92258  -32.509  8.771  54.952 0.2909090817
92259  -32.109  9.092  54.639 0.2909090817
92260  -32.308  9.605  53.967 0.3636363745
92261  -32.527  10.105  53.087 0.3636363745
92262  -32.709  10.511  52.298 0.4181818068
92263  -32.245  10.128  52.499 0.4181818068
92264  -31.893  10.179  51.876 0.4727272689
92265  -31.628  10.237  51.207 0.4909090996
92306  -31.123  10.072  51.094 0.5272727013
98223  -33.481  15.679  49.091 0.2727272809
98224  -32.920  12.669  48.882 0.3818181753
98225  -32.928  13.484  48.670 0.3818181753
103147  -33.610  19.361  48.068 0.2545454502
103149  -33.422  19.788  47.626 0.2545454502
103150  -33.193  20.161  47.121 0.2181818187
105595  -31.134  3.697  53.144 0.2909090817
105596  -31.638  3.899  53.562 0.2909090817
105597  -31.243  4.261  53.523 0.3090909123
105598  -31.333  4.834  53.996 0.2909090817
105599  -31.443  5.464  54.410 0.2727272809
105600  -31.573  6.143  54.750 0.2545454502
105601  -31.045  5.897  54.469 0.2727272809
105602  -30.555  6.379  54.506 0.2727272809
105603  -30.171  6.805  54.441 0.3090909123
105967  -29.687  7.126  54.249 0.3272727132
105968  -29.647  6.505  54.030 0.3454545438
105969  -29.227  6.253  53.572 0.3454545438
105970  -28.840  5.902  53.097 0.3454545438
109490  -28.386  8.457  52.684 0.4000000060
109491  -28.704  8.976  52.343 0.5272727013
115427  -34.096  9.521  54.858 0.2181818187
115428  -33.061  9.228  54.764 0.2363636345
115429  -33.611  9.667  54.577 0.2545454502
115430  -34.157  10.221  54.263 0.2181818187
115431  -34.183  10.970  53.539 0.2363636345
115432  -34.188  11.695  52.713 0.3090909123
115433  -34.113  12.436  51.743 0.3272727132
115434  -33.911  13.180  50.803 0.3090909123
115435  -33.807  12.322  51.208 0.3454545438
115436  -33.509  12.239  50.692 0.4000000060
115437  -33.221  12.148  50.162 0.4363636374
115438  -32.868  10.947  51.395 0.4181818068
115439  -32.955  11.473  50.474 0.4545454681
115440  -32.983  12.047  49.607 0.4181818068
115441  -32.592  11.969  49.176 0.4545454681
119266  -32.286  18.285  45.888 0.3454545438
119267  -32.383  19.004  45.880 0.2909090817
119268  -31.980  18.660  45.316 0.3090909123
121165  -32.067  1.411  51.995 0.2727272809
121166  -32.372  1.880  52.590 0.2909090817
121169  -31.802  2.447  52.665 0.3090909123
121170  -31.366  2.673  52.642 0.2909090817
121172  -30.895  2.397  52.156 0.3272727132
121173  -31.010  3.035  52.672 0.3454545438
121174  -30.684  3.470  52.778 0.3454545438
121175  -30.284  3.821  52.823 0.3636363745
121176  -29.872  4.192  52.956 0.3272727132
121459  -29.410  4.520  53.055 0.3454545438
121460  -29.299  3.947  52.573 0.3636363745
121461  -28.805  3.621  52.003 0.4000000060
129276  -33.751  18.912  48.433 0.2545454502
129277  -33.472  18.669  48.009 0.2909090817
129278  -33.196  18.466  47.482 0.3454545438
129279  -32.900  18.198  46.981 0.3636363745
129280  -33.699  13.952  50.051 0.2727272809
129281  -33.465  14.742  49.326 0.2909090817
129282  -33.221  15.498  48.644 0.3454545438
129283  -33.054  14.242  48.465 0.3818181753
129284  -33.022  15.217  48.228 0.3454545438
129285  -33.045  16.186  48.110 0.3454545438
129286  -32.905  16.863  47.551 0.3272727132
129287  -32.753  17.459  46.991 0.3454545438
129288  -32.559  17.890  46.449 0.3454545438
144589  -32.935  3.090  53.533 0.2363636345
144590  -33.059  3.643  54.000 0.2363636345
144591  -33.149  4.246  54.480 0.2181818187
144592  -32.117  4.178  54.011 0.2909090817
144593  -32.680  4.537  54.431 0.2181818187
144599  -32.693  7.216  55.342 0.2181818187
144600  -32.230  7.563  55.233 0.2545454502
144601  -31.620  6.753  54.974 0.2545454502
144602  -31.691  7.368  55.126 0.3272727132
144603  -31.790  7.978  55.175 0.2909090817
144604  -31.378  8.303  54.977 0.3272727132
144605  -31.010  8.624  54.716 0.3454545438
144606  -30.645  8.907  54.073 0.4181818068
145339  -30.352  9.078  53.488 0.4363636374
145340  -30.148  8.722  54.016 0.3636363745
145341  -29.614  8.520  53.750 0.3636363745
145342  -29.115  8.412  53.504 0.3818181753
145343  -29.321  7.498  53.921 0.3454545438
145344  -28.976  7.857  53.615 0.3818181753
145345  -28.665  8.204  53.169 0.4000000060
145346  -28.246  7.889  52.780 0.4000000060
145347  -27.763  7.603  52.300 0.4000000060
145349  -29.074  4.925  52.914 0.3818181753
145350  -28.766  5.180  52.819 0.3818181753
145351  -28.457  5.565  52.603 0.3818181753
145354  -28.067  5.857  52.385 0.4000000060
152416  -30.096  9.314  52.707 0.5272727013
152417  -29.916  9.512  51.856 0.5636363626
2138  -20.271  17.192  56.708 0.3454545438
4711  -20.411  5.865  61.471 0.3090909123
4712  -20.018  7.270  58.598 0.5454545617
4713  -20.480  8.873  59.936 0.2181818187
4717  -20.587  20.427  56.677 0.2545454502
7550  -19.583  2.719  62.489 0.2181818187
8976  -23.801  20.932  52.617 0.4000000060
8981  -19.566  13.693  56.179 0.4545454681
8984  -22.639  20.860  54.874 0.3636363745
8985  -22.779  24.214  54.131 0.2181818187
10683  -21.928  23.628  49.486 0.3090909123
12392  -20.496  7.415  60.720 0.2545454502
19890  -23.445  19.346  53.060 0.4000000060
19902  -19.594  16.343  57.514 0.2727272809
19903  -19.620  14.653  57.381 0.2909090817
19904  -19.865  15.549  56.398 0.4363636374
19909  -20.697  21.905  56.375 0.2181818187
19910  -21.573  20.703  55.816 0.3090909123
19911  -21.977  22.186  55.688 0.2181818187
26911  -20.116  5.079  60.595 0.4000000060
26912  -20.049  5.802  59.138 0.5272727013
26913  -20.319  6.595  59.991 0.4727272689
26914  -20.313  8.065  59.285 0.4363636374
26915  -20.252  9.595  58.526 0.3818181753
26921  -20.528  18.754  56.739 0.2181818187
33100  -22.570  22.494  50.235 0.4000000060
33108  -19.752  3.576  60.944 0.3818181753
33109  -20.068  4.373  62.026 0.3272727132
37176  -23.407  22.569  51.868 0.3636363745
37188  -20.002  11.199  57.881 0.3636363745
37190  -19.728  12.849  57.451 0.3454545438
37198  -21.114  19.288  55.826 0.3454545438
37199  -21.881  19.411  54.917 0.3818181753
37200  -22.753  19.383  53.921 0.4363636374
37201  -23.445  20.854  53.941 0.2909090817
37202  -23.636  22.592  53.540 0.2545454502
41403  -22.286  23.811  50.298 0.2909090817
41405  -22.302  24.667  50.696 0.2363636345
41406  -22.274  25.448  51.077 0.2181818187
50622  -19.917  16.775  57.103 0.3454545438
50623  -19.793  15.951  56.996 0.3090909123
50624  -20.042  16.345  56.535 0.3818181753
50625  -20.050  15.908  55.893 0.4545454681
50626  -20.311  16.763  56.100 0.4181818068
50628  -20.522  17.556  56.234 0.3636363745
50633  -21.197  23.556  55.367 0.2181818187
60211  -20.312  5.466  61.034 0.3272727132
60212  -20.226  5.790  60.271 0.4363636374
60213  -20.388  6.193  60.699 0.3636363745
60214  -20.492  8.121  60.339 0.2727272809
60215  -20.457  7.686  60.042 0.3090909123
60216  -20.443  8.492  59.596 0.3818181753
60217  -20.306  8.817  58.893 0.4363636374
60218  -20.414  9.269  59.232 0.2545454502
60225  -19.227  17.369  57.681 0.2181818187
60227  -19.705  18.698  57.358 0.2181818187
72802  -19.499  2.756  61.138 0.3818181753
72803  -19.661  3.181  61.680 0.3090909123
72804  -19.901  3.957  61.477 0.3090909123
72805  -19.864  3.581  62.235 0.2545454502
82706  -23.738  20.226  52.069 0.4000000060
82708  -23.570  21.015  51.728 0.4363636374
82709  -23.356  21.847  51.390 0.4181818068
82710  -23.644  21.797  52.267 0.4000000060
82719  -20.020  6.528  58.901 0.5454545617
82740  -20.207  10.883  58.561 0.2363636345
82741  -20.012  11.666  58.270 0.2181818187
82745  -19.670  14.187  56.799 0.3818181753
82746  -19.635  13.736  57.361 0.3454545438
82747  -19.620  13.299  56.831 0.3636363745
82748  -19.674  12.416  56.944 0.3818181753
82764  -20.545  19.581  56.697 0.2363636345
82765  -20.779  19.106  56.295 0.2545454502
82766  -20.906  19.879  56.271 0.2727272809
82767  -22.080  20.785  55.307 0.3090909123
82768  -21.780  20.076  55.342 0.3818181753
82769  -22.238  20.107  54.855 0.3272727132
82770  -22.323  19.417  54.381 0.4181818068
82771  -22.737  20.074  54.416 0.3636363745
82772  -23.147  20.098  53.972 0.3636363745
82773  -23.086  20.831  54.410 0.3090909123
82774  -22.992  23.321  54.488 0.2181818187
82775  -23.497  22.515  54.218 0.2363636345
82776  -23.368  23.449  53.884 0.2727272809
82777  -23.514  23.495  53.149 0.2909090817
82778  -23.102  24.368  53.501 0.2181818187
96032  -20.474  6.612  61.086 0.3090909123
96034  -20.459  7.803  61.022 0.2181818187
109529  -23.676  19.437  52.388 0.4363636374
109530  -23.718  20.117  52.843 0.3272727132
109536  -19.986  7.993  58.267 0.5272727013
109550  -19.279  15.862  57.798 0.2181818187
109551  -19.385  15.052  57.783 0.2181818187
109552  -19.592  15.517  57.447 0.2909090817
109553  -19.696  15.040  56.855 0.3454545438
109554  -19.716  14.685  56.241 0.4545454681
109555  -19.638  14.238  55.594 0.5272727013
109556  -19.832  15.098  55.760 0.5090909004
109563  -20.636  21.150  56.568 0.2545454502
109564  -21.048  20.629  56.218 0.2727272809
109565  -21.220  21.367  56.253 0.2545454502
109566  -21.848  21.466  55.772 0.2363636345
109567  -22.395  21.522  55.292 0.2545454502
109568  -22.917  21.640  54.834 0.2363636345
109569  -22.559  22.324  55.204 0.2181818187
124231  -19.924  4.695  60.111 0.4363636374
124232  -19.934  5.070  59.363 0.4363636374
124233  -20.045  5.459  59.876 0.4727272689
124234  -20.167  6.200  59.595 0.5272727013
124235  -20.142  6.898  59.302 0.5090909004
124236  -20.429  6.973  60.384 0.3818181753
124237  -20.263  7.315  59.651 0.4000000060
124238  -20.175  7.630  58.982 0.5272727013
124239  -20.154  8.388  58.562 0.4727272689
124240  -20.094  9.150  58.157 0.5090909004
124241  -20.010  9.969  57.780 0.4181818068
124251  -19.647  17.118  57.521 0.2545454502
124252  -20.044  17.570  57.184 0.2363636345
124253  -20.417  18.009  56.792 0.2545454502
124254  -20.152  18.363  57.132 0.2181818187
124255  -20.236  19.197  57.114 0.2363636345
124256  -20.168  20.027  57.018 0.2363636345
124258  -19.631  20.389  57.176 0.2181818187
124259  -20.159  20.932  56.851 0.2181818187
140481  -22.247  23.046  49.874 0.3454545438
140482  -22.631  23.259  50.637 0.2909090817
140502  -19.787  3.873  60.261 0.4181818068
140503  -19.942  4.316  60.772 0.3454545438
140504  -20.109  4.723  61.271 0.3636363745
140505  -20.270  5.136  61.767 0.2909090817
140506  -20.012  4.004  62.728 0.2545454502
140507  -20.218  4.792  62.479 0.2363636345
140508  -20.371  5.516  62.200 0.2363636345
152495  -23.021  22.594  51.021 0.4000000060
152496  -23.085  23.311  51.436 0.3272727132
152530  -20.328  10.069  58.896 0.2727272809
152531  -20.174  10.414  58.236 0.3272727132
152532  -19.959  10.729  57.483 0.4363636374
152536  -19.513  14.237  57.799 0.2545454502
152537  -19.685  13.380  57.894 0.2363636345
152539  -19.860  11.995  57.609 0.2545454502
152540  -19.816  11.525  57.182 0.4545454681
152560  -20.709  18.304  56.318 0.3090909123
152561  -20.939  18.572  55.804 0.3818181753
152563  -21.326  19.972  55.814 0.3272727132
152564  -21.477  19.340  55.305 0.3818181753
152566  -21.955  18.788  54.373 0.5272727013
152567  -22.269  18.832  53.920 0.5636363626
152568  -22.710  18.721  53.482 0.5272727013
152569  -23.112  19.338  53.525 0.4181818068
152570  -23.456  20.050  53.514 0.3636363745
152571  -23.670  20.891  53.354 0.3272727132
152572  -23.367  21.660  54.366 0.2363636345
152573  -23.615  21.699  53.805 0.2727272809
152574  -23.727  21.724  53.085 0.3636363745
152575  -23.620  22.604  52.729 0.3090909123
152576  -23.394  23.421  52.311 0.2727272809
242  -24.275  13.041  44.393 0.6909090877
379  -23.720  5.408  47.842 0.6545454264
496  -19.913  13.278  52.153 0.6727272868
699  -31.781  12.574  47.103 0.5090909004
721  -27.047  13.010  41.994 0.5272727013
722  -28.520  10.328  46.681 0.7090908885
1088  -21.071  3.570  50.101 0.5818181634
1089  -20.519  8.902  49.105 0.7272727489
1090  -19.224  7.096  53.565 0.5818181634
1587  -22.463  17.101  41.488 0.4727272689
1588  -22.711  18.376  47.098 0.4909090996
1590  -19.792  4.318  59.597 0.4909090996
1843  -27.117  7.472  51.366 0.4545454681
1844  -26.598  3.061  48.618 0.4727272689
1845  -22.634  0.905  47.157 0.5454545617
2134  -24.648  9.989  48.676 0.7818182111
2135  -23.027  13.820  50.293 0.7090908885
2136  -22.595  18.087  53.057 0.5818181634
2137  -19.791  10.269  57.070 0.4909090996
2619  -31.836  10.624  50.299 0.4727272689
2641  -30.278  11.056  46.801 0.5818181634
2642  -29.930  9.949  49.955 0.5818181634
3008  -20.453  2.373  52.406 0.4545454681
3009  -20.030  5.189  51.825 0.5272727013
3010  -20.312  4.106  54.465 0.5272727013
3603  -25.391  12.531  42.725 0.6000000238
3604  -24.354  14.581  41.044 0.5454545617
3605  -23.534  14.975  42.991 0.5272727013
3606  -22.317  17.692  44.181 0.4363636374
3607  -23.399  15.751  45.431 0.5636363626
3984  -29.553  2.437  51.164 0.4181818068
4051  -28.097  3.712  51.332 0.4545454681
4052  -27.716  1.561  48.820 0.4363636374
4054  -23.746  -0.653  45.993 0.5090909004
4703  -25.495  6.216  49.541 0.5636363626
4704  -26.010  8.760  49.726 0.6363636255
4705  -23.908  7.567  48.534 0.7272727489
4706  -20.026  11.213  50.598 0.6727272868
4707  -21.307  11.513  49.517 0.7090908885
4708  -21.213  13.782  51.159 0.6181818247
4709  -22.682  15.784  51.574 0.7272727489
4710  -21.212  15.948  52.701 0.6000000238
5864  -32.285  15.543  46.607 0.4545454681
5865  -30.692  14.677  44.468 0.4727272689
5905  -28.460  14.360  41.838 0.4909090996
5906  -29.665  12.623  44.238 0.5636363626
5907  -27.982  11.458  43.986 0.6545454264
5908  -26.248  11.123  44.594 0.7090908885
6175  -27.016  -0.659  46.629 0.4000000060
6566  -21.873  4.492  48.113 0.6909090877
6567  -21.880  6.913  48.042 0.7090908885
6568  -20.372  6.174  49.419 0.7090908885
6569  -19.470  8.226  50.924 0.7090908885
6570  -19.253  10.112  52.517 0.6727272868
7541  -25.701  15.041  39.747 0.4545454681
7545  -21.609  20.421  45.955 0.4181818068
7546  -22.456  21.010  49.150 0.4363636374
7548  -19.572  2.659  57.382 0.4909090996
8157  -26.948  5.119  50.690 0.4727272689
8158  -25.382  4.301  48.310 0.6181818247
8159  -25.894  0.668  46.606 0.5090909004
8160  -24.785  2.049  46.800 0.5636363626
8161  -23.328  3.220  47.332 0.6181818247
8162  -21.796  2.299  48.509 0.5272727013
8163  -20.624  1.175  50.372 0.4363636374
8968  -28.215  9.598  50.077 0.6181818247
8969  -26.858  10.205  47.811 0.7454545498
8970  -25.076  11.469  46.812 0.8181818128
8971  -22.287  9.368  48.558 0.7636363506
8972  -23.375  11.646  49.043 0.8000000119
8973  -24.086  13.598  47.400 0.7454545498
8974  -23.717  15.945  48.695 0.5818181634
8975  -23.654  18.276  50.517 0.4909090996
8977  -19.859  5.715  56.692 0.5818181634
8978  -19.323  8.719  55.523 0.6909090877
8979  -19.339  12.054  54.126 0.5636363626
8982  -20.085  15.347  54.176 0.5636363626
8983  -21.327  18.128  54.737 0.5272727013
10321  -30.883  10.201  50.249 0.5636363626
10688  -19.896  1.674  53.652 0.3818181753
10689  -20.446  3.258  53.506 0.5272727013
10690  -19.972  2.566  54.806 0.4909090996
11282  -28.455  16.220  40.561 0.4363636374
11283  -24.724  12.698  43.450 0.6363636255
11284  -24.376  13.625  42.730 0.5454545617
11285  -23.978  13.928  43.676 0.6181818247
11286  -23.414  15.393  44.133 0.5454545617
11287  -23.743  14.282  44.804 0.6909090877
11663  -30.279  1.825  50.985 0.3636363745
11664  -29.387  1.488  49.874 0.3818181753
11731  -28.641  2.009  50.039 0.3818181753
11732  -28.375  0.882  48.720 0.3636363745
12383  -24.668  5.775  48.531 0.6545454264
12384  -24.788  6.905  49.012 0.6909090877
12385  -23.858  6.519  48.197 0.7090908885
12386  -20.031  12.175  51.411 0.6545454264
12387  -20.522  12.500  50.781 0.7090908885
12388  -20.514  13.605  51.546 0.6000000238
12389  -21.163  14.797  51.806 0.6181818247
12390  -20.540  14.633  52.395 0.6181818247
13610  -32.509  12.575  48.446 0.4181818068
13611  -32.757  14.078  48.024 0.3818181753
13612  -32.181  13.918  46.927 0.4909090996
13613  -31.584  15.105  45.575 0.4545454681
13614  -31.274  13.650  45.719 0.5272727013
13681  -30.214  13.591  44.386 0.5454545617
13682  -30.764  12.615  45.600 0.5090909004
13683  -29.396  10.626  46.665 0.6000000238
13684  -29.221  11.211  45.247 0.5636363626
13685  -28.371  10.811  45.243 0.6545454264
13686  -27.109  11.134  44.167 0.6545454264
13687  -27.487  10.633  45.467 0.7090908885
14783  -21.348  4.038  49.034 0.6000000238
14784  -21.098  5.298  48.672 0.6727272868
14785  -20.708  4.763  49.758 0.5636363626
14786  -19.552  6.154  52.676 0.5454545617
14787  -19.542  6.629  51.369 0.5818181634
14788  -19.194  7.621  52.189 0.6363636255
14789  -19.291  9.154  51.730 0.7090908885
14790  -19.148  8.588  53.026 0.6727272868
16568  -27.788  13.536  41.885 0.5454545617
16569  -27.130  14.510  40.689 0.4545454681
16570  -26.424  13.933  40.951 0.5090909004
16571  -23.278  15.822  41.072 0.5090909004
16572  -23.736  15.795  40.081 0.4909090996
16573  -22.794  16.968  40.247 0.4545454681
16577  -21.875  18.491  42.142 0.4181818068
16578  -22.453  18.042  45.635 0.4545454681
16579  -21.878  19.044  45.113 0.4363636374
16580  -22.118  19.394  46.550 0.4000000060
16581  -21.873  20.745  47.558 0.4181818068
16582  -22.495  19.666  48.065 0.4545454681
17913  -27.421  3.452  49.951 0.4727272689
17914  -27.603  4.460  51.048 0.4727272689
17915  -26.909  4.105  49.662 0.5272727013
17916  -26.212  4.631  49.322 0.5272727013
17917  -26.076  3.586  48.352 0.5818181634
17919  -26.420  -0.092  46.630 0.4727272689
17920  -25.396  -0.642  45.891 0.4909090996
17921  -23.181  0.088  46.571 0.5090909004
17922  -24.291  0.768  46.328 0.5454545617
17923  -23.629  1.496  46.714 0.5636363626
17924  -24.015  2.690  46.988 0.5818181634
17925  -23.044  2.097  47.239 0.5636363626
17926  -22.427  2.738  47.731 0.6000000238
17927  -22.158  1.632  47.778 0.4909090996
17929  -20.818  0.431  49.445 0.4363636374
19868  -27.916  8.216  52.298 0.4181818068
19869  -28.546  9.165  51.545 0.5818181634
19870  -27.536  8.748  51.164 0.5818181634
19871  -25.330  9.321  49.047 0.7636363506
19872  -26.554  9.701  49.134 0.7090908885
19873  -25.838  10.234  48.348 0.7454545498
19874  -25.974  10.763  47.068 0.7818182111
19875  -25.059  10.879  47.999 0.7636363506
19876  -21.093  7.884  48.492 0.7454545498
19877  -22.008  8.139  48.228 0.7454545498
19878  -21.289  9.152  48.601 0.7090908885
19879  -22.057  12.739  49.950 0.6545454264
19880  -22.287  11.596  49.359 0.7272727489
19881  -23.120  12.716  49.569 0.7090908885
19882  -23.956  12.726  48.407 0.7454545498
19883  -23.851  13.774  48.952 0.7454545498
19884  -23.984  14.768  47.972 0.6727272868
19885  -23.754  14.837  49.725 0.7090908885
19886  -22.587  16.886  52.284 0.6909090877
19887  -23.542  16.913  51.338 0.6000000238
19888  -23.395  18.052  52.188 0.4909090996
19889  -23.688  19.553  51.539 0.4727272689
19891  -19.669  3.545  58.548 0.5090909004
19892  -19.985  4.310  57.094 0.5272727013
19893  -19.913  5.084  58.148 0.5090909004
19894  -19.924  8.737  57.850 0.5636363626
19895  -19.668  8.040  57.212 0.5636363626
19896  -19.515  9.509  56.316 0.6363636255
19897  -19.220  10.292  54.715 0.6363636255
19898  -19.521  11.112  55.616 0.6000000238
19905  -19.740  14.609  55.091 0.5636363626
19906  -20.260  16.341  55.470 0.4545454681
19907  -20.789  16.906  54.582 0.5454545617
19908  -20.771  17.870  55.733 0.3636363745
23145  -31.999  11.518  48.721 0.4181818068
23185  -31.075  11.700  46.964 0.4909090996
23186  -31.159  10.930  48.572 0.5454545617
23187  -30.204  10.437  48.382 0.6000000238
23188  -29.295  10.170  48.174 0.6727272868
23846  -20.868  3.008  51.258 0.5454545617
23847  -20.600  4.383  50.976 0.5818181634
23848  -20.607  3.867  52.207 0.5090909004
23849  -20.201  4.763  53.152 0.5636363626
23850  -19.784  5.624  54.068 0.5636363626
24784  -31.842  18.065  45.314 0.3272727132
24917  -26.234  12.578  42.279 0.5454545617
24918  -25.639  13.598  41.306 0.5454545617
24919  -24.965  13.493  41.931 0.5454545617
24920  -23.867  14.691  41.920 0.5454545617
24921  -23.026  16.021  42.208 0.5272727013
24922  -22.305  17.418  42.831 0.4727272689
24923  -22.803  16.426  43.490 0.4909090996
24924  -22.919  16.782  44.781 0.5454545617
24925  -23.066  17.051  46.205 0.5454545617
25724  -28.765  3.037  51.330 0.4181818068
25725  -27.846  2.628  50.154 0.4545454681
25726  -27.096  2.300  48.794 0.4545454681
25728  -24.357  -1.229  45.648 0.4727272689
25732  -21.785  0.294  47.785 0.5090909004
26897  -26.309  6.823  50.739 0.5090909004
26898  -26.551  8.181  50.588 0.5636363626
26899  -25.709  7.480  49.886 0.6000000238
26900  -24.954  8.065  49.264 0.7090908885
26901  -24.178  8.778  48.827 0.7454545498
26902  -20.205  10.101  49.801 0.6909090877
26903  -20.819  10.267  49.210 0.6727272868
26904  -20.606  11.433  49.981 0.6909090877
26905  -21.228  12.730  50.405 0.6363636255
26906  -22.029  13.850  50.808 0.6909090877
26907  -22.809  14.741  50.981 0.7272727489
26908  -21.983  14.903  51.482 0.6727272868
26909  -21.820  15.913  52.121 0.6909090877
26910  -21.901  17.004  52.915 0.6909090877
29041  -31.801  16.626  45.432 0.3818181753
29042  -30.948  16.043  44.277 0.4000000060
29043  -30.056  15.525  43.247 0.4363636374
29137  -28.983  15.318  41.865 0.4727272689
29138  -29.628  14.529  43.113 0.4727272689
29139  -29.064  13.513  43.075 0.5454545617
29140  -28.417  12.690  42.951 0.5818181634
29141  -30.037  11.814  45.417 0.5818181634
29142  -28.861  11.922  44.018 0.6000000238
29143  -27.592  12.148  42.960 0.6000000238
29144  -26.669  11.812  43.155 0.6727272868
29145  -25.795  11.752  43.559 0.6727272868
29146  -25.129  11.936  44.305 0.6909090877
29767  -28.046  -0.108  47.543 0.3636363745
30680  -22.663  4.914  47.675 0.7454545498
30681  -22.788  6.113  47.835 0.7272727489
30682  -21.842  5.716  48.004 0.7272727489
30683  -21.029  6.620  48.533 0.7090908885
30684  -20.330  7.539  49.198 0.7272727489
30685  -20.034  5.671  50.542 0.5818181634
30686  -19.815  7.145  50.163 0.6909090877
30687  -19.920  8.674  49.924 0.7272727489
30688  -19.657  9.731  50.649 0.7090908885
30689  -19.598  10.758  51.440 0.6727272868
30690  -19.589  11.700  52.219 0.6545454264
33083  -27.784  15.253  40.516 0.4545454681
33086  -24.970  14.725  40.317 0.4909090996
33095  -21.827  18.725  43.581 0.4545454681
33096  -21.568  20.112  44.407 0.3636363745
33098  -21.461  21.805  46.832 0.3636363745
33099  -21.838  22.095  48.581 0.3818181753
33102  -19.482  1.752  56.158 0.4000000060
33104  -19.249  1.828  58.750 0.4000000060
33105  -19.445  2.678  59.902 0.4363636374
34776  -27.705  5.552  51.863 0.4181818068
34777  -26.994  6.235  51.289 0.4727272689
34778  -26.191  5.703  50.286 0.5272727013
34779  -25.454  5.267  49.037 0.6000000238
34780  -24.602  4.830  48.133 0.6545454264
34781  -27.402  0.485  47.692 0.4181818068
34782  -26.841  1.120  47.669 0.4909090996
34783  -26.360  1.912  47.554 0.5272727013
34784  -24.861  0.113  46.089 0.4909090996
34785  -25.396  1.387  46.662 0.5454545617
34786  -25.802  2.638  47.508 0.5272727013
34787  -25.167  3.201  47.479 0.5454545617
34788  -24.378  3.772  47.549 0.6000000238
34789  -23.584  4.362  47.552 0.6909090877
34790  -22.621  3.907  47.660 0.6363636255
34791  -21.863  3.447  48.290 0.5818181634
34792  -21.445  2.939  49.242 0.5090909004
34793  -21.460  1.067  48.616 0.4727272689
34794  -21.178  1.803  49.381 0.4363636374
34795  -21.002  2.416  50.286 0.4727272689
34796  -20.499  1.762  51.346 0.4181818068
34797  -19.921  1.021  52.498 0.3636363745
37151  -29.055  9.660  50.038 0.6181818247
37152  -28.457  9.956  48.424 0.6909090877
37153  -27.137  9.259  50.017 0.6545454264
37154  -27.618  9.896  48.761 0.6909090877
37155  -27.696  10.206  47.116 0.6909090877
37156  -26.695  10.573  46.095 0.7090908885
37157  -25.652  11.254  45.551 0.7454545498
37158  -24.715  12.182  45.464 0.7454545498
37159  -22.888  7.309  48.058 0.7454545498
37160  -23.014  8.435  48.377 0.7454545498
37161  -23.390  9.635  48.824 0.7818182111
37162  -21.659  10.445  48.914 0.7090908885
37163  -22.680  10.510  48.884 0.7454545498
37164  -23.917  10.777  48.764 0.8181818128
37165  -24.369  11.741  48.049 0.7818182111
37166  -24.447  12.486  46.922 0.7818182111
37167  -24.118  13.327  45.797 0.7636363506
37168  -23.799  14.613  46.293 0.7272727489
37169  -23.534  15.853  47.020 0.6363636255
37170  -23.311  17.162  47.812 0.5454545617
37171  -23.698  15.854  50.551 0.6909090877
37172  -23.645  17.094  49.502 0.5090909004
37173  -23.216  18.423  48.702 0.5272727013
37174  -23.175  19.721  49.714 0.5090909004
37175  -23.281  21.107  50.844 0.4545454681
37177  -20.023  3.428  55.933 0.5090909004
37178  -20.081  4.995  55.577 0.6000000238
37179  -19.530  6.411  55.144 0.5636363626
37180  -19.788  6.478  57.774 0.5454545617
37181  -19.509  7.195  56.230 0.5818181634
37182  -19.186  7.834  54.565 0.6727272868
37183  -19.121  9.479  53.870 0.6545454264
37184  -19.287  11.034  53.325 0.6363636255
37185  -19.504  12.755  52.987 0.6545454264
37191  -19.619  12.004  56.445 0.5272727013
37192  -19.416  12.923  55.058 0.5636363626
37193  -19.584  13.730  53.897 0.6181818247
37194  -19.916  14.366  53.069 0.5818181634
37195  -20.599  15.816  53.447 0.6000000238
37196  -21.370  16.991  53.728 0.6181818247
37197  -21.928  18.190  53.875 0.6727272868
41408  -19.608  1.319  54.309 0.3454545438
41409  -19.897  2.141  54.217 0.4545454681
41410  -19.677  1.764  54.876 0.4363636374
42002  -28.944  16.262  41.257 0.4363636374
42003  -24.488  12.871  43.907 0.6727272868
42004  -24.295  13.299  43.536 0.6363636255
42005  -24.134  13.465  44.039 0.6909090877
42006  -23.870  14.095  44.232 0.6545454264
42007  -24.006  13.612  44.597 0.7090908885
42384  -29.244  1.014  49.234 0.3636363745
42451  -28.867  1.228  49.270 0.3636363745
42452  -28.726  0.725  48.697 0.3636363745
43103  -24.243  5.597  48.176 0.6363636255
43104  -24.276  6.190  48.378 0.7090908885
43105  -23.780  5.982  48.033 0.7090908885
43106  -19.975  12.650  51.759 0.6909090877
43107  -20.280  12.920  51.475 0.6909090877
43108  -20.230  13.428  51.840 0.6363636255
43109  -20.546  14.134  51.989 0.6000000238
43110  -20.195  13.976  52.239 0.6181818247
44330  -32.216  12.597  47.794 0.4727272689
44331  -32.403  13.286  47.625 0.4727272689
44332  -32.036  13.229  47.027 0.5272727013
44333  -31.775  13.797  46.335 0.4727272689
44334  -31.556  13.117  46.380 0.5272727013
44401  -31.079  13.108  45.673 0.5454545617
44402  -31.259  12.628  46.268 0.5090909004
44403  -28.967  10.428  46.694 0.6363636255
44404  -28.910  10.702  45.958 0.6363636255
44405  -28.471  10.553  45.969 0.6545454264
44406  -27.931  10.699  45.280 0.6909090877
44407  -28.045  10.443  45.986 0.6909090877
45503  -21.224  3.805  49.534 0.5636363626
45504  -21.046  4.430  49.390 0.5636363626
45505  -20.961  4.183  49.941 0.5818181634
45506  -19.321  6.669  53.105 0.5818181634
45507  -19.331  6.881  52.438 0.6000000238
45508  -19.170  7.383  52.850 0.6000000238
45509  -19.126  8.089  52.616 0.6727272868
45510  -19.119  7.840  53.292 0.6727272868
47288  -27.413  13.249  41.901 0.5272727013
47289  -27.090  13.720  41.345 0.5272727013
47290  -26.722  13.452  41.468 0.5272727013
47291  -22.860  16.450  41.247 0.4909090996
47292  -23.019  16.430  40.638 0.4909090996
47293  -22.638  17.031  40.859 0.4727272689
47297  -22.146  17.795  41.798 0.4545454681
47298  -22.589  18.202  46.319 0.4909090996
47299  -22.274  18.686  46.097 0.4000000060
47300  -22.395  18.885  46.820 0.4181818068
47301  -22.258  19.547  47.294 0.4000000060
47302  -22.584  19.046  47.549 0.4727272689
48633  -27.084  3.238  49.279 0.4727272689
48634  -27.171  3.751  49.829 0.4727272689
48635  -26.786  3.652  49.145 0.4909090996
48636  -26.499  3.873  49.000 0.5272727013
48637  -26.414  3.370  48.549 0.5272727013
48639  -25.722  -0.957  45.889 0.4000000060
48640  -25.132  -1.320  45.623 0.4181818068
48641  -22.905  0.512  46.850 0.5272727013
48642  -23.422  0.789  46.615 0.5636363626
48643  -23.135  1.136  46.910 0.5636363626
48644  -23.360  1.787  46.977 0.5454545617
48645  -22.860  1.539  47.205 0.5454545617
48646  -22.586  1.845  47.495 0.5636363626
48647  -22.398  1.280  47.476 0.5090909004
50588  -27.445  7.777  51.862 0.4363636374
50589  -27.631  8.486  51.743 0.4727272689
50590  -27.247  8.183  51.361 0.4909090996
50591  -24.950  9.621  48.854 0.8000000119
50592  -25.604  9.857  48.790 0.7818182111
50593  -25.230  10.136  48.581 0.8000000119
50594  -25.427  10.539  48.086 0.7636363506
50595  -24.889  10.457  48.466 0.8000000119
50596  -20.795  8.389  48.785 0.7272727489
50597  -21.182  8.504  48.543 0.7272727489
50598  -20.898  9.055  48.838 0.7272727489
50599  -22.547  13.343  50.207 0.6727272868
50600  -22.593  12.724  49.841 0.7454545498
50601  -23.105  13.260  49.938 0.7272727489
50602  -23.545  13.260  49.345 0.7090908885
50603  -23.584  13.812  49.757 0.6909090877
50604  -23.817  14.315  49.357 0.6909090877
50605  -23.455  14.304  50.149 0.6909090877
50606  -22.620  17.500  52.645 0.5818181634
50607  -23.009  17.420  52.311 0.5454545617
50608  -23.023  18.044  52.664 0.5090909004
50609  -23.383  18.702  52.647 0.4545454681
50610  -23.050  18.661  53.090 0.4727272689
50611  -19.734  3.935  59.080 0.4909090996
50612  -19.798  4.382  58.335 0.5090909004
50613  -19.866  4.701  58.848 0.5090909004
50614  -19.838  9.513  57.433 0.5818181634
50615  -19.668  9.122  57.123 0.5818181634
50616  -19.639  9.923  56.709 0.5636363626
50617  -19.501  10.284  55.960 0.6363636255
50618  -19.612  10.709  56.371 0.5454545617
50627  -20.539  17.132  55.629 0.4000000060
53934  -31.976  11.047  49.511 0.4181818068
54001  -31.633  11.186  48.681 0.5090909004
54002  -31.532  10.801  49.516 0.4909090996
54003  -30.366  10.048  50.167 0.6181818247
54004  -30.571  10.341  49.270 0.6000000238
54005  -30.088  10.180  49.160 0.6181818247
54006  -29.750  10.273  48.284 0.6545454264
54007  -29.654  10.067  49.064 0.6181818247
55103  -20.676  2.706  51.829 0.5090909004
55104  -20.770  3.411  51.747 0.5272727013
55105  -20.615  3.137  52.345 0.5272727013
55106  -20.444  3.672  54.029 0.5090909004
55107  -20.489  4.014  53.356 0.5454545617
55108  -20.332  4.464  53.817 0.5272727013
55109  -19.988  5.198  53.592 0.5818181634
55110  -20.145  4.897  54.285 0.5636363626
56665  -31.492  17.713  44.810 0.3272727132
56888  -25.836  12.536  42.488 0.5818181634
56889  -25.573  13.006  42.046 0.5272727013
56890  -25.183  12.997  42.328 0.5454545617
56891  -23.929  14.263  42.762 0.5454545617
56892  -24.158  14.143  42.358 0.5272727013
56893  -23.675  14.807  42.441 0.5272727013
56894  -23.425  15.338  42.043 0.5454545617
56895  -23.268  15.502  42.615 0.5272727013
56896  -22.870  16.226  42.811 0.5090909004
56897  -23.139  15.741  43.194 0.5272727013
56898  -23.391  15.567  44.783 0.5272727013
56899  -23.134  16.097  44.376 0.4909090996
56900  -23.186  16.308  45.106 0.5090909004
56901  -22.972  16.938  45.495 0.5090909004
56902  -23.231  16.418  45.809 0.5272727013
58024  -31.054  1.656  51.514 0.3090909123
58025  -29.982  2.184  51.156 0.3818181753
58026  -30.419  2.323  51.628 0.3454545438
58232  -29.168  2.712  51.188 0.4181818068
58233  -28.121  1.705  49.424 0.4363636374
58234  -28.196  2.217  50.045 0.4727272689
58235  -27.776  2.064  49.486 0.4727272689
58236  -27.460  2.463  49.450 0.5090909004
58237  -27.391  1.910  48.863 0.4909090996
60188  -25.893  6.483  50.145 0.5818181634
60189  -25.993  7.154  50.276 0.5090909004
60190  -25.587  6.827  49.755 0.5818181634
60191  -24.342  7.267  48.758 0.7272727489
60192  -24.864  7.467  49.186 0.6727272868
60193  -24.438  7.821  48.929 0.7454545498
60194  -24.543  8.389  49.005 0.7272727489
60195  -23.994  8.139  48.715 0.7090908885
60196  -20.102  10.669  50.184 0.6727272868
60197  -20.397  10.778  49.854 0.6909090877
60198  -20.345  11.365  50.234 0.6909090877
60199  -20.831  13.119  50.949 0.6181818247
60200  -20.863  12.666  50.590 0.6545454264
60201  -21.252  13.294  50.822 0.6545454264
60202  -21.623  13.309  50.624 0.6363636255
60203  -21.624  13.872  51.019 0.6545454264
60204  -22.010  14.408  51.163 0.6727272868
60205  -21.580  14.399  51.307 0.6545454264
60206  -21.193  15.323  52.288 0.6181818247
60207  -21.508  15.405  51.984 0.6545454264
60208  -21.570  15.938  52.394 0.6363636255
60209  -21.860  16.454  52.530 0.6909090877
60210  -21.593  16.480  52.815 0.6727272868
63868  -32.535  14.879  47.264 0.4545454681
63873  -32.161  16.909  45.908 0.3636363745
63874  -32.036  16.121  46.010 0.4181818068
63875  -31.127  14.877  45.022 0.4363636374
63876  -31.277  15.620  44.903 0.4363636374
63877  -30.823  15.408  44.355 0.4363636374
63878  -30.500  15.794  43.755 0.4000000060
63879  -30.395  15.130  43.874 0.4181818068
64081  -29.835  15.053  43.183 0.4727272689
64082  -30.165  14.588  43.839 0.4727272689
64083  -29.966  13.064  44.264 0.5636363626
64084  -29.671  13.518  43.705 0.5636363626
64085  -29.401  13.062  43.666 0.5818181634
64086  -28.766  13.106  43.012 0.5636363626
64087  -29.042  12.679  43.550 0.5636363626
64088  -30.641  11.371  46.884 0.5090909004
64089  -30.534  11.764  46.127 0.5454545617
64090  -30.192  11.426  46.061 0.5272727013
64091  -28.646  11.308  44.550 0.6363636255
64092  -29.064  11.565  44.610 0.6181818247
64093  -28.453  11.657  43.978 0.6363636255
64094  -28.265  12.010  43.470 0.6000000238
64095  -27.788  11.800  43.434 0.6363636255
64096  -27.089  11.934  43.049 0.6181818247
64097  -27.296  11.591  43.575 0.6363636255
64098  -26.696  11.065  44.368 0.7090908885
64099  -26.449  11.384  43.826 0.6727272868
64100  -26.019  11.414  44.050 0.6909090877
64101  -25.469  11.779  43.897 0.6545454264
64102  -25.671  11.469  44.411 0.7090908885
67388  -22.266  4.698  47.803 0.6909090877
67389  -22.251  5.300  47.788 0.7272727489
67390  -21.854  5.121  48.037 0.6727272868
67391  -20.711  5.731  49.049 0.7090908885
67392  -21.025  5.914  48.589 0.6909090877
67393  -20.680  6.383  48.917 0.7090908885
67394  -20.712  7.056  48.857 0.7454545498
67395  -20.344  6.872  49.292 0.7090908885
67396  -20.354  4.767  51.402 0.5636363626
67397  -20.313  4.988  50.788 0.5636363626
67398  -20.027  5.402  51.205 0.5454545617
67399  -19.462  7.412  51.169 0.6545454264
67400  -19.655  6.888  50.766 0.6545454264
67401  -19.616  7.636  50.562 0.7454545498
67402  -19.841  7.900  50.022 0.7272727489
67403  -19.655  8.425  50.411 0.7272727489
67404  -19.761  9.190  50.248 0.7636363506
67405  -19.552  8.962  50.791 0.7454545498
67406  -19.255  9.612  52.121 0.6727272868
67407  -19.421  9.921  51.551 0.7272727489
67408  -19.370  10.444  51.929 0.6727272868
67409  -19.619  11.199  51.839 0.6545454264
67410  -19.402  10.912  52.350 0.6363636255
72743  -28.738  14.849  41.802 0.4727272689
72744  -28.465  15.276  41.153 0.4727272689
72745  -28.130  14.804  41.165 0.4727272689
72746  -26.439  14.724  40.271 0.4545454681
72747  -26.769  15.041  40.082 0.4545454681
72748  -26.098  15.308  39.624 0.4545454681
72751  -24.981  14.059  41.131 0.5636363626
72752  -25.308  14.119  40.808 0.5272727013
72753  -24.658  14.633  40.633 0.5272727013
72773  -22.295  17.515  43.516 0.4727272689
72774  -22.038  18.032  43.217 0.4545454681
72775  -22.041  18.194  43.883 0.4545454681
72776  -21.730  19.726  45.521 0.4545454681
72777  -21.722  19.565  44.762 0.4363636374
72778  -21.564  20.258  45.191 0.4181818068
72779  -21.428  20.829  44.816 0.3636363745
72780  -21.473  20.944  45.621 0.3636363745
72782  -21.523  21.093  46.389 0.3636363745
72783  -22.115  20.882  48.356 0.4181818068
72784  -21.840  21.405  48.077 0.4181818068
72785  -22.127  21.543  48.861 0.3818181753
72786  -22.196  22.273  49.413 0.4000000060
72787  -22.490  21.742  49.694 0.3818181753
72794  -19.326  2.264  59.338 0.4181818068
72795  -19.253  1.823  60.039 0.4000000060
76778  -28.499  3.949  51.989 0.4000000060
76780  -28.225  4.286  51.853 0.4181818068
76781  -27.298  4.770  50.862 0.4727272689
76782  -27.681  4.987  51.513 0.4545454681
76783  -27.304  5.373  51.284 0.4545454681
76784  -27.313  5.961  51.587 0.4363636374
76785  -26.952  5.659  51.130 0.4363636374
76786  -26.599  5.990  50.854 0.5272727013
76787  -26.589  5.417  50.499 0.4545454681
76788  -25.819  4.482  48.776 0.5636363626
76789  -25.821  4.981  49.255 0.5636363626
76790  -25.424  4.778  48.703 0.6000000238
76791  -25.032  5.039  48.544 0.6363636255
76792  -24.991  4.518  48.218 0.6363636255
76793  -27.525  -0.436  47.076 0.4000000060
76794  -27.732  0.106  47.628 0.4000000060
76795  -27.200  -0.139  47.110 0.4000000060
76796  -26.146  0.194  46.627 0.5090909004
76797  -26.637  0.496  47.147 0.4909090996
76798  -26.381  0.850  47.059 0.5090909004
76799  -26.567  1.496  47.627 0.4909090996
76800  -26.127  1.281  47.030 0.5090909004
76802  -24.597  -0.555  45.851 0.4727272689
76803  -24.318  -0.248  46.025 0.4909090996
76804  -24.532  1.419  46.540 0.5636363626
76805  -24.829  1.021  46.377 0.5454545617
76806  -25.149  1.725  46.669 0.5818181634
76807  -25.626  2.007  47.044 0.5272727013
76808  -25.362  2.321  47.058 0.5454545617
76809  -25.562  2.934  47.490 0.5090909004
76810  -25.021  2.644  47.114 0.5818181634
76811  -23.688  2.958  47.158 0.5818181634
76812  -24.233  3.234  47.264 0.5818181634
76813  -23.865  3.521  47.294 0.6181818247
76814  -23.996  4.092  47.535 0.6545454264
76815  -23.459  3.788  47.422 0.6545454264
76816  -23.050  4.099  47.489 0.6545454264
76817  -22.957  3.535  47.452 0.6181818247
76818  -22.073  2.531  48.055 0.5636363626
76819  -22.154  3.127  47.982 0.5636363626
76820  -21.882  2.911  48.435 0.5272727013
76821  -21.663  3.216  48.797 0.5454545617
76822  -21.601  2.637  48.885 0.5090909004
76823  -21.443  0.028  48.201 0.4909090996
76824  -21.631  0.709  48.201 0.4909090996
76825  -21.260  0.404  48.635 0.4727272689
76827  -21.010  1.141  49.413 0.4181818068
76828  -20.882  1.463  49.870 0.4363636374
76829  -21.062  2.068  49.813 0.4909090996
76830  -20.822  1.838  50.326 0.4363636374
76831  -20.751  2.113  50.817 0.4545454681
76832  -20.542  1.455  50.861 0.4181818068
76835  -19.758  0.285  52.576 0.3818181753
82646  -28.398  9.407  50.775 0.5818181634
82647  -28.850  9.440  50.904 0.6000000238
82648  -28.640  9.625  50.052 0.6545454264
82649  -28.765  9.843  49.216 0.6545454264
82650  -28.382  9.796  49.285 0.6545454264
82651  -26.296  8.452  50.133 0.6363636255
82652  -26.794  8.810  50.392 0.6181818247
82653  -26.597  8.957  49.879 0.6363636255
82654  -26.783  9.996  48.574 0.7090908885
82655  -27.129  9.835  49.029 0.6727272868
82656  -27.253  10.062  48.268 0.7090908885
82657  -27.704  10.071  47.956 0.7272727489
82658  -27.302  10.226  47.481 0.7454545498
82659  -27.253  10.390  46.609 0.7090908885
82660  -26.809  10.399  46.972 0.7454545498
82661  -25.493  11.078  46.855 0.7818182111
82662  -25.851  10.992  46.300 0.7636363506
82663  -25.350  11.335  46.162 0.7636363506
82664  -25.133  11.689  45.469 0.7272727489
82665  -24.918  11.796  46.111 0.7636363506
82666  -22.330  6.464  47.908 0.7090908885
82667  -22.858  6.737  47.917 0.7272727489
82668  -22.388  7.069  48.004 0.7272727489
82669  -22.113  8.781  48.381 0.7272727489
82670  -22.514  8.275  48.257 0.7454545498
82671  -22.665  8.915  48.454 0.7272727489
82672  -23.212  9.017  48.569 0.7636363506
82673  -22.826  9.439  48.629 0.7636363506
82674  -21.034  10.884  49.320 0.6909090877
82675  -21.209  10.376  49.014 0.7090908885
82676  -21.462  11.021  49.199 0.7090908885
82677  -22.870  11.589  49.252 0.7818182111
82678  -22.492  10.995  49.046 0.7454545498
82679  -23.062  11.100  49.072 0.7636363506
82680  -23.307  10.621  48.947 0.7636363506
82681  -23.600  11.243  48.876 0.7818182111
82682  -24.150  11.282  48.486 0.7818182111
82683  -23.881  11.800  48.621 0.7818182111
82684  -24.063  13.141  47.858 0.7636363506
82685  -24.239  12.575  47.631 0.7818182111
82686  -24.258  13.010  47.074 0.7454545498
82687  -24.308  12.891  46.340 0.8000000119
82688  -24.144  13.484  46.566 0.7272727489
82689  -23.924  13.976  46.051 0.7272727489
82690  -23.986  14.077  46.847 0.6727272868
82691  -23.805  15.361  48.339 0.6727272868
82692  -23.761  15.272  47.472 0.6545454264
82693  -23.567  15.904  47.813 0.6181818247
82694  -23.336  16.517  47.411 0.5636363626
82695  -23.562  16.560  48.245 0.5636363626
82696  -22.742  15.243  51.302 0.6909090877
82697  -23.359  15.251  50.868 0.6909090877
82698  -23.246  15.739  51.222 0.6727272868
82699  -23.689  17.592  50.950 0.5272727013
82700  -23.713  17.002  50.465 0.5272727013
82701  -23.615  17.655  49.990 0.5090909004
82702  -23.468  17.757  49.068 0.5272727013
82703  -23.414  18.365  49.594 0.5090909004
82704  -23.147  19.031  49.214 0.5272727013
82705  -23.465  18.970  50.123 0.5272727013
82707  -23.530  20.331  51.173 0.4909090996
82711  -19.532  2.201  56.795 0.4727272689
82712  -19.773  2.606  56.071 0.5090909004
82713  -19.788  3.084  56.660 0.5090909004
82714  -20.012  4.968  56.883 0.5454545617
82715  -20.070  4.625  56.278 0.5454545617
82716  -19.970  5.369  56.148 0.5636363626
82717  -19.809  5.729  55.386 0.5636363626
82718  -19.751  6.078  55.918 0.5454545617
82720  -19.936  6.143  58.476 0.5636363626
82721  -19.867  6.866  58.218 0.5454545617
82722  -19.503  8.344  56.372 0.6181818247
82723  -19.586  7.577  56.769 0.5636363626
82724  -19.412  7.947  55.923 0.6181818247
82725  -19.325  7.536  55.416 0.6000000238
82726  -19.258  8.302  55.039 0.6909090877
82727  -19.147  8.684  54.228 0.6909090877
82728  -19.171  9.051  54.680 0.6909090877
82729  -19.284  11.167  54.384 0.6545454264
82730  -19.216  10.666  53.989 0.6727272868
82731  -19.279  11.544  53.682 0.6181818247
82732  -19.400  11.893  53.096 0.6727272868
82733  -19.415  12.394  53.501 0.6181818247
82749  -19.562  12.861  56.257 0.5090909004
82750  -19.511  12.418  55.708 0.5454545617
82751  -19.513  13.321  55.581 0.5636363626
82752  -19.875  15.017  54.612 0.5818181634
82753  -19.656  14.181  54.474 0.5818181634
82754  -19.827  14.549  54.019 0.6000000238
82755  -19.773  14.098  53.457 0.6181818247
82756  -20.018  14.837  53.613 0.6000000238
82757  -20.240  15.109  53.246 0.5636363626
82758  -20.362  15.605  53.829 0.6000000238
82759  -21.039  17.509  54.644 0.4727272689
82760  -21.045  16.985  54.140 0.5636363626
82761  -21.376  17.529  54.269 0.5636363626
82762  -21.670  17.566  53.801 0.6181818247
82763  -21.664  18.123  54.355 0.6181818247
92305  -31.355  10.421  50.338 0.5454545617
92307  -30.660  9.913  51.058 0.5636363626
92308  -30.182  9.808  50.971 0.5818181634
92966  -20.167  2.055  53.001 0.4363636374
92967  -20.466  2.808  52.951 0.5090909004
92968  -20.195  2.480  53.586 0.4727272689
92969  -20.205  2.908  54.134 0.5090909004
92970  -20.223  3.351  54.670 0.5272727013
94036  -27.922  16.231  39.838 0.4181818068
94037  -25.051  12.583  43.041 0.6363636255
94038  -24.901  13.011  42.693 0.5636363626
94039  -24.539  13.150  43.064 0.5636363626
94040  -24.113  13.770  43.149 0.5636363626
94041  -23.814  14.458  43.322 0.5454545617
94042  -23.434  15.207  43.547 0.5636363626
94043  -23.694  14.655  43.887 0.6000000238
94044  -23.610  14.835  44.482 0.6545454264
94045  -23.556  15.007  45.115 0.6545454264
94721  -29.856  1.689  50.477 0.3818181753
94722  -29.490  1.965  50.539 0.3818181753
94843  -29.064  2.229  50.562 0.3818181753
94844  -28.970  1.730  49.909 0.3818181753
94845  -28.537  1.457  49.377 0.3818181753
94846  -28.029  1.182  48.808 0.3818181753
96017  -25.050  6.010  48.994 0.6181818247
96018  -25.099  6.558  49.231 0.6545454264
96019  -24.685  6.371  48.768 0.6727272868
96020  -24.289  6.732  48.547 0.7272727489
96021  -23.895  7.042  48.356 0.7454545498
96022  -20.036  11.680  51.045 0.6727272868
96023  -20.221  11.815  50.662 0.6727272868
96024  -20.272  12.380  51.102 0.6909090877
96025  -20.535  13.057  51.172 0.6909090877
96026  -20.849  13.706  51.341 0.6000000238
96027  -21.166  14.293  51.466 0.6545454264
96028  -20.839  14.185  51.678 0.6000000238
96029  -20.847  14.744  52.131 0.6000000238
96030  -20.826  15.331  52.590 0.5818181634
98226  -32.700  13.316  48.178 0.4181818068
98227  -32.470  13.996  47.465 0.4545454681
98228  -32.221  14.717  46.733 0.4545454681
98229  -31.934  15.332  46.062 0.4545454681
98230  -31.907  14.515  46.249 0.4545454681
98231  -31.448  14.344  45.674 0.4545454681
98232  -30.974  14.174  45.065 0.4727272689
98353  -30.468  14.106  44.414 0.4909090996
98354  -30.779  13.611  45.028 0.5454545617
98355  -30.514  13.088  44.996 0.5272727013
98356  -30.193  12.681  44.809 0.5272727013
98357  -29.822  10.790  46.775 0.6000000238
98358  -29.777  11.106  46.045 0.5818181634
98359  -29.327  10.879  45.907 0.6000000238
98360  -28.797  10.996  45.226 0.6545454264
98361  -28.184  11.126  44.607 0.6545454264
98362  -27.531  11.255  44.120 0.6545454264
98363  -27.745  10.961  44.673 0.6545454264
98364  -27.307  10.871  44.795 0.7090908885
98365  -26.899  10.816  44.995 0.7090908885
100337  -21.539  4.296  48.500 0.6181818247
100338  -21.477  4.894  48.367 0.6545454264
100339  -21.186  4.674  48.845 0.6000000238
100340  -20.821  5.042  49.200 0.6545454264
100341  -20.522  5.415  49.583 0.6909090877
100342  -19.797  5.656  52.225 0.5818181634
100343  -19.736  5.895  51.608 0.5636363626
100344  -19.519  6.380  52.001 0.5636363626
100345  -19.361  7.150  51.750 0.6545454264
100346  -19.331  7.926  51.535 0.7090908885
100347  -19.353  8.666  51.358 0.7090908885
100348  -19.238  8.400  51.949 0.7090908885
100349  -19.184  8.844  52.387 0.6909090877
100350  -19.172  9.359  52.786 0.7090908885
103550  -28.123  13.964  41.805 0.5272727013
103551  -27.786  14.389  41.254 0.4727272689
103552  -27.466  14.010  41.296 0.5272727013
103553  -26.812  14.166  40.834 0.4727272689
103554  -26.068  14.467  40.359 0.4909090996
103555  -23.789  15.151  41.023 0.5454545617
103556  -24.042  15.147  40.558 0.5090909004
103557  -23.509  15.726  40.561 0.4909090996
103558  -23.251  16.313  40.124 0.4909090996
103568  -22.355  17.897  44.880 0.4363636374
103569  -22.081  18.378  44.613 0.4545454681
103570  -22.131  18.556  45.363 0.4363636374
103571  -21.964  19.215  45.828 0.4363636374
103572  -21.856  19.890  46.271 0.4181818068
103573  -21.717  20.574  46.767 0.4363636374
103574  -21.971  20.073  47.028 0.4000000060
103575  -22.160  20.183  47.820 0.4000000060
103576  -22.454  20.331  48.611 0.4363636374
105971  -27.746  3.570  50.678 0.4545454681
105972  -27.898  4.112  51.236 0.4363636374
105973  -27.501  3.926  50.502 0.4727272689
105974  -27.239  4.253  50.360 0.4727272689
105975  -26.936  4.596  50.194 0.4727272689
105976  -26.579  4.914  50.079 0.4909090996
105977  -26.557  4.402  49.506 0.5272727013
105978  -26.173  4.108  48.854 0.5818181634
105979  -25.770  3.973  48.348 0.5818181634
105980  -26.514  -0.973  46.184 0.4000000060
105981  -26.707  -0.408  46.635 0.4181818068
105982  -26.190  -0.670  46.215 0.3818181753
105983  -25.917  -0.429  46.223 0.4727272689
105984  -25.665  0.061  46.219 0.4909090996
105985  -23.462  -0.265  46.270 0.5272727013
105986  -24.017  0.025  46.151 0.5090909004
105987  -23.696  0.407  46.441 0.5636363626
105988  -23.954  1.064  46.551 0.5636363626
105989  -24.246  1.745  46.634 0.5636363626
105990  -24.445  2.382  46.901 0.5636363626
105991  -23.832  2.115  46.843 0.6000000238
105992  -23.520  2.414  47.034 0.5818181634
105993  -23.196  2.663  47.283 0.6000000238
105994  -22.854  2.994  47.473 0.6000000238
105995  -22.752  2.429  47.476 0.5636363626
105996  -22.302  2.153  47.745 0.5454545617
105997  -21.932  1.968  48.139 0.5090909004
106003  -20.334  0.767  50.910 0.4000000060
109492  -28.205  8.763  52.013 0.5090909004
109493  -27.993  9.065  51.434 0.6000000238
109494  -27.905  9.239  50.731 0.6181818247
109495  -25.656  9.025  49.347 0.6909090877
109496  -26.262  9.266  49.494 0.6909090877
109497  -25.968  9.551  49.045 0.7272727489
109498  -26.266  9.973  48.682 0.7272727489
109499  -26.398  10.279  48.195 0.6909090877
109500  -26.430  10.448  47.420 0.7454545498
109501  -25.981  10.522  47.758 0.7454545498
109502  -25.549  10.811  47.449 0.7636363506
109503  -25.118  11.179  47.470 0.8000000119
109504  -21.453  7.370  48.230 0.7454545498
109505  -21.940  7.475  48.142 0.7454545498
109506  -21.523  7.980  48.282 0.7454545498
109507  -21.604  8.644  48.386 0.7454545498
109508  -21.754  9.326  48.548 0.7272727489
109509  -21.641  12.131  49.730 0.6909090877
109510  -21.759  11.598  49.388 0.7272727489
109511  -22.141  12.170  49.587 0.7454545498
109512  -22.708  12.155  49.540 0.6909090877
109513  -23.222  12.137  49.304 0.7636363506
109514  -23.704  12.234  48.815 0.7636363506
109515  -23.598  12.721  49.087 0.7272727489
109516  -23.879  13.222  48.673 0.7272727489
109517  -24.028  13.703  48.191 0.7636363506
109518  -24.024  14.174  47.672 0.7272727489
109519  -23.989  14.268  48.460 0.7272727489
109520  -23.912  14.858  48.901 0.7090908885
109521  -23.834  15.410  49.199 0.6909090877
109522  -22.624  16.346  51.911 0.6909090877
109523  -23.143  16.336  51.527 0.6545454264
109524  -23.111  16.874  51.954 0.6545454264
109525  -23.486  17.483  51.763 0.5272727013
109526  -23.715  18.163  51.435 0.5090909004
109527  -23.658  18.899  51.013 0.5090909004
109528  -23.728  18.772  51.931 0.4909090996
109531  -19.616  3.136  57.965 0.4727272689
109532  -19.791  3.544  57.261 0.5272727013
109533  -19.810  3.948  57.816 0.5454545617
109534  -19.928  4.726  57.646 0.5090909004
109535  -19.939  5.386  57.439 0.5454545617
109537  -19.829  7.670  57.908 0.5454545617
109538  -19.786  8.421  57.576 0.5636363626
109539  -19.550  8.817  56.763 0.6181818247
109540  -19.414  9.109  55.937 0.6727272868
109541  -19.224  9.476  55.096 0.6545454264
109542  -19.337  9.884  55.494 0.6545454264
109543  -19.350  10.721  55.141 0.6545454264
109544  -19.358  11.626  54.801 0.6363636255
109557  -19.967  15.449  55.227 0.5090909004
109558  -20.145  15.901  54.806 0.5454545617
109559  -20.421  16.134  54.377 0.5090909004
109560  -20.520  16.672  54.999 0.4545454681
109561  -20.815  17.399  55.090 0.4181818068
109562  -21.006  18.057  55.172 0.4000000060
115442  -32.320  12.008  48.550 0.4363636374
115443  -31.908  12.038  47.909 0.4727272689
115537  -31.449  12.120  47.034 0.4727272689
115538  -31.588  11.637  47.837 0.4909090996
115539  -31.146  11.313  47.746 0.4909090996
115540  -30.715  10.988  47.627 0.5818181634
115541  -31.072  10.507  49.467 0.5272727013
115542  -30.684  10.651  48.426 0.6000000238
115543  -30.273  10.723  47.630 0.5818181634
115544  -29.814  10.515  47.510 0.6000000238
115545  -29.362  10.398  47.417 0.6363636255
115546  -28.927  10.261  47.434 0.7090908885
117080  -20.953  3.314  50.663 0.5454545617
117081  -20.866  3.979  50.519 0.5636363626
117082  -20.820  3.748  51.158 0.5272727013
117083  -20.629  4.135  51.596 0.5454545617
117084  -20.405  4.526  52.011 0.5454545617
117085  -20.575  3.566  52.853 0.5090909004
117086  -20.472  4.306  52.684 0.5454545617
117087  -20.149  4.966  52.457 0.5454545617
117088  -19.869  5.453  52.933 0.5454545617
117089  -19.640  5.864  53.352 0.5454545617
117090  -19.419  6.358  53.837 0.5636363626
119579  -26.655  12.783  42.101 0.5454545617
119580  -26.334  13.258  41.604 0.5272727013
119581  -25.946  13.088  41.787 0.5272727013
119582  -25.282  13.514  41.574 0.5636363626
119583  -24.668  14.029  41.503 0.5454545617
119584  -24.654  13.559  42.318 0.5636363626
119585  -24.389  14.084  41.909 0.5636363626
119586  -24.097  14.613  41.480 0.5272727013
119587  -23.558  15.240  41.509 0.5454545617
119588  -23.142  15.888  41.639 0.5090909004
119589  -22.719  16.550  41.855 0.4909090996
119590  -22.366  17.240  42.160 0.4909090996
119591  -22.611  16.731  42.483 0.4727272689
119592  -22.542  16.907  43.159 0.4545454681
119593  -22.570  17.059  43.835 0.4909090996
119594  -23.154  15.978  43.752 0.5636363626
119595  -22.867  16.585  44.103 0.4727272689
119596  -22.621  17.207  44.485 0.4727272689
119597  -22.669  17.416  45.159 0.4727272689
119598  -22.785  17.542  45.902 0.5090909004
119599  -22.879  17.715  46.592 0.5454545617
121171  -30.800  1.970  51.610 0.3636363745
121462  -28.369  3.361  51.378 0.4363636374
121463  -28.710  2.507  50.678 0.4000000060
121464  -28.267  2.786  50.731 0.4181818068
121465  -27.940  3.205  50.786 0.4545454681
121466  -27.596  3.021  50.067 0.4545454681
121467  -27.246  2.899  49.381 0.4727272689
121468  -26.891  2.744  48.756 0.4727272689
121475  -23.029  -1.638  46.010 0.4909090996
121476  -23.227  -0.926  46.116 0.4909090996
121477  -22.952  -0.596  46.464 0.4909090996
121478  -22.671  -0.169  46.756 0.5090909004
121479  -22.410  0.268  47.075 0.5272727013
121480  -22.195  0.678  47.442 0.5090909004
121481  -21.991  -0.023  47.419 0.4909090996
124199  -26.691  7.128  51.176 0.4909090996
124200  -26.832  7.801  51.006 0.5272727013
124201  -26.391  7.493  50.773 0.5272727013
124202  -26.073  7.843  50.288 0.5272727013
124203  -25.827  8.152  49.896 0.6000000238
124204  -25.231  7.156  49.460 0.6181818247
124205  -25.348  7.817  49.597 0.6000000238
124206  -25.487  8.408  49.548 0.6727272868
124207  -25.110  8.696  49.239 0.7272727489
124208  -24.705  9.041  49.006 0.7454545498
124209  -24.389  9.413  48.842 0.7818182111
124210  -20.331  9.546  49.439 0.7272727489
124211  -20.653  9.611  49.139 0.7090908885
124212  -20.498  10.211  49.439 0.6909090877
124213  -20.700  10.860  49.552 0.6909090877
124214  -20.938  11.511  49.696 0.6909090877
124215  -20.533  11.989  50.388 0.6909090877
124216  -20.878  12.096  50.141 0.6909090877
124217  -21.214  12.124  49.903 0.7090908885
124218  -21.607  12.719  50.147 0.6727272868
124219  -22.043  13.300  50.418 0.7090908885
124220  -22.484  13.851  50.568 0.6909090877
124221  -22.938  14.299  50.656 0.6909090877
124222  -22.413  14.337  50.926 0.7272727489
124223  -22.363  14.853  51.261 0.6909090877
124224  -22.329  15.340  51.550 0.7272727489
124225  -21.528  14.886  51.640 0.6727272868
124226  -21.890  15.402  51.777 0.6909090877
124227  -22.219  15.873  51.867 0.6909090877
124228  -22.175  16.399  52.191 0.7272727489
124229  -22.205  16.963  52.587 0.7272727489
124230  -22.238  17.510  52.983 0.6727272868
129289  -32.232  17.686  45.876 0.3454545438
129290  -31.868  17.341  45.356 0.3272727132
129292  -31.684  15.846  45.469 0.4181818068
129293  -31.418  16.300  44.888 0.4181818068
129553  -29.225  15.809  41.914 0.4363636374
129554  -29.521  15.448  42.542 0.4545454681
129555  -29.330  14.917  42.496 0.4727272689
129556  -28.994  14.464  42.444 0.4909090996
129557  -29.914  14.103  43.733 0.5090909004
129558  -29.341  14.010  43.110 0.5090909004
129559  -28.769  13.931  42.471 0.4909090996
129560  -28.454  13.545  42.418 0.5454545617
129561  -28.126  13.094  42.430 0.5272727013
129562  -27.750  12.794  42.459 0.5818181634
129563  -30.973  12.163  46.233 0.5090909004
129564  -30.393  12.198  45.439 0.5454545617
129565  -29.881  12.199  44.821 0.5454545617
129566  -29.642  11.506  45.318 0.5818181634
129567  -29.463  11.875  44.698 0.5818181634
129568  -29.259  12.256  44.113 0.5818181634
129569  -28.668  12.306  43.476 0.6000000238
129570  -28.049  12.380  42.980 0.6000000238
129571  -27.344  12.574  42.497 0.5818181634
129572  -26.886  12.340  42.564 0.6000000238
129573  -26.449  12.164  42.721 0.6000000238
129574  -26.034  12.113  42.860 0.6181818247
129575  -26.883  11.480  43.616 0.6727272868
129576  -26.235  11.723  43.330 0.6545454264
129577  -25.602  12.108  43.145 0.6363636255
129578  -25.239  12.173  43.437 0.6363636255
129579  -24.925  12.304  43.861 0.6545454264
129580  -24.653  12.474  44.311 0.6909090877
131263  -28.567  0.244  48.113 0.3454545438
133742  -23.246  5.175  47.706 0.6909090877
133743  -23.293  5.748  47.829 0.6909090877
133744  -22.704  5.508  47.753 0.7090908885
133745  -22.296  5.880  47.819 0.7272727489
133746  -21.851  6.328  48.012 0.7272727489
133747  -21.437  5.485  48.279 0.7090908885
133748  -21.417  6.117  48.216 0.6909090877
133749  -21.396  6.765  48.197 0.7090908885
133750  -21.047  7.249  48.485 0.7454545498
133751  -20.735  7.739  48.818 0.7454545498
133752  -20.438  8.230  49.138 0.7272727489
133753  -20.609  4.596  50.344 0.5818181634
133754  -20.370  5.242  50.163 0.5818181634
133755  -20.204  5.910  49.984 0.6181818247
133756  -19.765  6.101  50.971 0.5818181634
133757  -19.891  6.429  50.343 0.6545454264
133758  -20.098  6.586  49.801 0.6545454264
133759  -20.067  7.355  49.667 0.7454545498
133760  -20.119  8.084  49.556 0.7272727489
133761  -20.219  8.822  49.470 0.7454545498
133762  -20.010  9.384  49.813 0.7272727489
133763  -19.894  9.935  50.202 0.7090908885
133764  -19.805  10.491  50.584 0.7272727489
133765  -19.450  9.485  51.203 0.7272727489
133766  -19.572  10.284  51.065 0.6909090877
133767  -19.743  10.923  50.995 0.6909090877
133768  -19.770  11.483  51.390 0.6545454264
133769  -19.820  11.915  51.795 0.6727272868
133770  -19.718  12.480  52.139 0.6545454264
140429  -28.694  15.757  41.228 0.4545454681
140430  -28.156  15.744  40.510 0.4545454681
140431  -27.515  15.767  39.845 0.4545454681
140432  -27.433  14.880  40.608 0.4545454681
140433  -27.099  15.401  39.938 0.4363636374
140438  -26.001  13.764  41.105 0.5272727013
140439  -25.668  14.290  40.596 0.5272727013
140440  -25.316  14.837  40.026 0.4727272689
140441  -24.338  15.223  40.125 0.5090909004
140442  -24.674  15.306  39.794 0.4727272689
140443  -25.011  15.463  39.432 0.4363636374
140465  -22.049  17.928  42.512 0.4727272689
140466  -21.823  18.591  42.909 0.4545454681
140467  -21.675  19.301  43.293 0.3818181753
140468  -21.818  18.889  44.326 0.4545454681
140469  -21.664  19.432  44.002 0.4181818068
140470  -21.526  19.992  43.642 0.3636363745
140471  -21.412  20.675  44.052 0.3636363745
140477  -21.650  21.279  47.190 0.3818181753
140478  -21.631  21.915  47.725 0.3818181753
140480  -21.910  22.854  49.010 0.3454545438
140484  -19.445  1.300  55.545 0.3818181753
140487  -19.351  1.755  57.426 0.3818181753
140490  -19.391  2.248  58.044 0.4363636374
140491  -19.502  2.675  58.657 0.4545454681
140492  -19.555  3.080  59.215 0.4545454681
140493  -19.641  3.490  59.754 0.4545454681
140500  -19.377  2.267  60.566 0.4000000060
140501  -19.636  3.127  60.395 0.4000000060
145348  -27.360  7.147  51.869 0.4727272689
145352  -28.015  4.675  51.678 0.4181818068
145353  -28.030  5.238  52.087 0.4545454681
145355  -27.686  6.179  52.103 0.3818181753
145356  -27.313  6.550  51.800 0.4727272689
145357  -27.045  6.861  51.350 0.4727272689
145358  -26.616  6.571  51.078 0.5272727013
145359  -26.253  6.262  50.559 0.5636363626
145360  -25.856  5.947  49.863 0.5636363626
145361  -26.223  5.143  49.768 0.5090909004
145362  -25.841  5.452  49.564 0.5636363626
145363  -25.482  5.747  49.326 0.5818181634
145364  -25.055  5.558  48.783 0.6000000238
145365  -24.648  5.294  48.345 0.6363636255
145366  -24.191  5.104  47.977 0.6727272868
145367  -28.199  0.347  48.095 0.4000000060
145368  -27.902  0.625  48.180 0.3818181753
145369  -27.569  1.051  48.257 0.4181818068
145370  -26.902  0.175  47.126 0.4727272689
145371  -27.084  0.705  47.603 0.4727272689
145372  -27.279  1.347  48.266 0.4363636374
145373  -27.018  1.712  48.200 0.4727272689
145374  -26.736  2.131  48.192 0.4909090996
145375  -26.443  2.478  48.104 0.4909090996
145376  -24.846  -0.999  45.703 0.4727272689
145377  -25.112  -0.359  45.956 0.5090909004
145378  -25.368  0.298  46.239 0.5272727013
145379  -24.555  0.383  46.214 0.5454545617
145380  -25.138  0.751  46.336 0.5272727013
145381  -25.650  0.968  46.583 0.4909090996
145382  -25.869  1.610  47.069 0.5272727013
145383  -26.080  2.248  47.567 0.5454545617
145384  -26.280  2.869  48.086 0.5090909004
145385  -25.962  3.139  47.933 0.5272727013
145386  -25.704  3.466  47.914 0.5272727013
145387  -25.310  3.760  47.867 0.5636363626
145388  -24.639  2.933  47.235 0.5636363626
145389  -24.803  3.440  47.582 0.5818181634
145390  -24.904  4.002  47.898 0.6181818247
145391  -24.486  4.249  47.816 0.6545454264
145392  -24.113  4.602  47.746 0.6727272868
145393  -23.695  4.920  47.709 0.6545454264
145394  -23.146  4.652  47.583 0.6909090877
145395  -22.633  4.442  47.648 0.6909090877
145396  -22.237  4.239  47.854 0.6363636255
145397  -22.532  3.317  47.700 0.6000000238
145398  -22.210  3.701  47.903 0.6000000238
145399  -21.859  3.970  48.175 0.6181818247
145400  -21.625  3.806  48.635 0.6000000238
145401  -21.446  3.480  49.180 0.5454545617
145402  -21.286  3.267  49.665 0.5454545617
145403  -21.972  0.974  47.787 0.5090909004
145404  -21.786  1.326  48.180 0.4909090996
145405  -21.634  1.679  48.570 0.5090909004
145406  -21.115  0.803  49.008 0.4545454681
145407  -21.299  1.450  48.981 0.4363636374
145408  -21.476  2.067  48.947 0.5090909004
145409  -21.346  2.407  49.319 0.5272727013
145410  -21.237  2.695  49.714 0.5272727013
145411  -21.058  2.972  50.191 0.5090909004
145412  -20.888  2.752  50.725 0.5454545617
145413  -20.721  2.355  51.299 0.4727272689
145414  -20.445  2.080  51.893 0.4363636374
145415  -20.197  1.043  51.389 0.3636363745
145416  -20.184  1.399  51.962 0.3818181753
145417  -20.161  1.718  52.459 0.3818181753
152418  -29.690  9.698  50.908 0.5454545617
152419  -28.994  9.296  51.705 0.6000000238
152420  -29.243  9.536  50.912 0.5818181634
152421  -29.472  9.797  50.006 0.6000000238
152422  -29.217  9.875  49.161 0.6181818247
152423  -28.856  10.062  48.321 0.6727272868
152424  -28.515  10.113  47.554 0.7090908885
152425  -27.059  8.467  50.810 0.5636363626
152426  -27.395  9.031  50.546 0.6363636255
152427  -27.732  9.447  50.036 0.6363636255
152428  -26.909  9.426  49.553 0.6363636255
152429  -27.433  9.624  49.467 0.6909090877
152430  -27.930  9.760  49.348 0.6545454264
152431  -28.048  9.912  48.583 0.6909090877
152432  -28.108  10.060  47.709 0.7090908885
152433  -28.112  10.230  46.845 0.6727272868
152434  -27.662  10.386  46.281 0.6909090877
152435  -27.108  10.577  45.774 0.7272727489
152436  -26.526  10.833  45.327 0.7090908885
152437  -26.341  10.667  46.538 0.7272727489
152438  -26.172  10.893  45.743 0.7454545498
152439  -25.935  11.144  45.059 0.7090908885
152440  -25.367  11.572  44.873 0.6909090877
152441  -24.875  12.056  44.840 0.7090908885
152442  -24.473  12.571  44.863 0.7272727489
152443  -23.322  6.355  47.971 0.6909090877
152444  -23.364  6.958  48.091 0.7454545498
152445  -23.407  7.517  48.226 0.7454545498
152446  -22.428  7.682  48.075 0.7454545498
152447  -22.927  7.864  48.211 0.7454545498
152448  -23.456  8.011  48.407 0.7272727489
152449  -23.595  8.562  48.610 0.7454545498
152450  -23.793  9.184  48.765 0.7454545498
152451  -23.988  9.845  48.828 0.8000000119
152452  -21.022  9.714  48.896 0.6909090877
152453  -21.452  9.824  48.737 0.7272727489
152454  -21.942  9.904  48.708 0.7272727489
152455  -21.934  11.021  49.123 0.7272727489
152456  -22.167  10.444  48.867 0.7454545498
152457  -22.461  9.931  48.725 0.7636363506
152458  -23.049  9.990  48.811 0.7636363506
152459  -23.641  10.212  48.880 0.7818182111
152460  -24.239  10.414  48.645 0.8000000119
152461  -24.475  10.866  48.386 0.8000000119
152462  -24.644  11.272  47.959 0.7818182111
152463  -24.718  11.649  47.397 0.7818182111
152464  -24.100  12.200  48.186 0.7636363506
152465  -24.468  12.102  47.515 0.7818182111
152466  -24.723  11.958  46.809 0.8000000119
152467  -24.567  12.321  46.161 0.7818182111
152468  -24.364  12.718  45.597 0.8000000119
152469  -24.173  13.113  45.083 0.7818182111
152470  -23.910  13.789  45.273 0.7090908885
152471  -23.739  14.424  45.561 0.7090908885
152472  -23.588  15.151  45.832 0.6727272868
152473  -23.869  14.652  47.147 0.6727272868
152474  -23.641  15.203  46.681 0.6727272868
152475  -23.458  15.823  46.226 0.6000000238
152476  -23.302  16.465  46.604 0.5818181634
152477  -23.170  17.137  47.016 0.5454545617
152478  -23.043  17.787  47.440 0.5090909004
152479  -23.395  14.767  50.522 0.6909090877
152480  -23.764  15.280  50.145 0.6909090877
152481  -23.801  15.888  49.602 0.6727272868
152482  -23.610  16.298  50.978 0.6909090877
152483  -23.755  16.452  50.026 0.5818181634
152484  -23.682  16.492  49.085 0.5454545617
152485  -23.490  17.110  48.646 0.5454545617
152486  -23.247  17.785  48.248 0.5272727013
152487  -22.963  18.471  47.897 0.5454545617
152488  -22.889  19.048  48.366 0.5272727013
152489  -22.828  19.652  48.911 0.4727272689
152490  -22.835  20.409  49.495 0.4727272689
152491  -23.508  19.620  50.654 0.5090909004
152492  -23.211  20.353  50.317 0.5090909004
152493  -22.857  21.088  50.027 0.4545454681
152494  -22.933  21.846  50.556 0.4181818068
152497  -19.713  2.144  55.441 0.4545454681
152498  -20.021  3.020  55.338 0.5090909004
152499  -20.148  3.806  55.212 0.5090909004
152500  -20.008  3.850  56.488 0.5272727013
152501  -20.083  4.241  55.757 0.5272727013
152502  -20.189  4.557  55.009 0.5636363626
152503  -19.969  5.328  54.835 0.5818181634
152504  -19.629  6.023  54.589 0.5454545617
152505  -19.346  6.735  54.317 0.5818181634
152506  -19.925  5.469  58.657 0.5090909004
152507  -19.909  5.741  57.949 0.5636363626
152508  -19.808  6.128  57.261 0.5454545617
152509  -19.728  7.282  57.515 0.5272727013
152510  -19.672  6.849  57.072 0.5454545617
152511  -19.687  6.469  56.485 0.5818181634
152512  -19.499  6.781  55.685 0.5818181634
152513  -19.306  7.153  54.869 0.5818181634
152514  -19.188  7.487  54.045 0.5818181634
152515  -19.112  8.254  53.754 0.7090908885
152516  -19.138  9.010  53.452 0.6909090877
152517  -19.130  9.748  53.187 0.7090908885
152518  -19.116  9.883  54.297 0.6545454264
152519  -19.174  10.236  53.549 0.6909090877
152520  -19.234  10.585  52.916 0.6181818247
152521  -19.400  11.421  52.745 0.6545454264
152522  -19.543  12.204  52.593 0.6909090877
152523  -19.688  12.995  52.538 0.6909090877
152541  -19.685  11.048  56.706 0.5090909004
152542  -19.598  11.575  56.028 0.5454545617
152543  -19.460  12.052  55.258 0.5818181634
152544  -19.360  12.539  54.556 0.5636363626
152545  -19.528  13.788  55.014 0.6181818247
152546  -19.497  13.387  54.478 0.5818181634
152547  -19.424  12.872  53.937 0.6000000238
152548  -19.563  13.261  53.442 0.6181818247
152549  -19.673  13.544  52.981 0.6363636255
152550  -19.914  13.820  52.586 0.6909090877
152551  -20.179  14.526  52.708 0.5818181634
152552  -20.546  15.223  52.927 0.6000000238
152553  -20.865  15.896  53.091 0.5818181634
152554  -20.706  16.369  54.011 0.6000000238
152555  -20.962  16.435  53.601 0.5818181634
152556  -21.253  16.484  53.215 0.6000000238
152557  -21.631  16.985  53.324 0.6545454264
152558  -21.912  17.557  53.417 0.6545454264
152559  -22.285  18.163  53.467 0.6000000238
152562  -21.223  18.720  55.237 0.4181818068
152565  -21.587  18.757  54.830 0.4909090996
3982  -30.836  1.256  50.839 0.3272727132
