#!ascii label  , from subject fsaverage vox2ras=TkReg
304
460  -38.476  27.985  33.638 0.3636363745
1009  -39.689  24.856  36.305 0.4727272689
1542  -35.952  24.531  40.976 0.3636363745
2035  -34.580  27.355  37.669 0.5272727013
2929  -39.745  23.323  37.943 0.3818181753
4465  -34.080  26.141  41.385 0.3636363745
4466  -35.017  25.396  38.703 0.4181818068
4467  -33.379  27.282  39.801 0.4363636374
4469  -32.118  31.037  37.621 0.3818181753
6422  -42.287  25.915  35.560 0.3818181753
6423  -39.235  26.690  35.337 0.4363636374
8677  -37.201  23.930  38.174 0.4000000060
8678  -36.725  25.679  36.235 0.5090909004
8679  -36.527  27.672  35.736 0.4727272689
8680  -32.867  29.046  39.169 0.4000000060
8681  -34.291  29.286  36.987 0.3636363745
8682  -36.044  28.818  34.125 0.4000000060
12142  -39.440  28.143  32.724 0.3636363745
12144  -38.115  28.385  32.605 0.3818181753
12145  -33.181  26.715  41.396 0.3636363745
12146  -33.777  26.623  40.345 0.4181818068
12147  -32.849  27.207  40.703 0.4000000060
14540  -41.075  24.567  36.497 0.4000000060
14542  -41.096  25.450  35.979 0.4363636374
14543  -40.801  26.368  35.496 0.4000000060
14544  -39.571  25.850  35.815 0.4545454681
19150  -36.898  23.858  40.614 0.3636363745
19151  -37.545  23.524  39.300 0.3818181753
19152  -36.452  24.157  39.581 0.4181818068
19153  -34.704  26.321  37.966 0.4545454681
19154  -35.665  25.378  37.256 0.4727272689
19155  -35.487  26.484  36.846 0.5090909004
19156  -36.620  26.781  35.911 0.4909090996
19157  -35.451  27.435  36.612 0.5454545617
19160  -31.938  29.849  39.204 0.4000000060
19161  -32.755  30.708  36.225 0.3636363745
19162  -33.174  30.170  37.445 0.3818181753
19163  -33.879  29.646  35.842 0.4000000060
19164  -35.077  28.950  35.501 0.4000000060
19165  -34.645  29.259  34.389 0.3818181753
19166  -35.706  29.093  32.887 0.3636363745
23702  -40.945  23.756  37.213 0.4181818068
23703  -39.692  24.028  37.019 0.4545454681
26467  -34.977  25.322  41.360 0.3818181753
26468  -35.445  24.874  39.851 0.4545454681
26469  -34.573  25.718  40.072 0.4000000060
26470  -34.147  26.432  39.185 0.4545454681
26471  -33.898  27.306  38.736 0.5090909004
26475  -31.921  31.589  36.474 0.3454545438
30345  -38.869  27.472  34.640 0.3454545438
32797  -34.392  25.657  42.613 0.3636363745
36283  -38.642  23.086  39.030 0.3636363745
36284  -38.517  23.599  37.991 0.4000000060
36285  -38.383  24.290  37.015 0.4363636374
36286  -36.046  24.605  38.341 0.4545454681
36287  -36.894  24.628  37.030 0.4909090996
36288  -38.211  25.161  36.194 0.4727272689
36289  -37.925  26.145  35.727 0.5090909004
36290  -37.794  27.134  35.317 0.4000000060
36291  -37.493  27.917  34.717 0.4000000060
36292  -32.454  27.850  40.108 0.4181818068
36293  -33.092  28.117  39.471 0.4545454681
36294  -33.727  28.253  38.565 0.4909090996
36295  -32.548  30.154  38.486 0.4000000060
36296  -33.582  29.279  38.289 0.4000000060
36297  -34.388  28.378  37.631 0.4363636374
36298  -35.346  28.390  36.325 0.4181818068
36299  -36.321  28.474  35.135 0.4363636374
36300  -37.222  28.404  33.797 0.4000000060
36301  -36.898  28.685  32.692 0.3636363745
42861  -39.651  27.930  33.257 0.3454545438
42862  -38.970  28.076  33.136 0.3818181753
42863  -38.764  28.282  32.635 0.3636363745
42864  -38.289  28.195  33.115 0.3636363745
42866  -33.022  26.965  41.011 0.4000000060
45260  -40.382  24.777  36.378 0.3818181753
45261  -41.126  24.997  36.208 0.4000000060
45262  -40.383  25.215  36.107 0.4363636374
45263  -40.334  25.655  35.894 0.4727272689
45264  -39.658  25.323  36.039 0.4545454681
49870  -36.443  24.207  40.836 0.3636363745
49871  -36.665  24.016  40.072 0.4000000060
49872  -36.195  24.333  40.284 0.4000000060
49873  -34.645  26.842  37.762 0.5090909004
49874  -35.065  26.384  37.390 0.5272727013
49875  -35.017  26.923  37.249 0.5454545617
49876  -35.466  26.996  36.718 0.5454545617
49877  -34.976  27.445  37.162 0.5636363626
49880  -31.470  30.070  39.004 0.3636363745
49881  -33.069  30.338  35.431 0.3818181753
49882  -33.294  30.159  36.026 0.4000000060
49883  -33.617  29.843  35.266 0.4000000060
49884  -34.231  29.431  35.108 0.4181818068
54860  -40.320  23.140  37.995 0.3454545438
54861  -40.898  23.361  37.613 0.3454545438
54862  -40.339  23.556  37.560 0.4000000060
54863  -40.322  23.936  37.111 0.4181818068
54864  -39.705  23.655  37.455 0.4363636374
59465  -38.406  28.712  31.488 0.3454545438
59470  -34.517  25.761  41.386 0.4000000060
59471  -34.786  25.494  40.680 0.4363636374
59472  -34.372  25.943  40.749 0.4181818068
59473  -33.570  26.933  40.044 0.4363636374
59474  -33.959  26.523  39.789 0.4000000060
59475  -33.786  26.874  39.523 0.4000000060
59476  -33.991  26.880  38.921 0.4545454681
59477  -33.628  27.239  39.289 0.4727272689
59484  -32.294  31.308  35.718 0.3818181753
66658  -42.385  25.473  35.859 0.3818181753
66660  -43.044  25.650  35.637 0.3454545438
66662  -42.911  26.073  35.266 0.3636363745
66665  -40.003  26.509  35.427 0.4000000060
66666  -40.573  26.729  35.190 0.3636363745
66667  -39.823  26.890  35.134 0.3818181753
66668  -39.574  27.246  34.746 0.3636363745
66669  -39.061  27.078  35.031 0.3636363745
80485  -38.204  22.806  40.247 0.3636363745
80487  -38.222  23.063  39.713 0.3818181753
80488  -37.356  23.721  38.758 0.4181818068
80489  -37.963  23.494  38.613 0.4000000060
80490  -37.828  23.717  38.069 0.4000000060
80491  -38.421  23.905  37.506 0.4181818068
80492  -37.790  24.031  37.478 0.4363636374
80493  -35.177  25.097  39.254 0.4545454681
80494  -35.725  24.706  39.101 0.4545454681
80495  -35.506  24.986  38.466 0.4545454681
80496  -36.127  25.503  36.740 0.5090909004
80497  -36.215  24.955  37.155 0.4727272689
80498  -36.779  25.125  36.598 0.4727272689
80499  -37.528  24.875  36.511 0.4909090996
80500  -37.448  25.393  36.155 0.4909090996
80501  -38.030  25.634  35.933 0.5090909004
80502  -37.324  25.876  35.907 0.4909090996
80503  -36.575  27.262  35.826 0.4727272689
80504  -37.213  26.953  35.608 0.4727272689
80505  -37.138  27.400  35.490 0.4181818068
80506  -37.661  27.548  35.049 0.3636363745
80507  -36.999  27.798  35.206 0.4000000060
80509  -32.105  27.611  40.264 0.4181818068
80511  -32.534  28.937  39.553 0.4363636374
80512  -32.688  28.445  39.698 0.4363636374
80513  -32.982  28.554  39.333 0.4181818068
80514  -33.391  28.174  39.013 0.4727272689
80515  -33.325  28.654  38.912 0.4545454681
80516  -31.848  31.082  38.104 0.3818181753
80517  -32.063  30.612  38.478 0.3818181753
80519  -33.743  29.698  37.197 0.3818181753
80520  -33.444  29.769  37.940 0.3636363745
80521  -33.936  29.318  37.687 0.3636363745
80522  -34.006  28.842  37.938 0.4181818068
80523  -34.427  28.926  37.377 0.4181818068
80524  -34.878  28.427  36.979 0.4363636374
80525  -34.803  28.843  36.691 0.3636363745
80526  -35.568  28.916  34.832 0.4000000060
80527  -35.695  28.716  35.290 0.4545454681
80528  -36.163  28.681  34.673 0.4000000060
80529  -36.816  28.500  34.501 0.4363636374
80530  -36.647  28.623  33.975 0.4000000060
80531  -37.059  28.554  33.260 0.4181818068
80532  -36.489  28.735  33.413 0.3818181753
92823  -39.770  22.958  38.409 0.3636363745
95584  -39.219  28.386  32.156 0.3636363745
95585  -38.567  28.481  32.080 0.3636363745
95586  -37.957  28.594  32.035 0.3454545438
95587  -33.631  26.489  41.428 0.3636363745
95588  -33.943  26.352  40.794 0.4000000060
95589  -33.496  26.729  40.924 0.4181818068
95590  -33.331  26.979  40.562 0.4181818068
95591  -33.142  27.271  40.257 0.4363636374
99898  -41.689  24.337  36.568 0.4000000060
99899  -42.391  24.504  36.360 0.3636363745
99900  -41.776  24.766  36.278 0.3636363745
99901  -41.787  25.241  36.055 0.3636363745
99902  -41.704  25.699  35.821 0.3818181753
99903  -41.577  26.162  35.565 0.4363636374
99904  -40.962  25.928  35.765 0.4181818068
99905  -40.176  26.116  35.676 0.4181818068
99906  -39.387  26.279  35.597 0.4181818068
108196  -37.370  23.462  40.488 0.3454545438
108197  -37.742  23.339  39.835 0.4000000060
108198  -37.178  23.654  39.925 0.3818181753
108199  -36.987  23.861  39.419 0.4181818068
108200  -36.776  24.045  38.852 0.4727272689
108201  -34.849  25.817  38.287 0.4545454681
108202  -35.309  25.371  37.959 0.4545454681
108203  -35.148  25.855  37.616 0.5090909004
108204  -35.549  25.945  37.023 0.5090909004
108205  -36.056  26.079  36.482 0.5090909004
108206  -36.656  26.241  36.024 0.5272727013
108207  -36.011  26.582  36.347 0.5272727013
108208  -35.996  27.097  36.230 0.4909090996
108209  -35.983  27.550  36.132 0.5090909004
108213  -32.046  29.290  39.510 0.4363636374
108214  -32.395  29.484  39.282 0.4545454681
108215  -32.408  30.980  36.986 0.4000000060
108216  -32.570  30.688  37.543 0.3818181753
108217  -32.935  30.480  36.842 0.4181818068
108218  -33.525  29.960  36.639 0.4000000060
108219  -34.088  29.534  36.463 0.4181818068
108220  -34.655  29.128  36.279 0.4181818068
108221  -34.448  29.277  35.695 0.4000000060
108222  -34.872  29.104  34.970 0.4000000060
108223  -35.381  29.022  34.272 0.4181818068
108224  -35.869  28.932  33.533 0.4000000060
108225  -35.169  29.149  33.623 0.3818181753
116742  -41.602  23.921  36.900 0.3818181753
116743  -40.997  24.158  36.821 0.4000000060
116744  -40.347  24.336  36.717 0.4363636374
116745  -39.708  24.463  36.612 0.4363636374
123193  -35.453  24.917  41.184 0.3454545438
123194  -35.700  24.677  40.423 0.4363636374
123195  -35.224  25.098  40.580 0.4181818068
123196  -34.990  25.283  39.974 0.3818181753
123197  -34.774  25.523  39.398 0.4181818068
123198  -34.155  26.195  40.174 0.4000000060
123199  -34.354  26.024  39.542 0.4181818068
123200  -34.577  25.915  38.910 0.4363636374
123201  -34.398  26.384  38.567 0.4363636374
123202  -34.283  26.847  38.330 0.4909090996
123203  -34.231  27.295  38.179 0.5272727013
123208  -31.667  31.484  37.705 0.3454545438
123210  -31.538  31.788  37.196 0.3454545438
123211  -31.951  31.416  37.125 0.3818181753
123212  -32.316  31.190  36.378 0.3818181753
123213  -32.656  30.845  35.570 0.4000000060
132826  -41.425  26.595  35.222 0.3454545438
132831  -38.656  27.755  34.143 0.3636363745
139586  -36.724  24.030  41.386 0.3454545438
139598  -34.708  25.513  42.005 0.3636363745
139599  -34.224  25.925  42.002 0.3818181753
139601  -33.887  25.963  42.619 0.3636363745
139602  -33.757  26.275  42.003 0.3818181753
149821  -39.103  22.605  39.322 0.3454545438
149823  -39.183  23.157  38.472 0.3636363745
149824  -38.101  23.293  39.157 0.3818181753
149825  -38.584  23.341  38.529 0.3818181753
149826  -39.172  23.458  38.030 0.4000000060
149827  -39.099  23.783  37.480 0.4727272689
149828  -39.052  24.157  37.007 0.4363636374
149829  -39.043  24.578  36.599 0.4727272689
149830  -35.960  24.469  39.726 0.4363636374
149831  -36.251  24.361  38.977 0.4545454681
149832  -36.589  24.276  38.272 0.4545454681
149833  -35.844  24.928  37.716 0.4909090996
149834  -36.403  24.536  37.713 0.4545454681
149835  -37.101  24.205  37.542 0.4545454681
149836  -37.666  24.434  36.955 0.4545454681
149837  -38.312  24.722  36.548 0.4727272689
149838  -38.961  25.034  36.290 0.4727272689
149839  -38.856  25.544  36.046 0.4909090996
149840  -38.725  26.009  35.796 0.4909090996
149841  -38.613  26.459  35.553 0.4727272689
149842  -37.257  26.418  35.734 0.5090909004
149843  -37.890  26.672  35.547 0.4727272689
149844  -38.471  26.903  35.278 0.4363636374
149845  -38.320  27.312  34.939 0.3636363745
149846  -38.171  27.669  34.574 0.3636363745
149847  -38.000  27.926  34.174 0.3454545438
149848  -32.346  27.298  40.614 0.3818181753
149849  -32.627  27.499  40.356 0.4363636374
149850  -32.957  27.634  40.041 0.4363636374
149852  -32.788  28.033  39.880 0.4363636374
149853  -33.242  27.690  39.610 0.4181818068
149854  -33.493  27.692  39.122 0.4727272689
149855  -33.815  27.753  38.613 0.5090909004
149856  -34.138  27.793  38.120 0.5272727013
149857  -31.794  30.401  38.826 0.3636363745
149858  -32.260  30.057  38.904 0.4000000060
149859  -32.730  29.613  38.891 0.4363636374
149860  -32.839  30.213  38.087 0.4000000060
149861  -33.061  29.711  38.484 0.4000000060
149862  -33.215  29.197  38.765 0.4181818068
149863  -33.669  28.771  38.488 0.4181818068
149864  -34.059  28.313  38.067 0.5090909004
149865  -34.492  27.868  37.634 0.5636363626
149866  -34.928  27.925  37.109 0.4909090996
149867  -35.421  27.926  36.516 0.5090909004
149868  -35.946  27.990  36.005 0.5090909004
149869  -35.220  28.744  35.970 0.4181818068
149870  -35.823  28.427  35.691 0.4363636374
149871  -36.439  28.125  35.480 0.4545454681
149872  -36.888  28.162  34.858 0.4363636374
149873  -37.363  28.205  34.306 0.4000000060
149874  -37.820  28.164  33.680 0.4363636374
149875  -37.645  28.360  33.147 0.4000000060
149876  -37.461  28.515  32.589 0.3818181753
2036  -33.441  29.996  34.608 0.3818181753
26476  -32.656  30.909  34.861 0.3454545438
26477  -33.386  30.175  33.191 0.3454545438
49885  -34.036  29.563  34.490 0.3818181753
49886  -34.470  29.368  33.705 0.3818181753
49887  -33.878  29.669  33.812 0.3818181753
123214  -33.031  30.413  34.729 0.3818181753
123215  -33.389  30.100  33.891 0.4000000060
123216  -33.025  30.467  34.025 0.3636363745
149884  -33.857  29.834  33.100 0.4000000060
19158  -31.187  29.140  39.271 0.3636363745
19159  -32.194  28.681  39.685 0.4363636374
49879  -31.589  29.494  39.369 0.4000000060
80508  -31.664  27.686  39.964 0.3454545438
80510  -31.985  28.009  39.958 0.3636363745
108211  -31.823  28.437  39.707 0.3818181753
108212  -31.673  28.923  39.513 0.4000000060
149851  -32.327  28.232  39.888 0.4181818068
