#!ascii label  , from subject fsaverage vox2ras=TkReg
160
394  -37.308  45.252  12.834 0.3636363745
896  -36.822  45.505  17.163 0.3454545438
4128  -36.931  45.364  15.177 0.4727272689
4129  -36.792  43.061  16.770 0.4181818068
6223  -37.548  48.385  13.660 0.3636363745
8262  -38.292  47.541  9.229 0.3636363745
11808  -37.110  45.240  14.015 0.4363636374
11809  -36.336  43.933  14.646 0.4909090996
11810  -36.380  43.866  13.484 0.4727272689
14211  -37.183  48.254  14.811 0.3818181753
18145  -37.095  44.475  17.983 0.3818181753
18146  -36.846  41.868  16.452 0.4181818068
18147  -37.593  42.224  17.527 0.3636363745
18148  -37.959  41.145  17.203 0.3636363745
18166  -38.355  47.894  10.162 0.3454545438
25862  -36.848  45.493  16.147 0.4000000060
25863  -36.874  44.237  16.918 0.4363636374
25864  -36.554  44.060  15.821 0.4363636374
25865  -36.235  42.807  15.614 0.4363636374
29870  -40.942  37.343  21.730 0.3636363745
29878  -36.951  46.880  16.589 0.3818181753
29879  -37.110  46.854  15.587 0.4000000060
29880  -37.347  46.766  14.493 0.3636363745
29881  -37.812  46.714  13.364 0.4181818068
29883  -37.960  48.365  12.416 0.3454545438
29884  -37.171  49.534  11.394 0.3636363745
35058  -37.306  43.435  17.790 0.3818181753
35061  -39.796  40.810  19.572 0.3454545438
35085  -38.143  48.714  8.499 0.3454545438
35087  -38.494  46.052  7.752 0.3454545438
42528  -37.209  45.218  13.418 0.4363636374
42529  -36.752  44.557  13.730 0.4181818068
42530  -36.866  44.555  13.131 0.3818181753
42534  -37.400  45.287  12.277 0.3636363745
48865  -36.925  44.897  17.539 0.3454545438
48866  -36.982  41.324  16.349 0.4181818068
48867  -37.409  41.502  16.821 0.4181818068
48868  -37.533  40.968  16.677 0.3454545438
58463  -36.891  45.406  15.678 0.4545454681
58464  -36.759  44.703  15.960 0.4000000060
58465  -36.712  44.682  15.456 0.4909090996
58467  -36.178  43.347  15.083 0.4363636374
58469  -36.155  42.193  15.496 0.4181818068
65669  -36.932  47.516  16.927 0.3636363745
65671  -37.067  46.924  16.103 0.4363636374
65672  -37.124  47.597  15.822 0.3454545438
65673  -37.293  48.337  14.266 0.3636363745
65674  -37.318  47.538  14.668 0.3636363745
65675  -37.519  47.573  14.109 0.3636363745
65676  -37.571  46.729  13.925 0.4000000060
65677  -37.763  47.551  13.519 0.3636363745
65678  -38.000  47.531  12.903 0.4000000060
65679  -37.853  48.380  13.018 0.3454545438
65682  -36.486  49.911  11.349 0.3454545438
77463  -40.961  39.935  21.434 0.3636363745
77475  -38.084  43.437  19.375 0.3454545438
77476  -36.809  43.617  16.858 0.4363636374
77477  -37.028  43.776  17.380 0.4363636374
77478  -37.059  43.226  17.299 0.4545454681
77479  -38.121  41.868  17.940 0.3818181753
77480  -37.891  42.499  18.029 0.3636363745
77538  -38.283  47.690  9.695 0.3454545438
77539  -38.467  47.164  10.028 0.3454545438
94982  -36.982  45.328  14.621 0.4727272689
94983  -36.713  44.629  14.899 0.5090909004
94984  -36.700  44.610  14.336 0.4909090996
94985  -36.328  43.893  14.061 0.4545454681
99296  -40.877  37.468  23.378 0.3454545438
99306  -36.655  48.878  15.593 0.3454545438
99307  -37.004  48.246  15.441 0.3454545438
99308  -36.728  48.970  14.958 0.3636363745
99309  -36.880  49.011  14.406 0.3454545438
99311  -37.356  49.188  13.161 0.3818181753
106390  -36.797  42.476  16.621 0.4363636374
106391  -37.125  42.643  17.169 0.3818181753
106392  -37.258  42.025  16.981 0.4000000060
106393  -37.796  41.649  17.371 0.3454545438
106394  -38.322  41.299  17.811 0.3636363745
106395  -38.784  41.037  18.354 0.3454545438
106396  -38.450  40.742  17.760 0.3454545438
106425  -37.846  48.804  10.782 0.3636363745
106428  -37.979  48.341  9.803 0.3636363745
106429  -38.078  48.215  9.349 0.3454545438
121784  -36.855  45.517  16.643 0.4000000060
121785  -36.873  44.847  17.015 0.3636363745
121786  -36.815  44.799  16.490 0.3636363745
121787  -36.698  44.127  16.373 0.4363636374
121788  -36.570  43.483  16.295 0.4363636374
121789  -36.450  43.999  15.252 0.4363636374
121790  -36.371  43.428  15.715 0.4363636374
121791  -36.498  42.924  16.250 0.4000000060
121792  -36.446  42.321  16.112 0.4727272689
121793  -36.490  41.734  15.940 0.4545454681
131546  -40.997  37.300  21.122 0.3636363745
131557  -36.736  46.162  17.372 0.3454545438
131565  -36.824  46.822  17.129 0.3636363745
131566  -36.834  46.190  16.852 0.3636363745
131567  -36.902  46.231  16.353 0.3818181753
131568  -36.948  46.170  15.873 0.4545454681
131569  -37.041  46.103  15.387 0.4363636374
131570  -37.187  47.549  15.254 0.3818181753
131571  -37.230  46.806  15.058 0.3636363745
131572  -37.156  46.044  14.878 0.4545454681
131573  -37.277  45.981  14.276 0.4363636374
131574  -37.454  45.940  13.688 0.4000000060
131575  -37.688  45.978  13.152 0.4000000060
131576  -37.778  46.011  12.560 0.4000000060
131577  -37.998  46.757  12.774 0.3818181753
131578  -38.175  47.561  12.297 0.3454545438
131580  -37.547  49.145  12.545 0.3636363745
131581  -37.679  49.099  11.957 0.3454545438
131582  -37.757  48.972  11.322 0.3818181753
131584  -36.804  49.461  10.341 0.3454545438
146179  -40.993  37.912  21.192 0.3454545438
146180  -40.990  37.864  20.603 0.3454545438
146190  -36.996  44.326  17.445 0.4000000060
146192  -37.550  43.628  18.325 0.3454545438
146193  -37.421  42.837  17.681 0.4181818068
146200  -40.192  41.092  20.235 0.3454545438
146201  -40.387  40.349  20.181 0.3454545438
146204  -40.505  39.649  20.170 0.3636363745
146262  -37.898  46.056  11.992 0.3454545438
146269  -38.104  45.690  9.065 0.3454545438
146273  -38.182  48.106  8.856 0.3454545438
146275  -38.394  48.075  8.389 0.3454545438
146278  -38.336  46.150  8.281 0.3454545438
146279  -38.303  45.518  8.085 0.3636363745
1879  -37.123  40.825  16.174 0.4363636374
4130  -35.887  42.574  14.295 0.4727272689
4131  -36.202  40.686  13.971 0.3818181753
11811  -35.940  42.509  13.063 0.3454545438
18152  -37.474  39.714  16.074 0.3454545438
25866  -36.156  41.613  15.346 0.4363636374
25867  -36.485  40.652  15.076 0.4363636374
25868  -35.893  41.507  14.132 0.4363636374
25869  -35.904  41.486  12.887 0.3636363745
48872  -37.310  40.274  16.070 0.3636363745
58466  -36.057  43.241  14.437 0.4909090996
58468  -35.999  42.677  14.957 0.4545454681
58470  -35.907  42.098  14.863 0.4545454681
58471  -35.953  41.589  14.755 0.4545454681
58472  -35.809  41.999  14.236 0.4545454681
58474  -35.876  41.950  12.947 0.4000000060
77498  -36.323  40.672  14.513 0.4181818068
77499  -36.742  40.218  14.970 0.3636363745
94986  -36.027  43.187  13.854 0.4363636374
94987  -35.889  42.538  13.702 0.4000000060
94988  -36.084  43.186  13.268 0.3818181753
94989  -36.215  43.228  12.676 0.3454545438
106403  -36.087  40.680  13.473 0.3636363745
121794  -36.600  41.198  15.777 0.4545454681
121795  -36.766  40.710  15.620 0.4181818068
121796  -36.287  41.110  15.198 0.4545454681
121797  -36.126  41.108  14.619 0.4545454681
121798  -36.033  41.089  14.025 0.4363636374
121799  -35.833  41.962  13.596 0.4000000060
121800  -35.856  41.462  13.508 0.3818181753
121801  -35.970  41.101  13.427 0.4000000060
121802  -35.972  41.072  12.875 0.3454545438
146217  -37.026  40.200  15.495 0.4000000060
