#!ascii label  , from subject fsaverage vox2ras=TkReg
1318
494  -18.775  34.221  44.547 0.4181818068
2130  -16.340  39.672  41.507 0.4181818068
4695  -17.233  37.079  42.983 0.5090909004
4696  -16.132  39.857  43.739 0.3818181753
4697  -17.580  37.484  45.517 0.3454545438
6561  -19.881  31.783  46.271 0.4909090996
8958  -15.405  42.764  39.940 0.3636363745
8959  -14.702  42.311  41.931 0.3454545438
12375  -17.967  35.668  43.748 0.4727272689
12376  -17.458  37.264  44.251 0.4000000060
12377  -18.361  35.862  45.071 0.4545454681
14775  -20.146  30.568  47.266 0.3818181753
19843  -16.273  39.776  40.102 0.4545454681
19844  -15.862  41.349  39.381 0.4181818068
19845  -15.720  41.155  40.646 0.4181818068
19846  -15.052  42.549  41.026 0.3454545438
19847  -15.640  41.093  41.822 0.3818181753
19849  -15.019  40.844  43.641 0.3454545438
26883  -16.748  38.357  42.196 0.4909090996
26884  -16.298  39.754  42.626 0.4363636374
26885  -16.801  38.582  43.384 0.4181818068
26886  -16.824  38.689  44.593 0.3454545438
30669  -19.530  32.849  45.357 0.5090909004
30670  -19.261  34.566  45.879 0.3818181753
30671  -19.931  33.342  46.765 0.3818181753
37086  -21.053  44.637  32.582 0.3818181753
37121  -15.873  42.977  38.810 0.3454545438
37126  -15.376  41.053  42.816 0.3636363745
37127  -14.264  41.948  42.666 0.3454545438
37132  -18.520  36.061  46.403 0.3636363745
43095  -18.366  34.919  44.151 0.4545454681
43096  -18.143  35.802  44.371 0.4727272689
43097  -18.604  35.089  44.815 0.4363636374
45495  -20.334  29.951  47.725 0.4000000060
50563  -16.307  39.719  40.806 0.4545454681
50564  -16.003  40.452  40.386 0.4181818068
50565  -15.995  40.380  41.058 0.4363636374
50566  -15.674  41.127  41.248 0.4181818068
50567  -16.006  40.385  41.663 0.4181818068
60165  -16.949  37.709  42.568 0.4909090996
60166  -16.755  38.459  42.795 0.4545454681
60167  -16.991  37.835  43.171 0.4363636374
60168  -17.562  37.390  44.889 0.3636363745
60169  -17.182  38.020  44.388 0.3636363745
60170  -17.208  38.107  45.062 0.3454545438
60171  -16.764  38.719  45.159 0.3454545438
60172  -17.098  38.159  45.640 0.3454545438
67365  -19.699  32.351  45.753 0.5272727013
67366  -19.719  33.151  46.025 0.4545454681
67367  -19.939  32.572  46.490 0.4363636374
82486  -20.455  44.627  32.680 0.4000000060
82571  -15.668  42.032  39.679 0.3818181753
82572  -15.824  42.166  39.085 0.4181818068
82573  -15.628  42.886  39.369 0.3454545438
82579  -14.672  43.161  41.092 0.3454545438
82583  -16.237  39.836  43.196 0.3818181753
82584  -15.893  40.426  42.767 0.3818181753
82585  -15.769  40.461  43.278 0.3818181753
82587  -14.624  41.380  43.133 0.3636363745
82598  -19.419  34.679  46.582 0.3454545438
82599  -18.997  35.361  46.139 0.3636363745
82600  -18.998  35.375  46.867 0.3636363745
96003  -17.584  36.393  43.381 0.4545454681
96004  -17.343  37.148  43.621 0.4181818068
96005  -17.729  36.471  43.988 0.4727272689
96006  -17.891  36.581  44.650 0.4363636374
96007  -17.996  36.706  45.288 0.4181818068
100323  -20.046  31.177  46.818 0.4000000060
100324  -20.101  31.984  47.012 0.3454545438
109447  -15.989  40.545  39.705 0.4181818068
109448  -15.796  41.215  40.018 0.4181818068
109449  -15.524  41.935  40.278 0.4181818068
109450  -15.230  42.649  40.510 0.3454545438
109451  -15.386  41.909  40.847 0.3454545438
109452  -15.305  41.822  41.414 0.3454545438
109453  -15.214  41.717  41.923 0.3454545438
109454  -16.023  39.804  44.232 0.3636363745
109455  -15.606  40.369  43.757 0.3818181753
109456  -15.506  40.288  44.156 0.3636363745
124167  -16.548  39.003  41.839 0.4363636374
124168  -16.328  39.699  42.059 0.4181818068
124169  -16.540  39.093  42.423 0.4545454681
124170  -16.569  39.169  43.021 0.4363636374
124171  -16.515  39.252  43.608 0.3818181753
124172  -17.091  37.942  43.775 0.3636363745
124173  -16.830  38.648  43.957 0.3818181753
124174  -16.464  39.258  44.175 0.3818181753
133713  -19.167  33.521  44.942 0.4727272689
133714  -19.025  34.385  45.199 0.4000000060
133715  -19.401  33.751  45.599 0.4363636374
133716  -19.635  33.946  46.318 0.4000000060
152225  -21.688  44.603  32.489 0.3454545438
152232  -19.111  45.158  33.235 0.3454545438
152234  -18.406  45.196  34.026 0.3454545438
152331  -16.162  43.089  38.240 0.3636363745
152344  -15.972  40.399  42.232 0.3818181753
152345  -15.539  41.056  42.352 0.3636363745
152346  -15.018  41.669  42.378 0.3636363745
152347  -15.147  40.953  43.234 0.3818181753
152348  -14.828  41.525  42.783 0.3454545438
152349  -14.482  42.147  42.309 0.3454545438
152362  -18.837  35.162  45.481 0.3818181753
152363  -18.493  36.023  45.702 0.3818181753
152364  -18.013  36.779  45.933 0.3636363745
96  -25.703  26.258  33.637 0.6363636255
219  -29.446  16.363  41.951 0.4181818068
241  -20.886  22.430  38.833 0.6909090877
493  -18.650  34.940  34.799 0.7272727489
1010  -29.238  26.055  37.172 0.3636363745
1014  -24.697  31.836  33.658 0.4909090996
1081  -21.431  35.761  32.714 0.5272727013
1082  -21.201  29.733  32.886 0.7818182111
1083  -20.957  22.610  44.586 0.4181818068
1084  -19.187  28.065  42.247 0.6545454264
1545  -27.486  20.706  36.562 0.5818181634
1585  -22.692  23.429  34.650 0.7090908885
1586  -24.648  17.545  37.550 0.5090909004
2126  -19.645  40.796  33.390 0.4909090996
2127  -17.226  40.486  36.617 0.4909090996
2128  -19.629  28.407  36.723 0.7636363506
2129  -17.938  34.102  39.259 0.6545454264
2930  -27.605  26.176  35.243 0.5272727013
2931  -28.511  28.829  36.263 0.3818181753
2932  -26.960  29.077  34.775 0.5090909004
2933  -26.415  31.513  35.056 0.4545454681
2934  -25.118  29.165  33.161 0.5636363626
3001  -22.887  30.585  32.538 0.7454545498
3002  -23.353  27.703  32.694 0.7636363506
3003  -21.421  23.236  47.826 0.3818181753
3004  -20.310  25.801  46.780 0.4363636374
3530  -31.099  17.447  44.200 0.3454545438
3532  -30.107  19.063  41.539 0.3818181753
3533  -29.245  21.035  38.853 0.4181818068
3534  -28.460  18.283  39.098 0.4181818068
3601  -26.149  18.814  36.695 0.5090909004
3602  -27.281  16.311  39.163 0.4000000060
4683  -19.746  35.396  33.298 0.6545454264
4684  -20.318  38.289  32.865 0.5272727013
4685  -18.971  38.150  34.158 0.6000000238
4686  -18.413  40.691  34.758 0.5454545617
4687  -17.945  37.805  35.890 0.6181818247
4688  -21.571  22.631  36.511 0.6909090877
4689  -20.855  25.793  35.528 0.7818182111
4690  -20.183  25.297  37.883 0.7454545498
4691  -19.252  31.010  43.418 0.6181818247
4692  -18.846  30.887  40.693 0.6000000238
4693  -18.062  33.810  41.927 0.6000000238
4694  -17.133  36.998  40.399 0.5636363626
6553  -23.068  36.037  33.070 0.3818181753
6554  -22.834  33.579  32.949 0.5636363626
6555  -21.075  32.879  32.619 0.7090908885
6556  -19.697  32.243  33.730 0.8000000119
6557  -20.743  22.451  41.624 0.5454545617
6558  -19.612  25.146  40.622 0.6363636255
6559  -19.663  25.305  43.698 0.5818181634
6560  -19.497  28.504  45.268 0.5818181634
7442  -28.506  23.474  36.564 0.4909090996
7443  -26.623  23.325  34.652 0.5636363626
7537  -24.103  24.560  33.562 0.7272727489
7538  -25.132  21.594  34.715 0.6363636255
7539  -23.590  20.390  35.784 0.6000000238
7540  -22.478  19.768  37.630 0.5636363626
7542  -23.335  16.992  39.179 0.4727272689
7543  -21.793  19.653  40.078 0.4727272689
7544  -21.560  19.891  42.926 0.3636363745
8944  -21.963  38.103  32.450 0.4727272689
8945  -21.193  40.670  32.480 0.4363636374
8946  -20.383  43.301  32.663 0.4545454681
8947  -18.901  43.300  33.969 0.4000000060
8948  -17.610  43.341  35.633 0.3818181753
8949  -16.492  43.208  37.672 0.3636363745
8950  -21.841  26.584  33.675 0.8181818128
8951  -20.144  28.956  34.543 0.8000000119
8952  -19.115  31.717  35.695 0.6909090877
8953  -19.460  28.137  39.351 0.7272727489
8954  -18.763  31.321  38.016 0.6727272868
8955  -18.162  34.462  36.942 0.7272727489
8956  -17.392  37.365  37.951 0.6545454264
8957  -16.408  39.946  38.885 0.4909090996
10610  -26.667  26.167  34.330 0.5636363626
10611  -27.141  27.547  34.874 0.5272727013
10612  -26.304  27.715  34.044 0.5636363626
10613  -26.110  29.057  33.918 0.5636363626
10614  -25.366  27.802  33.279 0.5636363626
10681  -24.218  28.398  32.764 0.6909090877
10682  -24.514  26.940  33.014 0.7090908885
11210  -30.267  16.816  43.045 0.4000000060
11211  -30.560  18.161  42.919 0.3636363745
11212  -29.793  17.704  41.672 0.4000000060
11213  -29.300  18.598  40.312 0.4000000060
11214  -28.998  17.245  40.559 0.4000000060
11281  -27.976  17.266  39.059 0.4363636374
12363  -19.052  35.220  33.967 0.6545454264
12364  -19.246  36.849  33.719 0.6181818247
12365  -18.641  36.603  34.490 0.6727272868
12366  -18.406  37.997  35.023 0.6181818247
12367  -18.216  36.339  35.358 0.6727272868
12368  -21.178  22.526  37.614 0.6909090877
12369  -20.771  23.966  37.102 0.7636363506
12370  -20.425  23.799  38.363 0.7090908885
12371  -19.086  32.516  44.002 0.5272727013
12372  -18.766  32.352  42.586 0.5272727013
12373  -18.333  33.963  43.185 0.5272727013
12374  -17.675  35.482  42.455 0.5090909004
14548  -28.148  30.127  36.213 0.3818181753
14555  -25.602  31.716  34.293 0.4181818068
14559  -24.514  33.165  33.917 0.3818181753
14761  -23.683  33.982  33.553 0.3818181753
14762  -23.676  32.599  33.165 0.5090909004
14763  -21.987  30.130  32.559 0.7454545498
14764  -21.912  31.670  32.445 0.7454545498
14765  -20.993  31.348  32.654 0.7454545498
14766  -20.250  32.562  33.025 0.8000000119
14767  -20.351  30.944  33.238 0.7818182111
14768  -20.790  22.561  43.112 0.5090909004
14769  -20.128  23.836  42.633 0.5636363626
14770  -20.307  23.931  44.194 0.4909090996
14771  -20.390  27.573  47.541 0.5090909004
14772  -19.777  27.214  46.178 0.5636363626
14773  -19.993  28.866  46.745 0.5090909004
14774  -19.720  30.120  45.793 0.5272727013
16355  -28.411  20.787  37.664 0.4363636374
16356  -28.871  22.234  37.655 0.4727272689
16357  -28.001  22.015  36.498 0.5090909004
16358  -27.590  23.342  35.502 0.5090909004
16359  -27.068  21.970  35.504 0.5272727013
16561  -25.898  22.372  34.570 0.5818181634
16562  -26.352  20.993  35.470 0.5636363626
16563  -25.408  18.098  36.954 0.5272727013
16564  -24.859  19.474  36.022 0.5818181634
16565  -24.128  18.956  36.587 0.5454545617
16566  -23.010  19.992  36.621 0.5636363626
16567  -23.482  18.575  37.427 0.5454545617
16574  -22.441  18.266  39.523 0.5272727013
16575  -22.085  18.321  40.751 0.4363636374
16576  -21.638  19.739  41.427 0.4181818068
19808  -22.237  35.934  32.778 0.4363636374
19809  -22.449  37.020  32.646 0.4000000060
19810  -21.588  37.009  32.596 0.5090909004
19811  -19.960  39.532  33.185 0.4545454681
19812  -20.728  39.483  32.653 0.4363636374
19813  -20.311  40.800  32.880 0.4363636374
19814  -20.857  42.023  32.547 0.4545454681
19815  -19.967  42.041  32.976 0.4909090996
19816  -19.504  43.304  33.182 0.4181818068
19817  -19.310  42.088  33.587 0.4909090996
19818  -17.767  40.587  35.609 0.4727272689
19819  -18.003  42.001  35.053 0.4363636374
19820  -17.331  41.921  36.004 0.4363636374
19821  -17.027  43.283  36.617 0.3454545438
19822  -16.762  41.753  37.040 0.4363636374
19823  -23.393  23.913  33.973 0.6909090877
19824  -22.917  25.551  33.536 0.7636363506
19825  -22.256  25.046  34.172 0.7636363506
19826  -20.214  27.068  36.118 0.8000000119
19827  -20.519  27.373  35.007 0.8363636136
19828  -19.890  28.611  35.605 0.7636363506
19829  -19.601  30.287  35.089 0.7090908885
19830  -19.347  30.026  36.175 0.7454545498
19831  -19.297  26.574  41.538 0.6545454264
19832  -19.507  26.573  40.030 0.6727272868
19833  -19.358  28.033  40.817 0.6909090877
19834  -18.371  32.496  39.941 0.5818181634
19835  -18.689  31.089  39.303 0.6181818247
19836  -18.346  32.701  38.666 0.7090908885
19837  -18.499  32.923  37.468 0.6909090877
19838  -18.036  34.268  38.060 0.6727272868
19839  -17.794  35.904  37.482 0.7090908885
19840  -17.695  35.779  38.568 0.6727272868
19841  -16.734  38.375  40.882 0.4909090996
19842  -16.753  38.474  39.645 0.5454545617
23704  -28.464  26.133  36.150 0.4545454681
23705  -28.833  27.411  36.588 0.3818181753
23706  -28.029  27.552  35.664 0.4181818068
23707  -27.766  28.935  35.506 0.4545454681
23708  -27.347  30.173  35.579 0.4000000060
23709  -27.114  31.355  35.788 0.3636363745
23710  -26.697  30.344  34.865 0.4909090996
23711  -25.902  30.358  33.972 0.5272727013
23712  -24.897  30.529  33.333 0.5636363626
23833  -23.832  31.218  32.926 0.6545454264
23834  -24.018  29.791  32.753 0.7272727489
23835  -23.071  29.208  32.479 0.7454545498
23836  -22.196  28.639  32.696 0.7818182111
23837  -21.101  22.926  46.154 0.3818181753
23838  -20.506  24.124  45.709 0.4363636374
23839  -20.885  24.408  47.202 0.3818181753
23840  -20.857  26.221  48.267 0.3454545438
24788  -30.318  20.273  41.448 0.3636363745
24789  -30.014  21.265  40.035 0.3454545438
24790  -29.595  20.007  40.168 0.4363636374
24791  -28.767  19.664  38.915 0.4545454681
24792  -27.955  19.475  37.784 0.4727272689
24913  -26.827  19.768  36.492 0.5272727013
24914  -27.397  18.461  37.663 0.4545454681
24915  -26.754  17.518  37.799 0.4727272689
24916  -26.012  16.774  38.102 0.4545454681
26861  -20.569  35.611  32.875 0.6545454264
26862  -20.757  37.022  32.703 0.5272727013
26863  -19.944  36.921  33.088 0.5636363626
26864  -19.567  38.246  33.400 0.5818181634
26865  -19.375  39.548  33.815 0.5090909004
26866  -19.013  40.765  34.062 0.5272727013
26867  -18.758  39.471  34.535 0.5636363626
26868  -18.194  39.361  35.372 0.5272727013
26869  -17.640  39.157  36.247 0.5272727013
26870  -22.071  22.973  35.454 0.7272727489
26871  -21.722  24.566  34.993 0.7454545498
26872  -21.163  24.221  35.980 0.7454545498
26873  -20.495  25.500  36.640 0.7636363506
26874  -19.940  26.876  37.328 0.7818182111
26875  -19.238  29.544  42.861 0.6181818247
26876  -19.271  29.455  41.454 0.6545454264
26877  -19.007  30.880  42.002 0.6545454264
26878  -18.476  32.382  41.256 0.6000000238
26879  -17.949  33.916  40.562 0.5636363626
26880  -17.580  35.604  39.879 0.6363636255
26881  -17.555  35.465  41.181 0.5818181634
26882  -17.140  36.955  41.686 0.5636363626
30366  -24.750  35.250  33.482 0.3454545438
30649  -24.096  36.043  33.172 0.3636363745
30650  -23.745  35.172  33.576 0.3636363745
30651  -22.918  34.905  33.131 0.4000000060
30652  -22.107  34.684  32.817 0.5454545617
30653  -22.795  32.111  32.678 0.6363636255
30654  -21.969  33.243  32.626 0.6545454264
30655  -21.237  34.382  32.729 0.6727272868
30656  -20.385  34.155  32.952 0.6909090877
30657  -19.662  33.818  33.480 0.7454545498
30658  -19.160  33.558  34.257 0.7818182111
30659  -20.765  22.443  40.167 0.6545454264
30660  -20.165  23.729  39.682 0.7090908885
30661  -20.046  23.780  41.134 0.6727272868
30662  -19.500  25.187  42.184 0.6545454264
30663  -19.231  26.641  42.969 0.6363636255
30664  -19.925  25.500  45.287 0.5818181634
30665  -19.443  26.870  44.651 0.6181818247
30666  -19.203  28.207  43.731 0.6000000238
30667  -19.355  29.753  44.313 0.5454545617
30668  -19.501  31.320  44.836 0.5636363626
32811  -29.703  24.754  37.777 0.3454545438
32812  -29.708  22.390  38.817 0.4181818068
32813  -29.322  23.611  37.751 0.4545454681
32814  -28.926  24.820  36.861 0.4181818068
32815  -28.064  24.774  35.804 0.5272727013
32816  -27.098  24.751  34.792 0.5818181634
32817  -26.093  24.788  34.017 0.6363636255
33073  -24.923  25.338  33.458 0.6727272868
33074  -25.364  23.873  33.883 0.6363636255
33075  -24.598  23.075  34.030 0.6545454264
33076  -23.845  22.334  34.462 0.6909090877
33077  -25.585  20.185  35.643 0.5818181634
33078  -24.320  20.879  35.210 0.6181818247
33079  -23.103  21.873  35.129 0.6909090877
33080  -22.497  21.440  35.988 0.6545454264
33081  -22.003  21.221  37.015 0.6545454264
33082  -21.597  21.123  38.136 0.6181818247
33084  -26.508  15.603  39.416 0.4363636374
33085  -25.161  16.279  38.600 0.4545454681
33087  -24.408  15.901  39.258 0.4545454681
33088  -23.960  17.197  38.339 0.5090909004
33089  -22.890  18.378  38.401 0.5090909004
33090  -22.056  19.670  38.771 0.5636363626
33091  -21.394  21.063  39.416 0.6000000238
33092  -21.269  21.126  40.763 0.5272727013
33093  -21.311  21.124  42.184 0.4727272689
33094  -21.280  21.262  43.662 0.4000000060
33097  -21.349  21.474  45.235 0.3636363745
37078  -23.473  36.966  32.766 0.3454545438
37079  -22.938  37.966  32.484 0.3454545438
37081  -21.097  38.249  32.549 0.4727272689
37082  -21.518  39.346  32.442 0.4181818068
37083  -22.209  40.460  32.397 0.3636363745
37084  -21.877  41.829  32.350 0.4181818068
37085  -21.535  43.271  32.420 0.4363636374
37087  -19.919  44.588  32.905 0.4000000060
37088  -18.929  44.536  33.490 0.3454545438
37090  -18.702  42.046  34.325 0.4181818068
37091  -18.296  43.342  34.760 0.3636363745
37096  -23.680  26.168  33.137 0.7818182111
37097  -22.531  27.062  33.073 0.8000000119
37098  -21.472  28.162  33.222 0.8181818128
37099  -21.315  26.135  34.545 0.8181818128
37100  -20.921  27.703  34.016 0.8363636136
37101  -20.589  29.294  33.611 0.8181818128
37102  -19.887  30.556  34.085 0.7636363506
37103  -19.339  31.926  34.679 0.7454545498
37104  -18.870  33.313  35.240 0.7272727489
37105  -19.844  25.168  39.225 0.6909090877
37106  -19.728  26.630  38.663 0.6909090877
37107  -19.520  28.233  37.999 0.7272727489
37108  -19.192  29.533  40.013 0.6909090877
37109  -19.092  29.695  38.658 0.6909090877
37110  -19.147  29.874  37.392 0.7090908885
37111  -18.909  31.494  36.820 0.7272727489
37112  -18.612  33.161  36.326 0.7272727489
37113  -18.354  34.720  35.856 0.7090908885
37114  -17.966  36.103  36.417 0.7272727489
37115  -17.642  37.515  36.884 0.7090908885
37116  -17.212  38.865  37.266 0.6000000238
37117  -17.262  37.111  39.099 0.6181818247
37118  -16.873  38.652  38.382 0.5454545617
37119  -16.662  40.215  37.665 0.5090909004
37120  -16.189  41.541  38.136 0.4181818068
41330  -26.185  26.214  33.958 0.5818181634
41331  -26.473  26.913  34.162 0.6181818247
41332  -26.011  26.973  33.809 0.6000000238
41333  -25.854  27.742  33.652 0.5454545617
41334  -25.535  27.028  33.463 0.6000000238
41401  -24.946  27.343  33.107 0.6545454264
41402  -25.131  26.571  33.297 0.6181818247
41930  -29.848  16.605  42.459 0.4000000060
41931  -30.011  17.262  42.360 0.3818181753
41932  -29.608  17.044  41.779 0.4181818068
41933  -29.414  17.464  41.106 0.4000000060
41934  -29.200  16.801  41.261 0.4181818068
42001  -28.729  16.731  40.551 0.4181818068
43083  -18.816  35.021  34.356 0.6909090877
43084  -18.825  35.878  34.224 0.6363636255
43085  -18.612  35.773  34.637 0.6727272868
43086  -18.423  36.483  34.894 0.6545454264
43087  -18.436  35.639  35.079 0.6909090877
43088  -21.012  22.426  38.206 0.6909090877
43089  -20.759  23.162  37.956 0.7090908885
43090  -20.639  23.065  38.621 0.7090908885
43091  -18.925  33.364  44.293 0.4727272689
43092  -18.719  33.251  43.593 0.4909090996
43093  -18.541  34.049  43.871 0.4909090996
43094  -18.154  34.773  43.465 0.4909090996
45268  -27.914  30.623  36.230 0.3636363745
45275  -25.176  31.709  33.933 0.4181818068
45276  -25.457  32.330  34.461 0.4181818068
45277  -25.027  32.370  34.072 0.3818181753
45278  -24.923  33.039  34.194 0.3636363745
45279  -24.601  32.547  33.791 0.4181818068
45481  -24.115  32.893  33.555 0.4363636374
45482  -24.200  32.228  33.417 0.4727272689
45483  -21.579  29.972  32.677 0.7818182111
45484  -21.487  30.750  32.569 0.7454545498
45485  -21.083  30.536  32.751 0.7636363506
45486  -20.647  31.134  32.903 0.7454545498
45487  -20.735  30.306  33.031 0.7636363506
45488  -20.917  22.521  43.876 0.4727272689
45489  -20.533  23.207  43.666 0.5090909004
45490  -20.647  23.257  44.382 0.4545454681
45491  -20.421  28.526  47.935 0.4363636374
45492  -20.179  28.246  47.174 0.4909090996
45493  -20.254  29.099  47.463 0.4727272689
45494  -20.098  29.715  47.013 0.4727272689
47075  -27.968  20.724  37.097 0.5636363626
47076  -28.201  21.392  37.062 0.5272727013
47077  -27.749  21.351  36.510 0.5818181634
47078  -27.541  21.991  35.967 0.5272727013
47079  -27.267  21.316  36.008 0.5636363626
47281  -26.705  21.473  35.455 0.5454545617
47282  -26.926  20.840  35.977 0.5818181634
47283  -25.026  17.804  37.218 0.5272727013
47284  -24.757  18.490  36.715 0.5272727013
47285  -24.391  18.246  37.031 0.5090909004
47286  -23.779  18.746  36.957 0.5272727013
47287  -24.033  18.059  37.411 0.5090909004
47294  -22.441  17.662  40.457 0.4545454681
47295  -22.254  17.669  41.111 0.4363636374
47296  -21.979  18.388  41.463 0.4363636374
50528  -21.823  35.864  32.688 0.5090909004
50529  -21.894  36.464  32.630 0.4363636374
50530  -21.479  36.402  32.607 0.5090909004
50531  -19.812  40.182  33.314 0.4727272689
50532  -20.133  40.167  33.019 0.4363636374
50533  -19.973  40.822  33.121 0.4909090996
50534  -20.168  41.441  32.931 0.4727272689
50535  -19.789  41.415  33.163 0.4545454681
50536  -19.586  42.027  33.246 0.4545454681
50537  -19.425  41.380  33.438 0.5272727013
50538  -17.500  40.515  36.075 0.4727272689
50539  -17.571  41.282  35.740 0.4545454681
50540  -17.216  41.197  36.271 0.4545454681
50541  -17.026  41.840  36.510 0.4363636374
50542  -16.963  41.074  36.796 0.4727272689
50543  -23.041  23.599  34.298 0.7090908885
50544  -22.806  24.460  34.054 0.7454545498
50545  -22.477  24.230  34.420 0.7090908885
50546  -19.916  27.737  36.428 0.8181818128
50547  -20.051  27.845  35.860 0.8000000119
50548  -19.744  28.515  36.154 0.7636363506
50549  -19.614  29.260  35.903 0.7636363506
50550  -19.472  29.215  36.441 0.7636363506
50551  -19.197  27.295  41.939 0.6727272868
50552  -19.296  27.297  41.202 0.6909090877
50553  -19.278  28.055  41.518 0.6545454264
50554  -18.139  33.294  39.598 0.6181818247
50555  -18.324  32.611  39.305 0.6363636255
50556  -18.144  33.383  38.977 0.6727272868
50557  -18.176  33.478  38.383 0.7090908885
50558  -17.975  34.171  38.655 0.6727272868
50559  -17.840  34.947  38.330 0.6909090877
50560  -17.773  34.965  38.909 0.6545454264
50561  -16.542  39.030  41.174 0.4727272689
50562  -16.528  39.060  40.503 0.4727272689
54865  -28.019  26.191  35.692 0.5272727013
54866  -28.233  26.865  35.871 0.4545454681
54867  -27.808  26.864  35.436 0.4727272689
54868  -27.051  28.357  34.766 0.5272727013
54869  -27.461  28.279  35.162 0.4909090996
54870  -27.348  29.005  35.121 0.4727272689
54871  -27.546  29.546  35.510 0.4545454681
54872  -27.171  29.716  35.171 0.5272727013
54873  -27.027  30.261  35.230 0.4727272689
54874  -26.846  29.720  34.815 0.5636363626
54875  -25.638  29.088  33.491 0.6181818247
54876  -26.017  29.685  33.907 0.5636363626
54877  -25.497  29.783  33.497 0.5454545617
54878  -25.401  30.444  33.631 0.4909090996
54879  -24.998  29.856  33.200 0.5272727013
55081  -24.465  30.160  32.996 0.6363636255
55082  -24.564  29.458  32.882 0.5818181634
55083  -23.771  28.018  32.682 0.7272727489
55084  -23.665  28.747  32.620 0.7272727489
55085  -23.211  28.441  32.564 0.7454545498
55086  -22.621  28.854  32.552 0.7454545498
55087  -22.782  28.117  32.644 0.7272727489
55088  -21.208  23.054  46.990 0.3818181753
55089  -20.948  23.605  46.696 0.3636363745
55090  -21.203  23.874  47.464 0.3454545438
55092  -21.074  25.571  48.558 0.3454545438
55094  -20.923  27.140  48.702 0.3454545438
56668  -30.349  18.592  42.227 0.3818181753
56670  -30.526  19.184  42.209 0.3636363745
56671  -30.580  19.805  42.187 0.3454545438
56672  -30.218  19.671  41.522 0.3818181753
56673  -29.982  20.156  40.813 0.4000000060
56674  -29.820  19.531  40.883 0.3818181753
56675  -28.912  18.380  39.720 0.4181818068
56676  -29.020  19.118  39.609 0.4181818068
56677  -28.630  18.955  39.022 0.4363636374
56678  -28.383  19.536  38.352 0.4545454681
56679  -28.168  18.907  38.392 0.4363636374
56881  -27.656  18.989  37.670 0.4909090996
56882  -27.919  18.390  38.316 0.4363636374
56883  -27.653  16.778  39.102 0.4181818068
56884  -27.366  17.359  38.352 0.4545454681
56885  -27.046  16.901  38.452 0.4545454681
56886  -26.400  17.127  37.915 0.4727272689
56887  -26.634  16.532  38.568 0.4363636374
60128  -20.136  35.559  33.057 0.6545454264
60129  -20.238  36.289  32.963 0.6545454264
60130  -19.820  36.170  33.218 0.6363636255
60131  -19.042  37.427  33.932 0.6000000238
60132  -19.394  37.604  33.588 0.6000000238
60133  -19.245  38.170  33.781 0.5454545617
60134  -19.472  38.881  33.632 0.5636363626
60135  -19.172  38.853  33.985 0.5636363626
60136  -19.052  39.507  34.155 0.5454545617
60137  -18.908  38.817  34.367 0.5818181634
60138  -18.138  37.896  35.467 0.5818181634
60139  -18.374  38.683  35.224 0.6000000238
60140  -18.087  38.616  35.656 0.5454545617
60141  -17.917  39.252  35.815 0.5272727013
60142  -17.852  38.476  36.084 0.5636363626
60143  -21.794  22.763  36.006 0.7090908885
60144  -21.616  23.596  35.719 0.7454545498
60145  -21.356  23.415  36.232 0.7636363506
60146  -20.457  24.620  37.475 0.7636363506
60147  -20.616  24.718  36.887 0.7272727489
60148  -20.335  25.369  37.256 0.7090908885
60149  -20.240  26.144  36.980 0.7454545498
60150  -20.056  26.084  37.616 0.7272727489
60151  -19.249  30.260  43.159 0.6363636255
60152  -19.170  30.202  42.416 0.6727272868
60153  -19.151  30.887  42.729 0.6545454264
60154  -18.396  33.070  42.237 0.5818181634
60155  -18.583  32.340  41.930 0.5636363626
60156  -18.255  33.085  41.580 0.5818181634
60157  -18.200  33.150  40.905 0.5636363626
60158  -17.951  33.861  41.266 0.5818181634
60159  -17.755  34.708  40.910 0.6181818247
60160  -17.783  34.640  41.571 0.5636363626
60161  -17.445  36.321  42.700 0.5090909004
60162  -17.416  36.259  42.075 0.5090909004
60163  -17.173  37.008  42.310 0.5454545617
60164  -16.931  37.651  41.939 0.5272727013
66678  -28.687  28.101  36.380 0.4000000060
66679  -29.087  28.025  36.809 0.3636363745
66680  -28.924  28.721  36.658 0.3454545438
66700  -26.814  31.423  35.455 0.4363636374
66701  -26.995  31.988  35.934 0.3818181753
66702  -26.645  32.046  35.575 0.3818181753
67321  -24.252  35.273  33.619 0.3636363745
67323  -23.261  33.713  33.189 0.5090909004
67324  -23.279  34.392  33.396 0.3818181753
67325  -22.836  34.262  33.058 0.5090909004
67326  -22.515  34.773  32.990 0.5272727013
67327  -22.431  34.103  32.897 0.5636363626
67328  -23.371  30.927  32.710 0.7272727489
67329  -23.300  31.680  32.773 0.6363636255
67330  -22.867  31.311  32.561 0.7454545498
67331  -21.458  32.247  32.510 0.6727272868
67332  -21.926  32.472  32.510 0.6545454264
67333  -21.528  33.060  32.577 0.6909090877
67334  -21.602  33.837  32.657 0.6363636255
67335  -21.154  33.676  32.666 0.6545454264
67336  -20.792  34.241  32.798 0.6545454264
67337  -20.708  33.491  32.779 0.6545454264
67338  -19.944  32.405  33.327 0.7818182111
67339  -19.948  33.210  33.207 0.7818182111
67340  -19.667  33.031  33.600 0.7636363506
67341  -19.387  33.684  33.831 0.7636363506
67342  -19.412  32.861  34.000 0.7818182111
67343  -20.733  22.388  40.871 0.5454545617
67344  -20.400  23.064  40.621 0.6727272868
67345  -20.378  23.086  41.388 0.5636363626
67346  -19.866  24.548  43.200 0.5636363626
67347  -19.788  24.508  42.403 0.6545454264
67348  -19.557  25.202  42.940 0.6181818247
67349  -19.337  25.891  42.588 0.6363636255
67350  -19.415  25.973  43.360 0.6545454264
67351  -20.387  24.921  46.261 0.4727272689
67352  -20.233  24.801  45.543 0.5090909004
67353  -20.100  25.645  46.056 0.5272727013
67354  -19.618  27.858  45.744 0.5636363626
67355  -19.617  27.048  45.415 0.5818181634
67356  -19.452  27.694  44.963 0.6000000238
67357  -19.300  27.530  44.182 0.6000000238
67358  -19.337  28.334  44.495 0.5636363626
67359  -19.270  28.991  44.056 0.5272727013
67360  -19.440  29.144  44.798 0.5636363626
67361  -19.791  30.914  46.076 0.5454545617
67362  -19.585  30.722  45.304 0.5636363626
67363  -19.652  31.547  45.533 0.5454545617
67364  -19.495  32.126  45.086 0.5636363626
72100  -29.660  21.119  39.448 0.3636363745
72101  -29.860  21.798  39.408 0.4000000060
72102  -29.473  21.700  38.844 0.4181818068
72103  -28.704  22.843  37.110 0.4909090996
72104  -29.098  22.977  37.716 0.4727272689
72105  -28.918  23.583  37.175 0.4727272689
72106  -29.118  24.245  37.254 0.4000000060
72107  -28.727  24.185  36.698 0.4363636374
72108  -28.506  24.810  36.301 0.4727272689
72109  -28.294  24.116  36.155 0.4545454681
72110  -27.133  23.335  35.071 0.5272727013
72111  -27.339  24.001  35.078 0.5454545617
72112  -26.862  24.039  34.687 0.5818181634
72113  -26.589  24.811  34.340 0.6000000238
72114  -26.354  24.061  34.310 0.6181818247
72721  -25.727  24.338  33.905 0.6181818247
72722  -26.016  23.554  34.212 0.6000000238
72723  -25.522  21.974  34.603 0.6000000238
72724  -25.251  22.718  34.214 0.6000000238
72725  -24.879  22.331  34.345 0.6545454264
72726  -24.217  22.713  34.204 0.6727272868
72727  -24.466  21.956  34.522 0.6909090877
72728  -26.485  19.289  36.567 0.5454545617
72729  -26.226  19.912  36.020 0.5454545617
72730  -25.846  19.490  36.154 0.5454545617
72731  -24.193  19.909  35.861 0.6000000238
72732  -24.578  20.170  35.624 0.6000000238
72733  -23.936  20.608  35.487 0.6181818247
72734  -23.691  21.346  35.106 0.6727272868
72735  -23.336  21.116  35.439 0.6363636255
72736  -22.791  21.604  35.525 0.6727272868
72737  -23.046  20.911  35.832 0.6181818247
72738  -22.724  19.861  37.130 0.5818181634
72739  -22.501  20.553  36.772 0.5818181634
72740  -22.235  20.511  37.306 0.5818181634
72741  -21.783  21.131  37.556 0.6363636255
72742  -22.027  20.431  37.837 0.6000000238
72749  -25.813  15.892  38.953 0.4545454681
72750  -25.384  15.633  39.181 0.4545454681
72754  -23.514  16.404  39.615 0.4727272689
72755  -24.043  15.813  39.618 0.4363636374
72756  -23.835  16.465  39.139 0.4545454681
72757  -24.162  16.553  38.781 0.4727272689
72758  -23.641  17.121  38.701 0.4909090996
72759  -23.446  17.764  38.302 0.5272727013
72760  -23.135  17.654  38.781 0.5272727013
72761  -22.110  18.961  39.759 0.5090909004
72762  -22.271  18.965  39.144 0.5454545617
72763  -21.911  19.662  39.410 0.5454545617
72764  -21.696  20.351  39.068 0.6000000238
72765  -21.593  20.382  39.739 0.5818181634
72766  -21.322  21.047  40.106 0.5818181634
72767  -21.521  20.367  40.420 0.5090909004
72768  -21.578  19.797  42.201 0.4181818068
72769  -21.460  20.455  41.819 0.4363636374
72770  -21.441  20.495  42.557 0.4000000060
72771  -21.297  21.213  42.902 0.4727272689
72772  -21.409  20.578  43.272 0.4000000060
72781  -21.377  21.629  46.036 0.3636363745
82463  -23.600  36.090  33.205 0.3818181753
82464  -23.788  36.495  32.937 0.3454545438
82465  -23.263  36.521  32.927 0.3818181753
82466  -22.194  37.546  32.563 0.3818181753
82467  -22.647  37.503  32.560 0.3636363745
82468  -22.425  38.037  32.502 0.3454545438
82470  -22.200  38.701  32.443 0.3636363745
82471  -20.501  37.662  32.778 0.5454545617
82472  -20.881  37.702  32.635 0.5090909004
82473  -20.699  38.284  32.682 0.5090909004
82474  -20.944  40.068  32.562 0.4363636374
82475  -21.103  39.418  32.501 0.4363636374
82476  -21.364  40.021  32.453 0.4363636374
82477  -21.824  39.915  32.427 0.3636363745
82478  -21.680  40.607  32.402 0.4363636374
82479  -22.045  41.156  32.347 0.3818181753
82480  -21.484  41.235  32.371 0.4363636374
82481  -20.631  42.661  32.580 0.4545454681
82482  -21.145  42.616  32.432 0.4181818068
82483  -20.946  43.320  32.505 0.4363636374
82484  -21.324  43.988  32.486 0.4181818068
82485  -20.681  43.986  32.588 0.4181818068
82487  -20.148  43.978  32.786 0.4181818068
82488  -19.193  43.302  33.568 0.4545454681
82489  -19.273  43.931  33.371 0.3636363745
82490  -18.915  43.918  33.737 0.3818181753
82492  -18.592  43.958  34.118 0.3818181753
82493  -18.696  40.765  34.369 0.5272727013
82494  -18.859  41.419  34.173 0.4909090996
82495  -18.547  41.366  34.519 0.4909090996
82496  -17.796  42.666  35.329 0.3818181753
82497  -18.156  42.687  34.908 0.4000000060
82498  -17.949  43.340  35.205 0.3636363745
82499  -18.049  43.949  35.017 0.3454545438
82503  -16.769  43.246  37.124 0.3454545438
82508  -24.508  24.907  33.460 0.7090908885
82509  -24.303  25.722  33.256 0.7090908885
82510  -23.888  25.370  33.344 0.7272727489
82511  -22.342  26.137  33.566 0.7818182111
82512  -22.718  26.304  33.313 0.8181818128
82513  -22.139  26.882  33.314 0.8181818128
82514  -21.971  27.622  33.112 0.8181818128
82515  -21.645  27.357  33.444 0.8181818128
82516  -21.280  25.173  35.255 0.8000000119
82517  -21.522  25.360  34.768 0.8181818128
82518  -21.086  25.967  35.015 0.8181818128
82519  -20.295  28.165  34.774 0.8000000119
82520  -20.694  27.549  34.481 0.8181818128
82521  -20.496  28.327  34.269 0.8181818128
82522  -20.749  28.492  33.808 0.8181818128
82523  -20.356  29.113  34.048 0.8000000119
82524  -20.222  29.905  33.850 0.7636363506
82525  -20.012  29.750  34.313 0.7636363506
82526  -19.354  30.989  35.369 0.6909090877
82527  -19.473  31.116  34.878 0.7272727489
82528  -19.215  31.842  35.170 0.6909090877
82529  -19.106  32.626  34.955 0.7454545498
82530  -18.993  32.528  35.465 0.7272727489
82531  -19.846  24.411  40.151 0.6909090877
82532  -19.978  24.428  39.429 0.6909090877
82533  -19.711  25.128  39.899 0.7090908885
82534  -19.505  27.345  39.704 0.7090908885
82535  -19.608  26.615  39.363 0.7272727489
82536  -19.585  27.407  39.020 0.7272727489
82537  -19.674  27.448  38.316 0.7454545498
82538  -19.489  28.170  38.663 0.7454545498
82539  -19.091  30.156  41.071 0.6727272868
82540  -19.246  29.513  40.710 0.6909090877
82541  -19.008  30.221  40.380 0.6363636255
82542  -18.690  31.206  38.621 0.7272727489
82543  -18.887  30.398  39.017 0.6909090877
82544  -18.907  30.507  38.336 0.7454545498
82545  -19.105  29.776  38.010 0.7272727489
82546  -18.941  30.595  37.703 0.7272727489
82547  -19.017  30.675  37.089 0.6909090877
82548  -18.804  31.405  37.404 0.7636363506
82549  -18.334  33.700  37.212 0.6909090877
82550  -18.545  33.013  36.932 0.7090908885
82551  -18.389  33.792  36.668 0.7272727489
82552  -18.478  33.931  36.100 0.6909090877
82553  -18.245  34.583  36.401 0.7272727489
82554  -18.129  35.414  36.151 0.7272727489
82555  -18.048  35.296  36.690 0.7090908885
82556  -17.634  36.634  37.736 0.6727272868
82557  -17.712  36.720  37.168 0.7090908885
82558  -17.488  37.428  37.406 0.6727272868
82559  -17.386  38.202  37.070 0.6363636255
82560  -17.233  38.108  37.595 0.6000000238
82561  -17.393  36.324  40.135 0.6363636255
82562  -17.415  36.408  39.492 0.6363636255
82563  -17.214  37.059  39.766 0.5818181634
82564  -16.558  39.199  39.261 0.4909090996
82565  -16.796  38.548  38.994 0.5454545617
82566  -16.650  39.301  38.639 0.5272727013
82567  -16.754  39.415  38.029 0.5454545617
82568  -16.518  40.080  38.272 0.4727272689
82569  -16.451  40.875  37.917 0.4545454681
82570  -16.282  40.732  38.515 0.4545454681
92824  -27.147  26.138  34.778 0.5636363626
92825  -27.370  26.892  35.038 0.5636363626
92826  -26.896  26.897  34.581 0.5818181634
92827  -26.732  27.655  34.440 0.5454545617
92828  -26.653  28.384  34.357 0.5636363626
92829  -26.559  29.094  34.359 0.5090909004
92830  -26.192  28.419  33.973 0.5454545617
92831  -25.745  28.417  33.544 0.5636363626
92832  -25.248  28.480  33.188 0.6181818247
92953  -24.671  28.786  32.916 0.6181818247
92954  -24.798  28.077  32.990 0.6727272868
92955  -24.346  27.673  32.860 0.7090908885
92956  -23.916  27.342  32.798 0.7454545498
93904  -30.695  17.083  43.632 0.3818181753
93905  -30.743  17.829  43.590 0.3636363745
93906  -30.393  17.486  42.983 0.3818181753
93907  -30.185  17.900  42.334 0.3818181753
93908  -29.952  18.357  41.614 0.4000000060
93909  -29.685  18.841  40.915 0.3818181753
93910  -29.588  18.131  40.992 0.4000000060
93911  -29.196  17.901  40.417 0.4000000060
93912  -28.743  17.737  39.831 0.4000000060
94033  -28.212  17.797  39.015 0.4181818068
94034  -28.500  17.237  39.799 0.3818181753
94035  -28.264  16.717  39.820 0.4000000060
95981  -19.390  35.299  33.597 0.6545454264
95982  -19.443  36.088  33.515 0.6545454264
95983  -19.125  36.040  33.836 0.6363636255
95984  -18.903  36.690  34.081 0.6363636255
95985  -18.773  37.422  34.337 0.6181818247
95986  -18.695  38.095  34.578 0.6000000238
95987  -18.508  37.321  34.766 0.5818181634
95988  -18.265  37.177  35.199 0.6181818247
95989  -18.061  37.044  35.657 0.6727272868
95990  -21.295  22.623  37.041 0.7090908885
95991  -21.116  23.375  36.785 0.7454545498
95992  -20.964  23.251  37.382 0.7272727489
95993  -20.595  23.884  37.703 0.7090908885
95994  -20.275  24.548  38.106 0.7272727489
95995  -19.193  31.775  43.671 0.5818181634
95996  -19.070  31.661  42.967 0.6363636255
95997  -18.929  32.447  43.233 0.5636363626
95998  -18.554  33.141  42.890 0.5272727013
95999  -18.164  33.880  42.566 0.5454545617
96000  -17.859  34.641  42.211 0.5636363626
96001  -17.976  34.710  42.822 0.5454545617
96002  -17.791  35.571  43.099 0.4909090996
99912  -28.338  29.501  36.212 0.3636363745
99913  -28.727  29.430  36.567 0.3454545438
99914  -28.543  30.007  36.542 0.3454545438
99925  -26.013  31.597  34.667 0.4545454681
99926  -26.277  32.115  35.209 0.3454545438
99927  -25.870  32.221  34.827 0.4000000060
99928  -25.702  32.886  34.967 0.3454545438
100297  -24.088  34.226  33.843 0.3454545438
100298  -24.062  33.536  33.698 0.4000000060
100299  -23.627  33.274  33.321 0.4545454681
100300  -23.244  33.041  32.990 0.5636363626
100301  -22.446  30.395  32.511 0.7454545498
100302  -22.372  31.084  32.465 0.7272727489
100303  -21.927  30.897  32.458 0.7636363506
100304  -21.438  31.505  32.497 0.7454545498
100305  -21.016  32.106  32.610 0.7636363506
100306  -20.641  32.761  32.758 0.7454545498
100307  -20.621  31.963  32.810 0.7818182111
100308  -20.283  31.748  33.103 0.7818182111
100309  -19.962  31.562  33.464 0.7818182111
100310  -20.821  22.454  42.356 0.5090909004
100311  -20.452  23.114  42.096 0.5272727013
100312  -20.479  23.184  42.875 0.5090909004
100313  -20.195  23.876  43.438 0.5090909004
100314  -19.961  24.630  43.995 0.5818181634
100315  -20.322  26.694  47.219 0.5090909004
100316  -20.018  26.579  46.567 0.5090909004
100317  -20.100  27.377  46.852 0.4909090996
100318  -19.895  28.026  46.457 0.5454545617
100319  -19.723  28.671  46.030 0.5636363626
100320  -19.596  29.306  45.544 0.5090909004
100321  -19.864  29.499  46.277 0.4909090996
100322  -19.962  30.317  46.555 0.4727272689
103164  -30.338  22.993  39.275 0.3454545438
103165  -28.810  20.946  38.225 0.4545454681
103166  -29.047  21.627  38.234 0.4363636374
103167  -28.607  21.502  37.606 0.4727272689
103168  -28.428  22.100  37.048 0.4545454681
103169  -28.249  22.732  36.504 0.4909090996
103170  -28.063  23.379  35.987 0.5090909004
103171  -27.811  22.680  35.978 0.5272727013
103172  -27.380  22.672  35.489 0.5090909004
103173  -26.866  22.655  35.043 0.5454545617
103537  -26.275  22.812  34.580 0.5636363626
103538  -26.513  22.115  34.998 0.5454545617
103539  -26.127  21.662  35.007 0.5454545617
103540  -25.760  21.253  35.059 0.5636363626
103541  -25.800  18.414  36.798 0.5090909004
103542  -25.504  19.099  36.304 0.5636363626
103543  -25.111  18.787  36.460 0.5636363626
103544  -24.470  19.203  36.268 0.5818181634
103545  -23.860  19.671  36.177 0.6000000238
103546  -23.304  20.187  36.181 0.5818181634
103547  -23.546  19.446  36.556 0.5636363626
103548  -23.238  19.284  36.996 0.5272727013
103549  -22.950  19.150  37.522 0.5454545617
103559  -23.012  16.982  39.675 0.4727272689
103560  -22.844  17.629  39.289 0.5272727013
103561  -22.610  17.590  39.888 0.4727272689
103562  -22.278  18.287  40.078 0.4727272689
103563  -21.948  18.984  40.409 0.4727272689
103564  -21.673  19.667  40.718 0.4545454681
103565  -21.817  19.017  41.091 0.4363636374
103566  -21.751  19.084  41.788 0.4363636374
103567  -21.666  19.184  42.571 0.3818181753
109382  -22.652  35.981  32.920 0.4181818068
109383  -22.763  36.506  32.809 0.3818181753
109384  -22.321  36.492  32.711 0.4545454681
109385  -22.017  37.025  32.623 0.4727272689
109386  -21.751  37.570  32.546 0.5272727013
109387  -20.169  38.891  33.007 0.4909090996
109388  -20.537  38.920  32.770 0.4545454681
109389  -20.344  39.518  32.879 0.4181818068
109390  -20.503  40.128  32.751 0.4545454681
109391  -20.699  40.714  32.634 0.4363636374
109392  -20.996  41.325  32.509 0.4363636374
109393  -20.570  41.414  32.709 0.4545454681
109394  -20.406  42.057  32.736 0.4727272689
109395  -20.154  42.660  32.798 0.4727272689
109396  -19.888  43.305  32.883 0.4545454681
109397  -19.733  42.665  33.055 0.4727272689
109398  -19.423  42.712  33.378 0.4909090996
109399  -19.150  42.692  33.781 0.4363636374
109400  -18.085  40.645  35.168 0.4909090996
109401  -18.224  41.333  34.894 0.4909090996
109402  -17.881  41.316  35.303 0.4545454681
109403  -17.654  41.977  35.482 0.4545454681
109404  -17.464  42.631  35.785 0.4000000060
109405  -17.297  43.309  36.103 0.3636363745
109406  -17.143  42.601  36.274 0.4181818068
109407  -16.845  42.558  36.759 0.4000000060
109408  -16.610  42.457  37.292 0.3818181753
109409  -23.731  24.227  33.737 0.6545454264
109410  -23.494  25.043  33.511 0.7272727489
109411  -23.140  24.774  33.746 0.7454545498
109412  -22.568  25.328  33.804 0.7636363506
109413  -22.051  25.831  33.912 0.8000000119
109414  -20.514  26.438  35.806 0.7636363506
109415  -20.696  26.589  35.265 0.8181818128
109416  -20.343  27.239  35.554 0.8181818128
109417  -20.179  27.997  35.293 0.8000000119
109418  -19.999  28.796  35.046 0.7818182111
109419  -19.842  29.607  34.808 0.7636363506
109420  -19.714  29.386  35.348 0.7454545498
109421  -19.488  30.103  35.621 0.7272727489
109422  -19.240  30.859  35.912 0.6727272868
109423  -19.409  25.903  41.085 0.6363636255
109424  -19.523  25.841  40.322 0.6545454264
109425  -19.380  26.628  40.769 0.6727272868
109426  -19.410  27.349  40.439 0.7090908885
109427  -19.446  28.084  40.092 0.7090908885
109428  -18.591  31.672  40.296 0.6181818247
109429  -18.739  30.993  39.939 0.6363636255
109430  -18.514  31.798  39.598 0.6181818247
109431  -18.506  31.899  38.973 0.6545454264
109432  -18.553  32.030  38.316 0.6909090877
109433  -18.652  32.113  37.734 0.7272727489
109434  -18.401  32.793  38.056 0.6909090877
109435  -18.246  33.560  37.789 0.6909090877
109436  -18.104  34.394  37.477 0.6909090877
109437  -17.976  35.205  37.215 0.7090908885
109438  -17.910  35.094  37.754 0.6909090877
109439  -17.733  35.787  37.979 0.6909090877
109440  -17.542  36.580  38.261 0.6727272868
109441  -16.908  37.662  40.632 0.5454545617
109442  -16.940  37.747  40.031 0.5454545617
109443  -16.743  38.401  40.282 0.4909090996
109444  -16.522  39.114  39.868 0.4909090996
109445  -16.307  39.843  39.483 0.4363636374
109446  -16.132  40.610  39.122 0.4181818068
116746  -28.860  26.102  36.629 0.4363636374
116747  -29.011  26.744  36.866 0.3454545438
116748  -28.645  26.797  36.362 0.3818181753
116749  -28.442  27.486  36.117 0.4000000060
116750  -28.269  28.149  35.930 0.4181818068
116751  -27.553  27.542  35.292 0.5272727013
116752  -27.880  28.245  35.551 0.4727272689
116753  -28.140  28.858  35.864 0.4181818068
116754  -27.954  29.540  35.872 0.4363636374
116755  -27.740  30.128  35.898 0.3818181753
116756  -27.524  30.662  35.947 0.3818181753
116758  -27.203  30.763  35.674 0.4000000060
116759  -26.923  30.840  35.336 0.4727272689
116760  -26.555  30.924  34.936 0.4363636374
116761  -26.443  29.742  34.372 0.5636363626
116762  -26.300  30.366  34.406 0.5090909004
116763  -26.129  31.012  34.504 0.5272727013
116764  -25.771  31.032  34.098 0.5090909004
116765  -25.294  31.087  33.780 0.5272727013
116766  -24.797  31.172  33.503 0.5090909004
117049  -24.269  31.511  33.279 0.5636363626
117050  -24.364  30.846  33.132 0.5818181634
117051  -23.920  30.506  32.850 0.6545454264
117052  -23.440  30.161  32.669 0.7272727489
117053  -24.118  29.073  32.709 0.7090908885
117054  -23.564  29.474  32.610 0.7272727489
117055  -22.951  29.889  32.519 0.7454545498
117056  -22.521  29.644  32.522 0.7454545498
117057  -22.064  29.368  32.622 0.7454545498
117058  -21.684  29.141  32.810 0.7818182111
117059  -21.081  22.678  45.368 0.4181818068
117060  -20.758  23.345  45.154 0.4363636374
117061  -20.838  23.523  45.869 0.4181818068
117062  -20.690  24.198  46.450 0.4181818068
117063  -20.606  25.054  46.992 0.4000000060
117064  -21.088  24.671  48.023 0.3454545438
117065  -20.842  25.302  47.768 0.3636363745
117066  -20.602  25.951  47.529 0.4000000060
117067  -20.625  26.883  47.894 0.4181818068
117068  -20.684  27.830  48.356 0.3636363745
119271  -30.914  18.453  43.466 0.3454545438
119276  -30.554  20.878  41.357 0.3636363745
119277  -30.406  21.353  40.660 0.3454545438
119278  -30.162  20.769  40.697 0.4000000060
119279  -29.826  20.638  40.077 0.4000000060
119280  -29.401  20.504  39.479 0.4000000060
119281  -29.403  19.336  40.228 0.4181818068
119282  -29.146  19.841  39.501 0.4363636374
119283  -28.976  20.386  38.854 0.4909090996
119284  -28.612  20.213  38.288 0.4545454681
119285  -28.176  20.119  37.717 0.4727272689
119286  -27.729  20.068  37.175 0.4909090996
119569  -27.171  20.209  36.529 0.5454545617
119570  -27.422  19.592  37.076 0.5272727013
119571  -27.085  19.139  37.044 0.4909090996
119572  -26.786  18.624  37.113 0.4909090996
119573  -27.687  17.854  38.332 0.4545454681
119574  -27.098  17.970  37.679 0.4727272689
119575  -26.450  18.155  37.205 0.4909090996
119576  -26.115  17.760  37.321 0.4727272689
119577  -25.714  17.425  37.491 0.4727272689
119578  -25.307  17.153  37.732 0.4545454681
124115  -21.030  35.671  32.765 0.5636363626
124116  -21.072  36.372  32.667 0.5272727013
124117  -20.659  36.324  32.789 0.5636363626
124118  -20.344  36.993  32.863 0.5636363626
124119  -20.116  37.624  32.970 0.5272727013
124120  -19.578  36.864  33.386 0.6000000238
124121  -19.739  37.591  33.236 0.5272727013
124122  -19.928  38.256  33.092 0.5454545617
124123  -19.767  38.889  33.313 0.4727272689
124124  -19.677  39.556  33.485 0.4909090996
124125  -19.513  40.176  33.615 0.5090909004
124126  -19.330  40.762  33.705 0.5090909004
124127  -19.201  40.149  33.937 0.4727272689
124128  -18.874  40.129  34.288 0.5272727013
124129  -18.584  40.131  34.692 0.5454545617
124130  -18.663  38.769  34.789 0.6000000238
124131  -18.496  39.432  34.968 0.5818181634
124132  -18.264  40.058  35.055 0.5272727013
124133  -17.950  39.954  35.478 0.5272727013
124134  -17.687  39.855  35.927 0.4909090996
124135  -17.446  39.779  36.401 0.4909090996
124136  -22.388  23.141  35.043 0.7272727489
124137  -22.197  23.981  34.808 0.7636363506
124138  -21.890  23.770  35.280 0.7454545498
124139  -21.449  24.398  35.485 0.7272727489
124140  -21.000  25.022  35.769 0.7636363506
124141  -20.966  24.065  36.527 0.7636363506
124142  -20.791  24.873  36.300 0.7272727489
124143  -20.654  25.666  36.055 0.7636363506
124144  -20.387  26.305  36.359 0.7636363506
124145  -20.090  26.951  36.705 0.7636363506
124146  -19.807  27.669  37.028 0.7454545498
124147  -19.162  28.782  42.585 0.6363636255
124148  -19.240  28.783  41.845 0.6545454264
124149  -19.234  29.500  42.166 0.6727272868
124150  -19.127  30.176  41.733 0.6727272868
124151  -18.934  30.884  41.330 0.6545454264
124152  -18.915  31.599  42.317 0.6545454264
124153  -18.768  31.615  41.639 0.5818181634
124154  -18.682  31.607  40.958 0.5636363626
124155  -18.427  32.417  40.586 0.6181818247
124156  -18.169  33.238  40.230 0.5636363626
124157  -17.932  34.057  39.890 0.6363636255
124158  -17.732  34.816  39.588 0.6545454264
124159  -17.751  34.737  40.240 0.6363636255
124160  -17.568  35.517  40.526 0.6545454264
124161  -17.361  36.235  40.778 0.6181818247
124162  -17.592  35.441  41.826 0.5818181634
124163  -17.370  36.241  41.437 0.5818181634
124164  -17.114  36.948  41.014 0.5636363626
124165  -16.884  37.641  41.272 0.5090909004
124166  -16.737  38.337  41.531 0.4909090996
129294  -31.052  16.692  44.258 0.3636363745
129295  -30.610  16.428  43.675 0.4000000060
129296  -30.168  16.193  43.120 0.4000000060
129297  -29.734  15.939  42.615 0.4000000060
132843  -29.212  27.384  37.028 0.3454545438
133658  -24.404  35.631  33.321 0.3636363745
133659  -23.890  35.632  33.412 0.3818181753
133660  -23.442  35.614  33.391 0.3818181753
133661  -23.719  34.620  33.640 0.3636363745
133662  -23.318  35.068  33.478 0.3818181753
133663  -22.992  35.507  33.135 0.4363636374
133664  -22.607  35.416  33.017 0.4000000060
133665  -22.182  35.346  32.839 0.4909090996
133666  -21.763  35.222  32.733 0.5636363626
133667  -23.754  31.904  33.034 0.6181818247
133668  -23.227  32.388  32.865 0.6181818247
133669  -22.810  32.865  32.818 0.5636363626
133670  -22.378  31.842  32.528 0.6909090877
133671  -22.378  32.620  32.622 0.6363636255
133672  -22.374  33.413  32.739 0.6000000238
133673  -22.032  33.980  32.734 0.6363636255
133674  -21.689  34.557  32.733 0.6181818247
133675  -21.341  35.074  32.747 0.5818181634
133676  -20.895  34.961  32.796 0.6545454264
133677  -20.490  34.913  32.929 0.6545454264
133678  -20.038  34.814  33.136 0.6727272868
133679  -20.298  33.365  32.977 0.7090908885
133680  -19.975  33.994  33.138 0.6909090877
133681  -19.699  34.606  33.370 0.6545454264
133682  -19.369  34.506  33.707 0.6727272868
133683  -19.097  34.384  34.092 0.6727272868
133684  -18.895  34.238  34.544 0.7454545498
133685  -20.792  22.397  39.482 0.6727272868
133686  -20.507  23.097  39.247 0.6909090877
133687  -20.456  23.074  39.916 0.6909090877
133688  -20.068  23.738  40.385 0.7090908885
133689  -19.790  24.470  40.878 0.6545454264
133690  -20.080  23.795  41.868 0.6181818247
133691  -19.772  24.506  41.632 0.6727272868
133692  -19.545  25.218  41.368 0.6363636255
133693  -19.358  25.880  41.848 0.6181818247
133694  -19.210  26.602  42.246 0.6363636255
133695  -19.180  27.368  42.628 0.6545454264
133696  -20.397  24.042  44.956 0.4727272689
133697  -20.080  24.715  44.761 0.5272727013
133698  -19.767  25.405  44.476 0.6000000238
133699  -19.813  26.356  45.772 0.5636363626
133700  -19.637  26.199  44.976 0.6181818247
133701  -19.507  26.100  44.151 0.6000000238
133702  -19.305  26.797  43.812 0.6181818247
133703  -19.186  27.463  43.363 0.6181818247
133704  -19.150  28.114  42.976 0.5818181634
133705  -19.173  28.853  43.316 0.6181818247
133706  -19.262  29.636  43.590 0.5818181634
133707  -19.281  30.368  43.845 0.6000000238
133708  -19.515  29.926  45.052 0.5454545617
133709  -19.464  30.539  44.580 0.5454545617
133710  -19.366  31.142  44.131 0.6000000238
133711  -19.333  31.904  44.411 0.6000000238
133712  -19.261  32.726  44.692 0.5454545617
139642  -30.298  21.863  40.024 0.3454545438
139643  -30.121  22.411  39.377 0.3454545438
139644  -29.916  22.992  38.773 0.4000000060
139645  -29.274  22.347  38.261 0.4181818068
139646  -29.518  22.997  38.267 0.4363636374
139647  -29.705  23.588  38.218 0.3454545438
139648  -29.511  24.169  37.728 0.3818181753
139649  -29.323  24.786  37.321 0.3636363745
139650  -29.119  25.420  36.962 0.4000000060
139651  -28.703  25.458  36.492 0.4545454681
139652  -28.247  25.515  35.985 0.4727272689
139653  -27.817  25.437  35.486 0.5454545617
139654  -27.840  24.021  35.612 0.5090909004
139655  -27.619  24.734  35.297 0.5636363626
139656  -27.388  25.464  35.017 0.5636363626
139657  -26.881  25.458  34.550 0.5636363626
139658  -26.371  25.512  34.126 0.5636363626
139659  -25.877  25.497  33.798 0.5818181634
140401  -25.326  25.776  33.507 0.6363636255
140402  -25.519  25.046  33.707 0.6545454264
140403  -25.134  24.599  33.661 0.6545454264
140404  -24.727  24.157  33.686 0.6909090877
140405  -25.642  23.118  34.154 0.6363636255
140406  -24.980  23.436  33.923 0.6727272868
140407  -24.324  23.796  33.786 0.6727272868
140408  -23.970  23.459  33.964 0.6909090877
140409  -23.622  23.105  34.201 0.6909090877
140410  -23.254  22.864  34.505 0.6909090877
140411  -26.594  20.383  35.974 0.5818181634
140412  -25.991  20.564  35.533 0.5454545617
140413  -25.360  20.888  35.166 0.6000000238
140414  -25.221  19.806  35.827 0.5818181634
140415  -24.956  20.499  35.382 0.6181818247
140416  -24.710  21.224  34.923 0.6363636255
140417  -24.083  21.614  34.771 0.6909090877
140418  -23.461  22.118  34.779 0.6909090877
140419  -22.884  22.669  34.865 0.6909090877
140420  -22.569  22.355  35.275 0.6909090877
140421  -22.271  22.195  35.704 0.6727272868
140422  -21.995  22.072  36.225 0.6727272868
140423  -22.786  20.703  36.288 0.6000000238
140424  -22.237  21.327  36.477 0.6363636255
140425  -21.782  21.919  36.751 0.6727272868
140426  -21.519  21.837  37.287 0.6363636255
140427  -21.382  21.836  37.848 0.6545454264
140428  -21.255  21.731  38.464 0.6545454264
140434  -26.836  15.963  39.282 0.4363636374
140435  -26.259  16.179  38.758 0.4363636374
140436  -25.584  16.528  38.271 0.4545454681
140437  -24.916  16.919  38.047 0.4727272689
140444  -24.754  16.071  38.907 0.4727272689
140445  -24.526  16.693  38.412 0.4727272689
140446  -24.287  17.389  37.892 0.5090909004
140447  -23.739  17.872  37.884 0.5272727013
140448  -23.177  18.439  37.935 0.5272727013
140449  -22.668  19.076  38.022 0.5454545617
140450  -22.652  18.297  38.925 0.5272727013
140451  -22.436  19.011  38.561 0.5454545617
140452  -22.252  19.726  38.154 0.5636363626
140453  -21.833  20.401  38.424 0.6000000238
140454  -21.486  21.050  38.749 0.6181818247
140455  -21.150  21.760  39.106 0.6363636255
140456  -21.095  21.702  39.786 0.6181818247
140457  -21.012  21.829  40.459 0.5818181634
140458  -21.048  21.775  41.148 0.5454545617
140459  -21.474  20.427  41.083 0.4727272689
140460  -21.288  21.128  41.465 0.5090909004
140461  -21.071  21.805  41.886 0.5090909004
140462  -21.085  21.835  42.625 0.4909090996
140463  -21.077  21.901  43.375 0.4363636374
140464  -21.127  21.918  44.107 0.4363636374
140472  -21.306  21.358  44.437 0.3636363745
140473  -21.208  22.017  44.876 0.4000000060
140474  -21.252  22.155  45.678 0.3636363745
140475  -21.297  22.373  46.514 0.3454545438
140476  -21.433  22.487  47.346 0.3636363745
140479  -21.631  22.649  48.185 0.3454545438
152201  -24.088  36.933  32.778 0.3454545438
152203  -22.928  36.996  32.691 0.3818181753
152204  -23.133  37.445  32.564 0.3454545438
152209  -21.164  37.054  32.599 0.4727272689
152210  -21.304  37.688  32.553 0.4909090996
152211  -21.496  38.195  32.503 0.4727272689
152212  -20.910  38.869  32.584 0.4363636374
152213  -21.302  38.787  32.486 0.4363636374
152214  -21.729  38.714  32.466 0.4181818068
152215  -22.007  39.243  32.442 0.4181818068
152216  -22.333  39.740  32.425 0.3818181753
152218  -22.631  40.985  32.369 0.3636363745
152219  -22.479  41.694  32.335 0.3818181753
152220  -22.300  42.418  32.368 0.3818181753
152221  -21.332  41.924  32.420 0.4363636374
152222  -21.707  42.531  32.375 0.4000000060
152223  -22.119  43.162  32.391 0.3818181753
152224  -21.919  43.900  32.449 0.3818181753
152230  -19.690  43.955  33.057 0.3818181753
152231  -19.416  44.560  33.183 0.3636363745
152236  -19.175  41.450  33.814 0.5090909004
152237  -19.016  42.060  33.980 0.4727272689
152238  -18.878  42.665  34.179 0.4000000060
152239  -18.354  42.038  34.660 0.4363636374
152240  -18.550  42.660  34.539 0.4000000060
152241  -18.612  43.303  34.356 0.3818181753
152254  -24.721  26.130  33.233 0.6363636255
152255  -24.107  26.542  33.031 0.7454545498
152256  -23.513  26.941  32.883 0.7636363506
152257  -23.285  25.859  33.288 0.8000000119
152258  -23.100  26.658  33.052 0.7818182111
152259  -22.936  27.398  32.834 0.7636363506
152260  -22.358  27.876  32.821 0.8181818128
152261  -21.818  28.370  32.945 0.8000000119
152262  -21.343  28.901  33.061 0.8000000119
152263  -21.942  24.827  34.589 0.7636363506
152264  -21.760  25.617  34.338 0.8181818128
152265  -21.565  26.368  34.079 0.8000000119
152266  -20.907  26.753  34.725 0.8181818128
152267  -21.107  26.948  34.223 0.8181818128
152268  -21.358  27.111  33.828 0.8363636136
152269  -21.180  27.910  33.599 0.8363636136
152270  -21.024  28.692  33.402 0.8181818128
152271  -20.877  29.485  33.214 0.7818182111
152272  -20.457  30.106  33.430 0.7636363506
152273  -20.084  30.719  33.658 0.7818182111
152274  -19.757  31.427  33.891 0.8000000119
152275  -19.728  30.455  34.558 0.7454545498
152276  -19.573  31.278  34.357 0.7636363506
152277  -19.469  32.080  34.171 0.7636363506
152278  -19.228  32.721  34.467 0.7818182111
152279  -18.993  33.427  34.749 0.7454545498
152280  -18.739  34.093  35.029 0.7454545498
152281  -20.291  23.776  39.012 0.6909090877
152282  -20.122  24.475  38.770 0.6909090877
152283  -19.999  25.228  38.552 0.7272727489
152284  -19.635  25.860  39.649 0.7090908885
152285  -19.763  25.899  38.969 0.7090908885
152286  -19.923  25.971  38.294 0.7272727489
152287  -19.856  26.716  38.000 0.7272727489
152288  -19.796  27.468  37.644 0.7454545498
152289  -19.577  28.347  37.316 0.7272727489
152290  -19.310  28.777  41.114 0.6909090877
152291  -19.344  28.784  40.380 0.7454545498
152292  -19.338  28.829  39.662 0.6909090877
152293  -18.937  30.308  39.701 0.6545454264
152294  -19.123  29.602  39.343 0.7090908885
152295  -19.315  28.900  38.963 0.7090908885
152296  -19.317  28.933  38.312 0.6909090877
152297  -19.331  29.047  37.688 0.7454545498
152298  -19.390  29.159  37.044 0.7636363506
152299  -19.236  29.954  36.775 0.7090908885
152300  -19.124  30.775  36.482 0.6909090877
152301  -19.024  31.584  36.264 0.6909090877
152302  -18.684  32.236  37.121 0.7272727489
152303  -18.793  32.299  36.585 0.7090908885
152304  -18.895  32.410  36.031 0.7272727489
152305  -18.755  33.227  35.773 0.7454545498
152306  -18.624  33.987  35.548 0.7272727489
152307  -18.504  34.803  35.303 0.7272727489
152308  -18.250  35.527  35.598 0.7272727489
152309  -18.061  36.208  35.892 0.7090908885
152310  -17.924  36.930  36.147 0.6909090877
152311  -17.877  36.012  36.925 0.7090908885
152312  -17.807  36.802  36.616 0.7090908885
152313  -17.798  37.661  36.342 0.6727272868
152314  -17.616  38.340  36.569 0.6181818247
152315  -17.402  39.021  36.737 0.5818181634
152316  -17.218  39.676  36.950 0.5090909004
152317  -17.583  35.675  39.219 0.6545454264
152318  -17.453  36.469  38.849 0.6363636255
152319  -17.302  37.247  38.498 0.6181818247
152320  -16.999  37.798  39.371 0.5636363626
152321  -17.038  37.889  38.736 0.6181818247
152322  -17.156  38.013  38.162 0.6000000238
152323  -17.043  38.735  37.818 0.6000000238
152324  -16.964  39.495  37.476 0.5090909004
152325  -16.940  40.323  37.160 0.4545454681
152326  -16.695  40.976  37.356 0.4363636374
152327  -16.484  41.662  37.609 0.3818181753
152328  -16.308  42.415  37.895 0.4000000060
152329  -15.989  41.509  38.764 0.4363636374
152330  -16.019  42.271  38.490 0.3818181753
