#!ascii label  , from subject fsaverage vox2ras=TkReg
1485
56  -17.322  57.987  -4.413 0.0181818176
390  -17.527  61.086  3.978 0.0181818176
889  -20.551  58.318  7.442 0.2363636345
890  -16.642  61.536  9.521 0.0545454547
1865  -31.681  50.964  -0.317 0.0545454547
1868  -22.271  51.928  5.927 0.5454545617
1869  -21.660  57.821  2.641 0.1818181872
1870  -18.352  61.932  -1.467 0.0545454547
4106  -19.718  60.615  5.616 0.0909090936
4107  -21.421  58.567  4.869 0.1636363566
4108  -20.595  61.138  3.208 0.0909090936
4109  -19.805  59.996  0.687 0.1272727251
4110  -17.620  61.628  1.380 0.0363636352
4111  -15.162  62.613  -0.956 0.0181818176
6207  -22.348  56.018  9.473 0.3454545438
6209  -19.240  60.216  8.496 0.0909090936
6210  -16.919  60.787  6.797 0.0363636352
6211  -14.339  61.655  5.349 0.0181818176
7610  -15.877  61.464  -4.749 0.0181818176
8221  -19.430  56.902  -2.737 0.0181818176
8223  -23.920  48.999  5.504 0.6000000238
8224  -23.610  51.498  4.095 0.4363636374
8225  -21.127  55.388  6.630 0.4909090996
8226  -22.245  54.889  4.467 0.2909090817
8228  -20.301  56.402  0.772 0.1454545408
8229  -19.350  58.568  -1.204 0.0909090936
8230  -18.724  60.702  -3.226 0.0363636352
8231  -16.262  63.521  -3.291 0.0363636352
11786  -18.719  60.946  4.825 0.0363636352
11787  -20.246  60.991  4.408 0.0363636352
11788  -19.089  61.277  3.592 0.0545454547
11789  -19.114  61.440  2.394 0.0363636352
11790  -17.572  61.425  2.725 0.0363636352
11791  -16.211  61.556  1.675 0.0181818176
14178  -27.768  47.130  6.035 0.6727272868
14180  -26.950  47.712  4.983 0.6545454264
14182  -25.632  48.160  4.698 0.6363636255
14184  -23.362  58.250  11.228 0.1636363566
14186  -18.092  61.079  10.212 0.0727272704
14187  -19.583  60.519  9.797 0.0727272704
14188  -18.147  60.879  9.055 0.0545454547
14189  -18.029  60.628  7.644 0.0727272704
14190  -16.693  61.170  8.271 0.0545454547
14191  -15.346  61.563  7.737 0.0363636352
18052  -30.763  51.384  -1.212 0.0545454547
18073  -22.975  50.327  5.712 0.5272727013
18074  -23.653  50.179  4.715 0.5090909004
18076  -21.146  57.119  8.565 0.2909090817
18077  -21.413  55.588  8.105 0.4363636374
18078  -20.736  56.922  7.035 0.2909090817
18079  -22.016  58.269  3.733 0.1636363566
18080  -21.861  56.781  4.539 0.2545454502
18081  -22.259  56.416  3.568 0.1818181872
18082  -22.634  54.494  3.529 0.2181818187
18083  -21.840  55.841  2.607 0.2181818187
18084  -21.292  55.163  1.663 0.1818181872
18085  -20.958  57.133  1.723 0.1636363566
18086  -18.878  60.856  -0.388 0.1090909094
18087  -19.324  59.312  -0.395 0.1272727251
18088  -19.051  60.425  -1.479 0.0909090936
18089  -19.270  59.699  -2.210 0.0363636352
18090  -18.765  61.612  -2.457 0.0363636352
18091  -17.652  62.464  -3.334 0.0363636352
18092  -17.431  62.863  -2.420 0.0363636352
23490  -16.417  61.527  10.744 0.0545454547
25821  -22.093  52.215  7.196 0.5636363626
25822  -20.240  59.588  6.386 0.1090909094
25823  -20.668  58.459  6.016 0.1818181872
25824  -20.796  59.941  5.251 0.1090909094
25825  -21.523  60.096  4.074 0.1454545408
25826  -21.488  59.656  2.834 0.0909090936
25827  -20.798  59.036  1.719 0.1272727251
25828  -20.304  60.637  1.887 0.0727272704
25829  -18.955  61.234  1.008 0.0909090936
25830  -17.823  61.730  -0.170 0.0545454547
25831  -16.790  62.501  -1.314 0.0181818176
25832  -16.382  61.870  0.180 0.0181818176
25833  -14.959  62.086  0.472 0.0181818176
25834  -13.534  62.446  1.233 0.0181818176
29840  -23.571  55.339  11.612 0.4000000060
29841  -23.174  54.851  10.163 0.3818181753
29842  -23.290  56.565  10.745 0.2727272809
29843  -22.239  57.595  9.914 0.2363636345
29844  -21.153  58.533  8.926 0.2000000030
29846  -20.643  59.723  9.328 0.1636363566
29847  -20.181  59.422  7.917 0.1454545408
29848  -19.295  60.222  6.966 0.1090909094
29849  -18.348  60.586  6.173 0.0363636352
29850  -17.303  60.748  5.344 0.0181818176
29851  -15.881  60.976  4.473 0.0181818176
29852  -15.596  61.048  6.099 0.0181818176
33272  -16.703  59.942  -4.594 0.0181818176
34963  -18.645  57.566  -3.694 0.0181818176
34970  -24.538  48.949  4.656 0.6000000238
34971  -24.246  50.031  3.826 0.5090909004
34972  -23.642  50.958  3.060 0.3272727132
34973  -22.466  54.383  8.978 0.4727272689
34974  -21.761  53.985  7.611 0.5454545617
34975  -21.675  53.666  6.271 0.5454545617
34976  -21.087  56.942  5.675 0.3090909123
34977  -21.546  55.219  5.365 0.4545454681
34978  -22.098  53.449  5.092 0.4727272689
34980  -23.100  52.716  3.314 0.3090909123
34985  -20.072  58.343  0.717 0.1272727251
34986  -19.670  57.598  -0.268 0.1454545408
34988  -19.443  57.812  -1.874 0.0545454547
34989  -19.131  58.824  -2.942 0.0363636352
34990  -18.072  59.530  -3.828 0.0181818176
34991  -17.419  61.292  -4.092 0.0363636352
34992  -16.281  62.801  -4.175 0.0181818176
34994  -15.744  63.325  -2.238 0.0181818176
42506  -18.169  60.990  4.417 0.0363636352
42507  -18.934  61.132  4.163 0.0363636352
42508  -18.295  61.191  3.769 0.0181818176
42509  -18.331  61.317  3.163 0.0181818176
42510  -17.634  61.328  3.371 0.0181818176
42511  -16.871  61.356  2.887 0.0181818176
42512  -16.872  61.184  3.486 0.0181818176
44898  -27.040  47.144  5.822 0.6545454264
44899  -27.332  47.462  5.513 0.6181818247
44900  -26.631  47.506  5.288 0.6727272868
44901  -26.265  47.865  4.795 0.6545454264
44902  -25.983  47.704  5.109 0.6727272868
44906  -17.384  61.322  9.860 0.0545454547
44907  -18.187  61.030  9.640 0.0545454547
44908  -17.411  61.202  9.245 0.0545454547
44909  -17.393  61.034  8.647 0.0545454547
44910  -16.688  61.383  8.900 0.0545454547
44911  -15.982  61.556  8.661 0.0545454547
44912  -15.962  61.730  9.254 0.0545454547
48768  -32.351  51.331  -0.109 0.0727272704
48770  -31.965  51.484  -0.668 0.0545454547
48771  -31.504  51.694  -1.079 0.0545454547
48772  -31.251  51.142  -0.796 0.0545454547
48791  -22.396  51.187  6.346 0.5454545617
48792  -22.700  50.403  6.245 0.5636363626
48793  -22.592  51.100  5.827 0.5454545617
48794  -22.855  50.981  5.350 0.4727272689
48795  -22.529  51.841  5.403 0.4909090996
48796  -20.759  57.687  8.018 0.2545454502
48797  -20.844  56.988  7.816 0.3090909123
48798  -20.612  57.665  7.286 0.2545454502
48799  -21.949  58.089  3.165 0.1636363566
48800  -22.135  57.354  3.611 0.1818181872
48801  -21.987  57.120  3.061 0.2000000030
48802  -22.093  56.149  3.062 0.2000000030
48803  -21.719  56.834  2.595 0.1454545408
48804  -21.419  56.502  2.180 0.1818181872
48805  -21.309  57.514  2.190 0.1454545408
48806  -18.609  61.363  -0.930 0.0727272704
48807  -18.954  60.664  -0.981 0.0909090936
48808  -18.765  61.256  -1.530 0.0727272704
48809  -18.974  61.048  -1.970 0.0545454547
48810  -18.548  61.832  -1.968 0.0545454547
48811  -18.162  62.325  -2.435 0.0363636352
48812  -17.940  62.400  -1.932 0.0545454547
48813  -13.059  62.956  -0.081 0.0181818176
54510  -16.198  61.280  11.240 0.0545454547
58371  -32.940  51.239  1.197 0.0909090936
58396  -20.036  60.167  5.959 0.1090909094
58397  -20.433  59.728  5.777 0.1090909094
58398  -20.318  60.407  5.373 0.0727272704
58399  -20.515  61.093  3.843 0.0727272704
58400  -20.987  60.735  4.281 0.0545454547
58401  -21.159  60.660  3.650 0.0909090936
58402  -21.617  59.916  3.444 0.1272727251
58403  -21.178  60.508  3.001 0.0727272704
58404  -20.971  60.238  2.391 0.0909090936
58405  -20.512  60.935  2.558 0.0909090936
58406  -18.331  61.540  1.911 0.0363636352
58407  -19.025  61.369  1.707 0.0363636352
58408  -18.339  61.491  1.200 0.0363636352
58409  -18.376  61.463  0.457 0.0545454547
58410  -17.718  61.681  0.612 0.0181818176
58411  -17.118  61.825  0.000 0.0181818176
58412  -16.995  61.757  0.799 0.0181818176
58414  -15.580  61.798  1.093 0.0181818176
58415  -14.862  61.948  1.345 0.0181818176
58416  -14.242  62.273  0.923 0.0181818176
65573  -29.758  47.646  6.602 0.5272727013
65589  -23.499  55.959  11.139 0.3818181753
65590  -23.609  56.795  11.409 0.2363636345
65591  -22.710  58.715  10.734 0.1636363566
65592  -22.824  57.914  10.555 0.2181818187
65593  -22.205  58.402  10.089 0.2181818187
65594  -21.656  58.063  9.431 0.2363636345
65595  -21.600  58.800  9.583 0.2000000030
65599  -19.407  60.360  9.187 0.0727272704
65600  -20.154  60.159  9.561 0.0909090936
65601  -19.917  59.946  8.909 0.0909090936
65602  -20.368  59.543  8.636 0.1636363566
65603  -19.762  59.836  8.187 0.0909090936
65604  -19.716  59.805  7.414 0.1090909094
65605  -19.169  60.144  7.761 0.1090909094
65606  -17.466  60.723  7.233 0.0727272704
65607  -18.154  60.557  6.892 0.0545454547
65608  -17.622  60.589  6.488 0.0363636352
65609  -17.853  60.684  5.776 0.0363636352
65610  -17.098  60.706  6.091 0.0363636352
65611  -16.482  60.743  5.688 0.0181818176
65612  -16.290  60.887  6.468 0.0363636352
73193  -16.315  60.779  -4.650 0.0181818176
73195  -15.393  60.625  -5.116 0.0181818176
77242  -19.134  57.290  -3.256 0.0181818176
77259  -24.785  48.414  5.069 0.6363636255
77260  -24.239  48.959  5.054 0.6000000238
77261  -23.608  50.806  4.388 0.5090909004
77262  -24.013  50.117  4.278 0.5272727013
77263  -23.979  50.732  3.954 0.5090909004
77264  -24.002  50.474  3.430 0.3818181753
77265  -23.666  51.257  3.567 0.3454545438
77266  -22.809  55.440  9.827 0.3636363745
77267  -22.856  54.602  9.548 0.4000000060
77268  -22.423  55.188  9.227 0.3818181753
77269  -21.123  55.434  7.350 0.4545454681
77270  -21.586  54.799  7.852 0.4909090996
77271  -21.392  54.716  7.144 0.5818181634
77272  -21.634  53.834  6.964 0.5636363626
77273  -21.425  54.571  6.455 0.5818181634
77274  -21.003  58.532  5.404 0.2000000030
77275  -20.881  57.709  5.842 0.2727272809
77276  -21.254  57.747  5.262 0.2000000030
77277  -22.048  55.855  4.471 0.2909090817
77278  -21.652  56.010  4.947 0.3090909123
77279  -21.897  55.078  4.877 0.3272727132
77280  -21.833  54.316  5.251 0.4909090996
77281  -22.162  54.177  4.766 0.4000000060
77283  -22.547  54.015  4.322 0.2909090817
77284  -22.462  54.226  3.015 0.2000000030
77285  -22.921  53.593  3.456 0.2545454502
77286  -22.723  53.304  2.943 0.2363636345
77287  -22.902  52.351  2.827 0.2545454502
77291  -20.795  55.794  1.230 0.1636363566
77292  -21.083  54.829  1.202 0.1636363566
77293  -20.569  55.433  0.766 0.1454545408
77296  -20.341  59.529  1.155 0.1272727251
77297  -20.425  58.731  1.250 0.1272727251
77298  -19.966  59.223  0.665 0.1272727251
77299  -19.320  58.964  -0.820 0.1272727251
77300  -19.472  58.480  -0.331 0.1272727251
77301  -19.474  58.066  -0.728 0.1272727251
77302  -19.639  57.143  -0.615 0.1454545408
77303  -19.478  57.644  -1.075 0.0909090936
77304  -19.573  57.313  -1.417 0.0727272704
77305  -19.400  58.184  -1.524 0.0727272704
77306  -19.220  60.257  -2.723 0.0363636352
77307  -19.287  59.285  -2.538 0.0363636352
77308  -18.983  59.769  -3.079 0.0363636352
77309  -18.751  59.246  -3.434 0.0363636352
77310  -18.482  60.188  -3.556 0.0363636352
77311  -17.777  60.471  -3.931 0.0181818176
77312  -18.100  61.032  -3.678 0.0363636352
77313  -17.014  63.089  -3.343 0.0363636352
77314  -17.006  62.728  -3.744 0.0363636352
77315  -16.365  63.314  -3.771 0.0363636352
77316  -15.569  63.336  -4.145 0.0181818176
77317  -15.561  63.743  -3.676 0.0181818176
77318  -15.948  62.585  -1.164 0.0181818176
77319  -16.279  62.975  -1.816 0.0181818176
77320  -15.439  63.032  -1.632 0.0181818176
77333  -15.075  61.259  4.890 0.0181818176
77335  -14.408  61.622  4.494 0.0181818176
94942  -19.224  60.837  5.219 0.0727272704
94943  -19.957  60.813  4.979 0.0727272704
94944  -19.463  61.014  4.590 0.0363636352
94945  -19.748  61.199  4.012 0.0545454547
94946  -19.894  61.301  3.443 0.0727272704
94947  -19.898  61.347  2.806 0.0545454547
94948  -19.194  61.409  3.064 0.0545454547
94949  -18.348  61.469  2.560 0.0181818176
94950  -17.575  61.582  2.070 0.0363636352
94951  -16.910  61.620  1.535 0.0363636352
94952  -16.852  61.471  2.240 0.0181818176
94953  -16.190  61.450  2.359 0.0181818176
99248  -28.463  47.262  6.225 0.5818181634
99250  -28.028  47.516  5.723 0.6545454264
99254  -26.629  47.920  4.431 0.6181818247
99255  -25.924  48.161  4.271 0.6181818247
99256  -25.337  48.540  4.254 0.6181818247
99258  -23.653  57.634  11.701 0.1636363566
99259  -23.463  58.400  11.981 0.1272727251
99260  -22.971  58.915  11.415 0.1090909094
99264  -18.962  60.815  9.985 0.0727272704
99265  -18.856  60.725  9.422 0.0545454547
99266  -18.685  60.571  8.780 0.0545454547
99267  -18.580  60.450  8.079 0.0727272704
99268  -18.016  60.727  8.389 0.0545454547
99269  -17.376  60.852  7.974 0.0545454547
99270  -16.755  60.972  7.572 0.0545454547
99271  -16.123  61.078  7.267 0.0363636352
99272  -16.032  61.318  7.982 0.0363636352
103820  -15.308  62.201  -4.813 0.0181818176
103821  -14.942  61.380  -5.164 0.0181818176
106258  -23.176  49.686  6.095 0.6181818247
106259  -23.435  49.636  5.579 0.5636363626
106260  -23.742  49.585  5.098 0.5272727013
106261  -23.273  50.261  5.186 0.5454545617
106262  -23.234  50.894  4.855 0.5090909004
106264  -21.691  56.556  9.049 0.3636363745
106265  -21.812  55.783  8.826 0.4000000060
106266  -21.263  56.371  8.353 0.3818181753
106267  -20.977  56.209  7.582 0.4181818068
106268  -20.891  56.158  6.820 0.3636363745
106269  -21.796  58.463  4.314 0.1636363566
106270  -21.658  57.698  4.690 0.1818181872
106271  -21.968  57.526  4.118 0.2363636345
106272  -22.127  56.621  4.041 0.2545454502
106273  -22.290  55.650  4.037 0.2727272809
106274  -22.515  54.711  3.990 0.2909090817
106275  -22.408  55.434  3.573 0.2363636345
106276  -22.247  55.170  3.056 0.2000000030
106277  -22.006  54.871  2.568 0.2181818187
106279  -21.572  55.513  2.134 0.1818181872
106280  -21.072  56.147  1.712 0.1636363566
106281  -20.616  56.760  1.257 0.1454545408
106282  -19.327  60.452  0.184 0.1090909094
106283  -19.576  59.669  0.111 0.1272727251
106284  -19.174  60.119  -0.437 0.1090909094
106285  -19.194  59.856  -0.943 0.1090909094
106286  -19.229  59.504  -1.350 0.0727272704
106287  -19.309  59.131  -1.691 0.0545454547
106288  -19.228  60.088  -1.880 0.0545454547
106289  -19.124  60.662  -2.370 0.0363636352
106290  -18.910  61.207  -2.876 0.0363636352
106291  -18.308  61.562  -3.339 0.0363636352
106292  -18.338  62.063  -2.936 0.0363636352
106293  -17.627  62.796  -2.935 0.0363636352
106294  -16.947  63.308  -2.910 0.0363636352
106295  -14.422  62.660  -0.670 0.0181818176
106296  -14.664  63.035  -1.395 0.0181818176
116233  -29.576  47.328  6.934 0.5272727013
116235  -29.390  46.968  7.357 0.5090909004
116236  -28.921  47.073  6.736 0.5818181634
116248  -17.930  60.979  10.768 0.0545454547
116249  -17.244  61.327  10.460 0.0545454547
116250  -16.556  61.667  10.129 0.0545454547
121656  -32.662  51.242  0.521 0.0727272704
121689  -22.080  52.020  6.553 0.5454545617
121690  -20.365  58.946  6.906 0.1454545408
121691  -20.488  58.333  6.719 0.2000000030
121692  -20.483  59.043  6.213 0.1454545408
121693  -20.740  59.184  5.591 0.1454545408
121694  -21.135  59.323  5.019 0.1454545408
121695  -20.623  60.546  4.836 0.0727272704
121696  -21.149  60.047  4.664 0.1272727251
121697  -21.531  59.326  4.476 0.1636363566
121698  -21.836  59.210  3.900 0.1636363566
121699  -21.859  59.000  3.275 0.1090909094
121700  -21.613  58.760  2.722 0.1272727251
121701  -21.232  58.485  2.188 0.1454545408
121702  -21.207  59.396  2.284 0.1090909094
121703  -20.656  59.865  1.742 0.1090909094
121704  -20.032  60.311  1.245 0.1090909094
121705  -19.769  61.246  2.131 0.0727272704
121706  -19.595  60.951  1.459 0.1090909094
121707  -19.475  60.756  0.826 0.1090909094
121708  -18.920  61.065  0.317 0.0909090936
121709  -18.470  61.430  -0.252 0.0727272704
121710  -18.077  61.866  -0.851 0.0545454547
121711  -17.631  62.301  -1.412 0.0545454547
121712  -17.350  62.116  -0.764 0.0181818176
121713  -16.522  62.194  -0.606 0.0181818176
121714  -15.751  62.235  -0.427 0.0181818176
121715  -16.282  61.719  0.938 0.0181818176
121716  -15.651  61.950  0.335 0.0181818176
121717  -15.017  62.313  -0.212 0.0181818176
121718  -14.312  62.442  0.070 0.0181818176
121719  -13.619  62.615  0.412 0.0181818176
121720  -12.967  62.772  0.708 0.0181818176
131464  -23.384  55.127  10.860 0.4181818068
131465  -23.203  55.704  10.462 0.3272727132
131466  -22.820  56.282  10.099 0.3272727132
131467  -23.348  57.378  10.990 0.2181818187
131468  -22.824  57.097  10.338 0.2909090817
131469  -22.295  56.817  9.718 0.3090909123
131470  -21.646  57.307  9.250 0.2727272809
131471  -21.142  57.813  8.750 0.2545454502
131472  -20.710  58.336  8.229 0.2545454502
131476  -20.321  60.307  10.219 0.1090909094
131477  -20.910  59.965  9.994 0.1272727251
131478  -21.376  59.458  9.768 0.1818181872
131479  -20.985  59.185  9.112 0.1818181872
131480  -20.622  58.983  8.458 0.2000000030
131481  -20.445  58.934  7.695 0.1636363566
131482  -20.125  59.456  7.156 0.1272727251
131483  -19.841  59.965  6.674 0.1090909094
131484  -19.495  60.410  6.284 0.0909090936
131485  -18.668  60.419  7.274 0.0909090936
131486  -18.839  60.467  6.535 0.0727272704
131487  -19.050  60.641  5.886 0.0909090936
131488  -18.547  60.767  5.491 0.0363636352
131489  -18.024  60.852  5.080 0.0181818176
131490  -17.402  60.881  4.629 0.0181818176
131491  -16.748  60.965  4.156 0.0181818176
131492  -16.597  60.823  4.899 0.0181818176
131493  -15.764  60.935  5.261 0.0181818176
131494  -14.955  61.298  5.723 0.0181818176
131495  -15.457  61.256  6.915 0.0363636352
131496  -14.860  61.530  6.564 0.0363636352
131497  -14.252  61.795  6.211 0.0181818176
140978  -17.029  58.969  -4.495 0.0181818176
145909  -18.002  57.781  -4.067 0.0181818176
145929  -25.064  48.520  4.688 0.6181818247
145930  -24.814  48.975  4.231 0.6000000238
145931  -24.134  49.539  4.647 0.5636363626
145932  -24.390  49.504  4.228 0.5818181634
145940  -21.946  54.980  8.566 0.4727272689
145941  -22.037  54.166  8.282 0.5090909004
145943  -21.929  53.108  7.448 0.5454545617
145944  -21.839  52.905  6.773 0.5636363626
145945  -21.913  52.781  6.104 0.5636363626
145946  -20.591  57.653  6.528 0.2000000030
145947  -20.748  56.906  6.277 0.3090909123
145948  -20.930  56.159  6.101 0.4363636374
145949  -21.468  56.914  5.091 0.2727272809
145950  -21.301  56.115  5.513 0.3636363745
145951  -21.254  55.303  5.944 0.4909090996
145952  -21.531  54.419  5.781 0.5090909004
145953  -21.812  53.549  5.620 0.5272727013
145954  -22.144  52.696  5.494 0.4909090996
145958  -22.808  53.811  3.907 0.2909090817
145959  -23.107  52.948  3.833 0.3272727132
145960  -23.316  52.114  3.691 0.3454545438
145961  -23.316  51.832  3.183 0.3090909123
145973  -20.868  58.124  1.730 0.1454545408
145974  -20.518  57.740  1.257 0.1272727251
145975  -20.186  57.355  0.771 0.1454545408
145976  -19.669  58.885  0.149 0.1272727251
145977  -19.830  57.952  0.225 0.1272727251
145978  -19.963  56.994  0.280 0.1454545408
145984  -19.477  57.423  -2.264 0.0363636352
145985  -19.339  58.741  -2.026 0.0363636352
145986  -19.337  58.358  -2.363 0.0363636352
145987  -19.257  57.858  -2.828 0.0363636352
145988  -18.939  58.253  -3.359 0.0363636352
145989  -18.356  58.529  -3.761 0.0181818176
145990  -17.694  58.763  -4.117 0.0181818176
145991  -17.404  59.785  -4.202 0.0181818176
145992  -17.069  60.644  -4.321 0.0181818176
145993  -16.662  61.435  -4.419 0.0181818176
145994  -17.602  61.903  -3.733 0.0363636352
145995  -16.934  62.118  -4.128 0.0181818176
145996  -16.151  62.174  -4.483 0.0181818176
145997  -15.475  62.863  -4.534 0.0181818176
146000  -17.136  62.810  -1.900 0.0363636352
146001  -16.612  63.176  -2.362 0.0181818176
146002  -16.073  63.515  -2.805 0.0181818176
387  -33.555  50.683  4.499 0.0909090936
1462  -18.976  56.352  17.729 0.0545454547
1470  -22.992  53.896  16.795 0.2363636345
2808  -17.858  58.279  12.544 0.0727272704
2809  -19.614  60.453  11.024 0.0545454547
2817  -32.615  48.369  12.510 0.2909090817
4096  -34.201  52.514  0.796 0.0363636352
6201  -32.451  49.177  5.585 0.2545454502
6206  -23.780  56.992  12.122 0.2363636345
6208  -22.043  59.129  10.222 0.1636363566
7271  -22.916  56.867  15.015 0.1454545408
10496  -32.474  47.923  13.444 0.3090909123
11776  -33.716  51.813  2.902 0.0909090936
11777  -33.055  51.109  3.596 0.1090909094
11815  -34.241  49.896  5.253 0.1272727251
14175  -32.069  48.719  6.385 0.3090909123
14176  -31.133  49.119  5.427 0.3636363745
14217  -32.868  48.718  7.973 0.2000000030
14218  -33.270  48.838  6.915 0.2181818187
15952  -17.840  56.278  16.463 0.0545454547
15991  -23.222  55.685  14.509 0.2909090817
15992  -22.981  55.401  15.929 0.2181818187
18048  -32.970  51.715  0.175 0.0545454547
18049  -33.605  52.627  -0.430 0.0363636352
23489  -17.691  60.619  11.174 0.0363636352
23499  -33.098  47.951  15.993 0.2545454502
23501  -33.448  48.532  15.150 0.2545454502
23505  -32.947  48.755  11.510 0.2000000030
25804  -35.475  52.968  1.266 0.0363636352
25805  -34.605  52.508  2.224 0.0181818176
25806  -33.477  51.692  1.551 0.0909090936
29829  -32.968  49.874  4.994 0.1818181872
29830  -32.279  50.441  4.195 0.2000000030
29831  -31.634  49.747  4.835 0.3090909123
29845  -21.071  60.106  10.698 0.1090909094
29890  -33.734  49.188  5.904 0.1636363566
32351  -23.570  55.690  13.052 0.4000000060
32352  -23.537  57.108  13.667 0.2181818187
32353  -22.411  57.944  14.023 0.1090909094
32382  -30.785  46.315  17.601 0.2545454502
42495  -33.894  51.124  4.241 0.0545454547
42496  -33.598  51.352  3.827 0.0727272704
42497  -33.288  50.958  4.104 0.1090909094
42535  -33.857  50.278  4.882 0.1272727251
42536  -34.533  50.317  5.020 0.0727272704
42537  -34.167  50.713  4.636 0.0727272704
42538  -34.500  51.161  4.400 0.0363636352
44925  -33.865  47.722  17.857 0.1818181872
44938  -32.512  48.677  7.161 0.2545454502
46706  -22.978  53.163  17.065 0.2727272809
46708  -23.097  53.269  16.532 0.2909090817
46710  -23.058  54.014  16.180 0.2909090817
46711  -23.055  54.809  15.754 0.2909090817
46712  -22.967  54.661  16.377 0.2181818187
46715  -19.197  56.502  17.177 0.0545454547
46716  -18.638  56.426  16.500 0.0727272704
48769  -32.647  51.864  -0.433 0.0545454547
54504  -19.264  58.810  12.170 0.0545454547
54505  -18.331  58.846  12.117 0.0545454547
54525  -32.804  47.714  15.214 0.3636363745
54526  -33.367  48.245  15.625 0.2545454502
54527  -32.917  48.028  14.751 0.3454545438
54528  -32.510  48.168  12.999 0.2909090817
54529  -32.984  48.529  13.884 0.2909090817
54530  -33.047  48.722  13.381 0.2727272809
54532  -33.168  48.908  12.854 0.2545454502
54533  -33.355  49.108  12.325 0.2181818187
54534  -32.795  48.545  12.031 0.2727272809
58368  -33.246  51.413  2.577 0.0909090936
58369  -33.603  51.778  2.215 0.0727272704
58370  -33.095  51.295  1.878 0.0727272704
65565  -32.710  49.500  5.297 0.2000000030
65566  -32.276  49.843  4.942 0.2181818187
65567  -32.000  49.513  5.244 0.2727272809
65568  -30.602  48.920  5.237 0.3818181753
65588  -23.670  56.167  11.876 0.4000000060
65596  -20.146  59.979  11.426 0.0363636352
65598  -20.371  60.336  10.894 0.0727272704
65695  -32.882  48.921  6.173 0.2363636345
65696  -33.494  48.964  6.362 0.2181818187
65697  -33.103  49.156  5.736 0.1818181872
65698  -33.337  49.498  5.395 0.1272727251
71011  -23.559  54.915  12.796 0.4181818068
71012  -23.453  55.039  13.489 0.4181818068
71013  -23.176  56.290  14.834 0.2181818187
71014  -23.399  56.434  14.084 0.2909090817
71015  -23.239  57.049  14.383 0.2181818187
71016  -23.131  57.665  13.906 0.1454545408
71018  -22.401  55.968  17.562 0.1454545408
71019  -22.583  55.952  16.861 0.1454545408
71090  -31.521  46.531  16.415 0.2909090817
71092  -31.887  46.774  16.114 0.3090909123
71093  -32.219  47.095  15.840 0.3454545438
77183  -34.805  52.795  1.063 0.0181818176
77184  -35.186  53.070  0.665 0.0181818176
77185  -34.552  52.834  0.412 0.0181818176
92620  -32.422  47.671  13.855 0.3818181753
92621  -31.898  47.298  12.962 0.3636363745
92623  -32.096  47.859  12.115 0.3090909123
94924  -34.319  52.091  3.243 0.0363636352
94925  -33.949  51.723  3.567 0.0545454547
94926  -33.385  51.461  3.269 0.0909090936
94927  -32.870  51.098  2.960 0.1090909094
94995  -34.664  49.614  5.750 0.1090909094
99243  -32.243  48.939  5.988 0.2727272809
99244  -31.765  49.163  5.520 0.3272727132
99245  -31.585  48.891  5.857 0.3636363745
99257  -23.725  57.775  12.483 0.1272727251
99261  -22.336  59.350  10.894 0.1272727251
99262  -18.841  60.780  10.569 0.0545454547
99263  -19.655  60.564  10.394 0.0909090936
99320  -33.620  48.829  7.700 0.1818181872
99321  -33.059  48.780  7.495 0.2181818187
99322  -32.681  48.776  6.656 0.2545454502
102511  -23.274  55.047  14.259 0.4363636374
102512  -23.129  54.939  15.014 0.3272727132
102513  -23.063  55.543  15.260 0.2727272809
102514  -22.944  56.128  15.487 0.2181818187
102522  -18.045  56.471  15.813 0.0545454547
106214  -33.631  52.145  0.496 0.0545454547
106215  -33.951  52.542  0.135 0.0181818176
106216  -33.319  52.216  -0.154 0.0363636352
116244  -19.251  60.001  11.453 0.0363636352
116245  -17.841  59.543  11.800 0.0545454547
116247  -18.625  60.491  11.073 0.0545454547
116273  -33.726  48.400  16.384 0.2363636345
116276  -32.963  48.279  14.295 0.3818181753
118772  -22.659  54.516  17.612 0.1636363566
121650  -35.029  52.778  1.775 0.0363636352
121651  -34.404  52.517  1.477 0.0181818176
121652  -34.136  52.171  2.553 0.0363636352
121653  -33.985  52.199  1.855 0.0363636352
121654  -33.833  52.131  1.168 0.0363636352
121655  -33.259  51.686  0.847 0.0545454547
131433  -33.241  50.280  4.748 0.1636363566
131434  -32.943  50.568  4.370 0.1636363566
131435  -32.587  50.215  4.641 0.2000000030
131436  -31.873  50.168  4.530 0.2363636345
131438  -31.384  49.397  5.129 0.3636363745
131474  -21.673  59.751  11.132 0.1090909094
131475  -21.650  59.709  10.441 0.1272727251
131600  -34.379  49.302  6.125 0.1272727251
131601  -33.989  49.529  5.546 0.1272727251
131602  -33.566  49.870  5.080 0.1272727251
138312  -23.652  55.543  12.369 0.4000000060
138313  -23.721  56.353  12.590 0.3272727132
138314  -23.422  55.750  13.758 0.4000000060
138315  -23.592  56.439  13.298 0.3090909123
138316  -23.712  57.093  12.884 0.1818181872
138317  -23.486  57.734  13.212 0.1818181872
138318  -22.937  58.223  13.433 0.1454545408
138320  -22.817  55.299  16.585 0.1636363566
138321  -22.783  56.014  16.177 0.1818181872
138334  -17.419  57.776  13.047 0.0545454547
138394  -34.225  44.780  18.743 0.1454545408
138397  -33.375  45.384  18.422 0.1636363566
138400  -33.438  47.269  18.109 0.1818181872
138401  -33.245  47.537  17.560 0.1818181872
138410  -33.065  47.638  16.986 0.1818181872
138411  -32.787  47.597  16.287 0.2363636345
138412  -32.527  47.406  15.542 0.3272727132
145838  -35.910  53.094  0.762 0.0181818176
145839  -35.576  53.191  0.197 0.0181818176
145841  -34.250  52.891  -0.183 0.0181818176
145856  -32.699  50.760  3.924 0.1454545408
877  -11.516  64.024  12.687 0.0363636352
2810  -15.866  60.996  11.695 0.0545454547
2811  -13.843  62.992  11.151 0.0363636352
3410  -22.520  53.777  19.378 0.1636363566
6212  -14.075  62.523  8.473 0.0181818176
10488  -16.066  58.679  12.857 0.0727272704
10489  -16.905  59.694  11.928 0.0727272704
10490  -15.165  60.222  12.652 0.0545454547
10491  -14.368  61.665  12.560 0.0363636352
14192  -15.260  61.966  9.034 0.0363636352
14193  -12.643  63.748  11.997 0.0363636352
14194  -12.802  63.790  10.566 0.0181818176
14195  -11.657  64.343  11.282 0.0363636352
15990  -23.106  54.112  15.529 0.3818181753
15995  -19.418  56.664  16.547 0.0727272704
23467  -12.408  63.428  13.332 0.0181818176
23491  -15.204  62.202  10.288 0.0181818176
23492  -14.931  62.106  11.461 0.0363636352
23493  -13.567  62.866  12.441 0.0363636352
29853  -14.179  62.121  7.037 0.0181818176
29855  -13.979  62.821  9.819 0.0181818176
29856  -12.908  63.684  9.183 0.0181818176
41209  -15.594  59.442  12.685 0.0545454547
41210  -14.866  59.825  13.172 0.0545454547
44872  -11.089  64.126  12.282 0.0181818176
44873  -10.685  63.967  12.671 0.0181818176
44874  -11.065  64.004  13.054 0.0181818176
44913  -12.072  63.947  12.374 0.0363636352
44914  -12.148  64.127  11.696 0.0363636352
44915  -11.600  64.192  12.011 0.0363636352
44916  -11.132  64.340  11.603 0.0181818176
46672  -18.421  56.253  17.102 0.0545454547
46673  -17.834  56.046  17.257 0.0545454547
46674  -18.406  56.075  17.854 0.0545454547
46714  -19.975  56.761  17.279 0.0727272704
54474  -12.816  62.580  14.222 0.0363636352
54506  -16.352  60.366  11.787 0.0545454547
54507  -17.305  60.176  11.538 0.0545454547
54508  -16.738  60.786  11.394 0.0545454547
54509  -17.048  61.150  10.990 0.0545454547
54511  -15.664  61.758  11.079 0.0545454547
54512  -15.443  61.594  11.575 0.0363636352
54513  -13.740  61.983  13.167 0.0363636352
54514  -14.002  62.304  12.558 0.0363636352
54515  -13.398  62.648  13.116 0.0363636352
54516  -12.980  63.176  12.919 0.0363636352
56312  -22.472  54.507  18.988 0.1272727251
65613  -14.668  62.058  8.137 0.0181818176
65614  -14.755  61.825  7.387 0.0363636352
65615  -14.090  62.375  7.814 0.0181818176
65617  -13.504  62.960  8.112 0.0181818176
65618  -14.522  62.560  10.693 0.0363636352
65619  -14.587  62.510  10.048 0.0181818176
65620  -13.947  62.948  10.475 0.0363636352
65621  -12.231  64.177  10.172 0.0181818176
65622  -12.826  63.759  9.861 0.0181818176
65623  -12.239  64.164  9.454 0.0181818176
92587  -13.583  61.650  13.757 0.0363636352
92606  -16.936  58.436  12.656 0.0727272704
92607  -17.366  58.973  12.190 0.0727272704
92608  -16.455  59.146  12.341 0.0727272704
92609  -16.006  59.921  12.224 0.0545454547
92610  -15.522  60.601  12.145 0.0545454547
92611  -15.106  61.271  12.068 0.0545454547
92612  -14.775  60.957  12.596 0.0363636352
92613  -14.128  61.306  13.159 0.0363636352
99273  -15.285  61.803  8.432 0.0181818176
99274  -14.620  62.220  8.753 0.0181818176
99275  -13.229  63.422  11.586 0.0363636352
99276  -13.326  63.406  10.906 0.0363636352
99277  -12.734  63.811  11.317 0.0363636352
99278  -12.228  64.141  10.930 0.0363636352
99279  -11.643  64.481  10.554 0.0181818176
102444  -17.263  56.181  16.669 0.0545454547
102517  -20.780  56.968  17.369 0.0727272704
116197  -11.980  63.797  13.046 0.0363636352
116198  -11.477  63.880  13.431 0.0181818176
116199  -11.915  63.575  13.757 0.0181818176
116201  -11.803  63.032  15.217 0.0181818176
116242  -20.205  58.864  12.254 0.0727272704
116251  -15.907  61.867  9.882 0.0545454547
116252  -15.833  61.891  10.530 0.0727272704
116253  -15.113  62.216  10.920 0.0363636352
116254  -14.397  62.582  11.354 0.0363636352
116255  -14.686  61.949  12.026 0.0363636352
116256  -14.184  62.475  11.936 0.0363636352
116257  -13.723  62.991  11.787 0.0363636352
116258  -13.117  63.383  12.222 0.0363636352
116259  -12.544  63.614  12.668 0.0363636352
131501  -15.239  62.134  9.644 0.0545454547
131502  -14.569  62.386  9.395 0.0181818176
131503  -14.006  62.705  9.133 0.0181818176
131504  -13.355  63.356  10.206 0.0181818176
131505  -13.418  63.239  9.512 0.0181818176
131506  -13.451  63.105  8.808 0.0181818176
131507  -12.940  63.530  8.419 0.0181818176
138335  -16.530  57.983  13.215 0.0545454547
4838  -31.546  52.277  -3.520 0.0181818176
8215  -29.872  51.624  -2.097 0.0363636352
18051  -31.305  52.338  -1.721 0.0181818176
34944  -30.650  52.155  -2.719 0.0181818176
77193  -30.585  52.019  -1.883 0.0363636352
77194  -30.926  52.364  -2.153 0.0181818176
77195  -30.221  51.955  -2.395 0.0181818176
77196  -29.983  51.705  -3.041 0.0181818176
77197  -29.543  51.534  -2.684 0.0181818176
106221  -31.013  51.964  -1.445 0.0545454547
106222  -30.287  51.605  -1.607 0.0545454547
145849  -31.739  52.687  -2.934 0.0181818176
145851  -31.314  52.566  -2.516 0.0181818176
145852  -31.090  52.237  -3.065 0.0181818176
18050  -32.223  52.010  -0.926 0.0727272704
106217  -32.917  52.332  -0.716 0.0363636352
106218  -32.463  52.464  -1.188 0.0181818176
106220  -31.757  52.208  -1.329 0.0181818176
23506  -32.139  48.192  9.779 0.2363636345
54536  -32.002  48.006  10.230 0.2727272809
92622  -31.964  47.591  12.584 0.3090909123
92624  -32.251  48.052  11.645 0.2727272809
92625  -31.712  47.585  11.210 0.3272727132
116286  -32.416  48.245  11.131 0.2727272809
116287  -32.552  48.445  10.643 0.2363636345
116288  -32.671  48.621  10.177 0.2363636345
55  -30.349  46.402  10.774 0.4000000060
176  -23.374  53.657  11.086 0.4727272689
885  -31.693  48.389  7.307 0.3636363745
887  -26.347  47.281  5.638 0.6727272868
1467  -28.827  44.911  13.643 0.4363636374
1468  -24.533  47.117  9.924 0.6000000238
1469  -24.412  48.651  14.419 0.4727272689
2805  -30.976  47.377  8.970 0.3818181753
2806  -29.101  47.451  6.372 0.5636363626
2807  -28.249  46.154  8.006 0.5818181634
2815  -32.361  47.403  14.303 0.3818181753
3405  -27.753  45.577  14.960 0.3272727132
3406  -25.765  45.992  13.359 0.4363636374
3418  -29.789  45.955  16.769 0.2727272809
4103  -23.516  50.114  10.525 0.5818181634
4104  -23.413  49.407  7.752 0.6000000238
4105  -22.496  52.674  8.531 0.5272727013
6203  -30.032  48.816  5.108 0.4545454681
7263  -29.784  45.332  12.280 0.4545454681
7264  -27.289  45.686  9.935 0.5272727013
7265  -26.367  45.311  11.571 0.5090909004
7266  -24.034  47.758  12.211 0.5636363626
7267  -23.350  51.000  13.144 0.5090909004
7269  -23.686  51.325  15.776 0.4000000060
7270  -23.320  54.317  14.021 0.4363636374
7282  -31.350  46.296  15.640 0.3636363745
8222  -25.286  46.845  7.547 0.7090908885
10485  -30.725  46.904  9.891 0.3636363745
10486  -29.699  46.662  8.502 0.4363636374
10487  -29.343  46.172  9.316 0.4181818068
10495  -31.309  46.721  12.478 0.3636363745
10497  -31.560  47.312  11.673 0.3272727132
10498  -31.871  47.817  10.717 0.3090909123
11086  -26.562  46.016  14.825 0.3818181753
11783  -23.416  51.959  10.877 0.6000000238
11784  -23.199  51.319  9.428 0.5090909004
11785  -23.153  53.112  9.799 0.4545454681
14177  -30.806  48.393  6.019 0.4000000060
14215  -32.491  48.595  8.965 0.2181818187
15975  -29.371  44.998  12.997 0.4909090996
15976  -28.090  45.012  11.775 0.4909090996
15977  -27.583  44.866  12.485 0.4545454681
15978  -24.920  47.282  13.861 0.4545454681
15979  -24.772  46.717  12.823 0.5272727013
15980  -24.095  48.256  13.343 0.4909090996
15981  -23.599  49.422  12.656 0.4727272689
15982  -23.761  49.787  13.897 0.5090909004
15987  -23.556  51.280  16.631 0.3272727132
15988  -23.266  52.611  16.246 0.3272727132
15989  -23.292  52.782  15.026 0.4545454681
16015  -29.478  45.428  15.191 0.3090909123
16016  -30.590  45.997  16.237 0.3090909123
16017  -30.198  45.433  14.615 0.4545454681
16018  -30.818  45.680  14.035 0.5090909004
18068  -25.782  46.085  9.827 0.5454545617
18069  -26.293  46.155  8.788 0.6181818247
18070  -24.937  46.946  8.704 0.6545454264
18071  -22.698  50.574  6.832 0.5454545617
18072  -23.519  49.149  6.595 0.6363636255
18075  -22.851  51.687  4.957 0.4545454681
23481  -31.354  47.918  8.205 0.3818181753
23483  -30.063  47.253  7.620 0.5090909004
23484  -28.695  46.708  7.141 0.5636363626
23485  -27.264  46.540  6.767 0.6363636255
24561  -28.294  45.130  14.218 0.3454545438
24562  -27.162  45.048  13.171 0.4181818068
24563  -26.903  45.613  14.003 0.4000000060
24564  -25.826  46.545  14.270 0.4181818068
24565  -25.270  47.777  14.863 0.4181818068
24585  -28.951  45.448  17.122 0.2727272809
24586  -28.802  45.561  15.774 0.3454545438
25817  -23.856  48.591  10.190 0.5818181634
25818  -23.976  48.311  8.810 0.6181818247
25819  -23.428  49.701  9.104 0.6000000238
25820  -22.845  50.874  8.071 0.5818181634
29834  -29.572  48.139  5.759 0.5272727013
32331  -30.103  45.816  11.515 0.4181818068
32332  -28.947  45.769  10.255 0.4727272689
32333  -28.499  45.348  10.997 0.4545454681
32334  -26.760  45.440  10.718 0.4909090996
32335  -25.283  46.094  10.744 0.5454545617
32336  -25.974  45.511  12.427 0.4909090996
32337  -24.933  46.341  11.793 0.5818181634
32338  -24.233  47.333  11.038 0.5454545617
32339  -23.716  48.948  11.444 0.5818181634
32340  -23.468  50.638  11.884 0.5818181634
32341  -23.320  52.349  12.174 0.4909090996
32344  -24.751  49.126  15.573 0.4000000060
32346  -24.092  50.142  16.156 0.3636363745
32347  -24.015  50.015  15.107 0.4363636374
32348  -23.511  51.219  14.451 0.4909090996
32349  -23.295  52.655  13.580 0.4727272689
32350  -23.483  54.113  12.523 0.4363636374
32385  -31.993  46.845  15.058 0.4181818068
32386  -31.178  46.211  13.265 0.4545454681
34964  -27.759  45.862  8.982 0.5636363626
34965  -26.767  46.205  7.750 0.6727272868
34966  -25.821  46.921  6.536 0.6909090877
34967  -24.196  47.993  7.590 0.6727272868
34968  -24.544  47.872  6.485 0.6727272868
34969  -25.080  47.890  5.530 0.6909090877
34979  -22.898  53.138  4.275 0.3818181753
41205  -30.540  46.667  10.348 0.3818181753
41206  -30.064  46.521  9.619 0.3818181753
41207  -29.874  46.293  10.050 0.4181818068
41215  -30.851  46.550  11.655 0.3636363745
41216  -31.394  47.000  12.135 0.3454545438
41217  -30.988  46.821  11.216 0.3818181753
41218  -31.171  47.068  10.766 0.3636363745
42503  -23.357  52.804  10.973 0.4909090996
42504  -23.336  52.559  10.299 0.4909090996
42505  -23.303  53.397  10.426 0.4727272689
44895  -31.892  48.547  6.843 0.3272727132
44896  -31.405  48.610  6.201 0.3454545438
44897  -31.249  48.339  6.619 0.4000000060
44935  -32.108  48.463  8.146 0.3272727132
44936  -32.693  48.691  8.492 0.2545454502
44937  -32.312  48.581  7.662 0.2909090817
46695  -29.099  44.907  13.318 0.4545454681
46696  -28.487  44.853  12.711 0.5090909004
46697  -28.218  44.830  13.030 0.4545454681
46698  -24.638  47.941  14.111 0.4727272689
46699  -24.482  47.723  13.607 0.4727272689
46700  -24.239  48.475  13.873 0.4909090996
46701  -23.886  49.042  13.596 0.5090909004
46702  -24.061  49.211  14.187 0.4727272689
46707  -23.176  52.540  16.761 0.3090909123
46709  -23.153  53.350  15.923 0.3090909123
46735  -29.237  45.145  14.404 0.3636363745
46736  -29.830  45.404  14.916 0.3272727132
46737  -29.558  45.116  14.112 0.4363636374
46738  -29.855  45.154  13.792 0.4363636374
48788  -25.097  46.517  9.838 0.6000000238
48789  -25.373  46.505  9.299 0.6181818247
48790  -24.749  47.053  9.338 0.6000000238
54495  -31.155  47.626  8.573 0.3636363745
54496  -30.716  47.565  7.897 0.4363636374
54497  -30.527  47.248  8.281 0.4727272689
54498  -28.969  46.328  8.229 0.4727272689
54499  -29.178  46.628  7.784 0.5090909004
54500  -28.472  46.403  7.551 0.6000000238
54501  -28.003  46.538  6.927 0.6363636255
54502  -27.776  46.300  7.358 0.6181818247
54535  -31.430  47.580  9.828 0.3090909123
54537  -31.558  47.791  9.386 0.2909090817
54538  -31.738  48.012  9.025 0.2909090817
56295  -28.032  45.403  14.605 0.3454545438
56296  -27.550  45.306  14.058 0.3454545438
56297  -27.343  45.570  14.456 0.3272727132
56299  -26.194  46.238  14.474 0.4363636374
56300  -25.849  46.853  14.754 0.4181818068
56301  -25.499  47.157  14.518 0.4363636374
56335  -28.001  45.583  15.649 0.3454545438
56337  -28.339  45.528  15.311 0.3454545438
56338  -28.643  45.411  14.993 0.3454545438
58388  -23.643  49.345  10.340 0.6000000238
58389  -23.634  49.190  9.630 0.5818181634
58390  -23.459  49.893  9.811 0.6000000238
58391  -22.908  51.992  8.952 0.5090909004
58392  -23.000  51.078  8.754 0.5636363626
58393  -22.645  51.723  8.275 0.5636363626
58394  -22.451  51.558  7.628 0.5272727013
58395  -22.258  52.421  7.862 0.5454545617
70965  -29.970  45.585  11.893 0.4727272689
70966  -29.326  45.487  11.218 0.4545454681
70967  -29.144  45.229  11.626 0.4727272689
70968  -27.183  45.056  11.625 0.5090909004
70969  -27.419  45.137  11.217 0.4909090996
70970  -26.600  45.326  11.176 0.5454545617
70971  -25.971  45.717  10.748 0.5636363626
70972  -25.812  45.695  11.177 0.5272727013
70973  -26.412  45.479  13.232 0.4363636374
70974  -26.570  45.257  12.787 0.4727272689
70975  -25.851  45.735  12.896 0.4727272689
70976  -24.328  47.191  12.544 0.5636363626
70977  -24.811  46.520  12.339 0.5636363626
70978  -24.417  46.997  11.998 0.6000000238
70979  -24.518  46.806  11.406 0.5636363626
70980  -24.091  47.504  11.624 0.5818181634
70981  -23.917  48.107  11.233 0.5818181634
70982  -23.792  48.334  11.834 0.5818181634
70983  -23.465  50.242  12.931 0.4909090996
70984  -23.507  50.029  12.281 0.5090909004
70985  -23.384  50.815  12.493 0.5090909004
70986  -23.368  51.486  12.031 0.5272727013
70987  -23.306  51.637  12.664 0.4909090996
70994  -25.154  48.637  15.814 0.3818181753
70995  -24.807  49.211  16.125 0.3818181753
70999  -23.654  51.316  16.192 0.3454545438
71000  -23.803  50.694  16.367 0.3272727132
71001  -23.870  50.700  15.950 0.3818181753
71002  -24.119  50.119  15.686 0.4363636374
71003  -23.867  50.671  15.469 0.4181818068
71004  -23.739  50.594  14.808 0.4545454681
71005  -23.615  51.290  15.126 0.4727272689
71006  -23.263  53.554  14.543 0.4545454681
71007  -23.255  52.739  14.339 0.4545454681
71008  -23.308  53.511  13.810 0.4363636374
71009  -23.401  53.477  13.004 0.4363636374
71010  -23.454  54.281  13.254 0.4363636374
71087  -30.281  46.197  17.217 0.2727272809
71088  -30.982  46.097  15.958 0.3090909123
71089  -31.116  46.357  16.721 0.3090909123
71094  -31.689  46.526  15.347 0.3818181753
71095  -30.335  45.476  13.121 0.4727272689
71096  -31.014  45.965  13.652 0.4545454681
71097  -30.525  45.715  12.735 0.4545454681
71098  -30.613  45.948  12.335 0.4181818068
77243  -28.105  45.649  10.070 0.4909090996
77244  -28.337  45.791  9.622 0.4909090996
77245  -27.527  45.748  9.463 0.5636363626
77246  -25.770  46.457  8.167 0.7090908885
77247  -26.519  46.119  8.268 0.6545454264
77248  -26.013  46.431  7.642 0.7090908885
77249  -26.291  46.483  7.113 0.7272727489
77250  -25.576  46.864  7.047 0.6909090877
77251  -23.678  48.860  8.263 0.6727272868
77252  -24.082  48.145  8.199 0.6545454264
77253  -23.760  48.701  7.666 0.6363636255
77254  -23.641  49.050  5.993 0.5818181634
77255  -23.986  48.474  6.508 0.6545454264
77256  -24.185  48.431  5.968 0.6363636255
77257  -24.773  47.867  5.965 0.6545454264
77258  -24.476  48.386  5.487 0.6363636255
77282  -22.476  53.284  4.648 0.4000000060
92601  -30.840  47.105  9.395 0.3454545438
92602  -30.352  46.974  8.712 0.4363636374
92603  -30.209  46.752  9.186 0.3454545438
92604  -29.511  46.407  8.923 0.4000000060
92619  -31.845  47.029  13.381 0.3818181753
92626  -31.316  47.338  10.291 0.3454545438
93681  -27.483  45.633  15.356 0.3454545438
93682  -27.129  45.717  14.847 0.3636363745
94937  -23.426  51.013  10.707 0.5818181634
94938  -23.363  50.728  9.973 0.5636363626
94939  -23.343  51.644  10.145 0.5090909004
94940  -23.206  52.268  9.615 0.4909090996
94941  -22.857  52.900  9.164 0.4909090996
99247  -30.396  48.575  5.544 0.4545454681
99249  -28.683  47.635  5.894 0.5818181634
102483  -29.605  45.075  12.627 0.4727272689
102484  -28.963  45.085  11.999 0.4363636374
102485  -28.765  44.940  12.370 0.4909090996
102486  -27.825  44.888  12.148 0.4909090996
102487  -26.954  45.047  12.010 0.4545454681
102488  -25.280  46.622  13.600 0.4363636374
102489  -25.249  46.313  13.079 0.4727272689
102490  -24.782  46.988  13.332 0.5090909004
102491  -24.375  47.451  13.074 0.4909090996
102492  -24.010  48.016  12.792 0.5454545617
102493  -23.771  48.592  12.435 0.5454545617
102494  -23.791  48.815  13.017 0.4909090996
102495  -23.631  49.624  13.286 0.4909090996
102496  -23.500  50.401  13.556 0.4909090996
102504  -23.296  51.864  16.954 0.3272727132
102505  -23.422  51.919  16.448 0.3454545438
102506  -23.473  51.972  16.005 0.3818181753
102507  -23.443  52.026  15.423 0.4545454681
102508  -23.306  52.734  15.646 0.4181818068
102509  -23.212  53.485  15.275 0.4363636374
102510  -23.193  54.287  14.777 0.4181818068
102555  -29.651  45.682  15.972 0.3272727132
102556  -30.186  45.960  16.485 0.2909090817
102557  -30.027  45.670  15.701 0.3090909123
102558  -30.412  45.722  15.447 0.3636363745
102559  -30.801  45.838  15.145 0.3636363745
102560  -31.135  46.030  14.845 0.4181818068
102561  -30.518  45.554  14.320 0.4545454681
102562  -30.129  45.266  13.471 0.4909090996
106250  -26.520  45.836  9.852 0.5454545617
106251  -26.788  45.894  9.379 0.5818181634
106252  -26.065  46.120  9.308 0.5818181634
106253  -25.590  46.506  8.730 0.6363636255
106254  -25.115  46.915  8.117 0.6909090877
106255  -23.050  49.968  7.273 0.5818181634
106256  -23.425  49.288  7.182 0.6181818247
106257  -23.079  49.840  6.699 0.6000000238
106263  -23.223  51.578  4.544 0.4727272689
116229  -31.530  48.200  7.777 0.3636363745
116230  -31.080  48.099  7.052 0.4000000060
116231  -30.928  47.857  7.528 0.4363636374
116234  -29.883  46.921  8.031 0.5090909004
116237  -28.226  46.871  6.531 0.6545454264
116238  -27.492  46.769  6.336 0.6363636255
116239  -26.752  46.810  6.174 0.6727272868
116289  -32.303  48.406  9.407 0.2545454502
116290  -31.915  48.264  8.647 0.3272727132
118749  -28.539  45.001  13.937 0.3818181753
118750  -27.976  44.873  13.349 0.4181818068
118751  -27.754  45.076  13.701 0.3818181753
118752  -27.008  45.348  13.611 0.4181818068
118753  -26.340  45.756  13.657 0.4181818068
118754  -26.727  45.837  14.401 0.4000000060
118755  -26.294  46.003  14.103 0.4181818068
118756  -25.755  46.256  13.818 0.4181818068
118757  -25.356  46.910  14.047 0.4545454681
118758  -25.081  47.526  14.326 0.4181818068
118759  -24.861  48.217  14.658 0.4363636374
118808  -29.266  45.702  16.280 0.3272727132
118809  -29.116  45.476  15.479 0.3272727132
118810  -28.920  45.248  14.687 0.3272727132
121679  -24.154  47.827  10.055 0.6000000238
121680  -24.264  47.714  9.420 0.5636363626
121681  -23.924  48.461  9.516 0.6181818247
121682  -23.661  49.001  8.917 0.6181818247
121683  -23.403  49.548  8.384 0.6181818247
121684  -23.264  50.452  9.295 0.5636363626
121685  -23.160  50.259  8.593 0.5636363626
121686  -23.114  50.119  7.883 0.6000000238
121687  -22.726  50.736  7.451 0.5454545617
121688  -22.381  51.374  6.992 0.5454545617
131444  -30.607  48.117  6.400 0.4363636374
131445  -30.169  48.247  5.885 0.5090909004
131446  -29.798  48.459  5.424 0.5090909004
131462  -23.460  54.511  11.311 0.4727272689
131463  -23.326  54.273  10.558 0.4181818068
138255  -30.239  46.141  11.171 0.4000000060
138256  -29.734  46.047  10.501 0.4363636374
138257  -29.514  45.738  10.852 0.4181818068
138258  -28.709  45.528  10.595 0.4727272689
138259  -27.851  45.486  10.440 0.5090909004
138260  -28.323  45.133  11.373 0.4727272689
138261  -27.630  45.335  10.819 0.5090909004
138262  -26.982  45.561  10.282 0.5090909004
138263  -26.182  45.790  10.293 0.5454545617
138264  -25.478  46.111  10.300 0.5636363626
138265  -24.872  46.569  10.344 0.5818181634
138266  -27.362  44.945  12.827 0.4545454681
138267  -26.735  45.084  12.341 0.4727272689
138268  -26.155  45.388  11.996 0.4909090996
138269  -25.319  46.071  12.605 0.5272727013
138270  -25.424  45.893  12.124 0.5272727013
138271  -25.589  45.750  11.618 0.5272727013
138272  -25.104  46.197  11.249 0.5818181634
138273  -24.683  46.668  10.858 0.5454545617
138274  -24.363  47.190  10.471 0.5818181634
138275  -24.007  47.900  10.641 0.5818181634
138276  -23.790  48.727  10.827 0.6181818247
138277  -23.674  49.519  11.045 0.5818181634
138278  -23.633  49.214  12.039 0.5636363626
138279  -23.592  49.796  11.658 0.5090909004
138280  -23.548  50.398  11.243 0.6000000238
138281  -23.457  51.312  11.418 0.5454545617
138282  -23.381  52.196  11.544 0.4909090996
138283  -23.324  53.042  11.631 0.4727272689
138290  -25.397  47.977  15.456 0.4181818068
138291  -25.068  48.467  15.247 0.4000000060
138292  -24.617  48.916  15.016 0.4181818068
138296  -23.574  50.681  16.770 0.3454545438
138297  -23.927  50.102  16.562 0.3454545438
138298  -24.374  49.662  16.374 0.3454545438
138299  -24.454  49.643  15.945 0.4000000060
138300  -24.365  49.544  15.367 0.4363636374
138301  -24.211  49.391  14.810 0.4727272689
138302  -23.894  49.917  14.509 0.4727272689
138303  -23.607  50.502  14.192 0.4727272689
138304  -23.405  51.139  13.805 0.4727272689
138305  -23.387  51.999  14.752 0.4545454681
138306  -23.345  51.905  14.039 0.4727272689
138307  -23.317  51.801  13.350 0.4727272689
138308  -23.329  52.531  12.842 0.4727272689
138309  -23.377  53.255  12.306 0.4545454681
138310  -23.428  53.902  11.754 0.4545454681
138311  -23.604  54.729  12.089 0.4363636374
138405  -30.701  46.267  16.976 0.2727272809
138413  -32.224  47.125  14.719 0.3636363745
138414  -31.438  46.281  14.555 0.4181818068
138415  -31.660  46.544  14.197 0.4545454681
138416  -31.805  46.798  13.806 0.4000000060
138417  -31.221  46.417  12.841 0.4363636374
138418  -30.729  46.233  11.996 0.4000000060
145910  -29.148  45.994  9.810 0.4545454681
145911  -28.529  45.942  9.143 0.5272727013
145912  -28.004  45.987  8.491 0.5818181634
145913  -27.019  45.933  8.867 0.5818181634
145914  -27.259  45.993  8.347 0.6000000238
145915  -27.511  46.131  7.859 0.6545454264
145916  -27.031  46.352  7.237 0.6545454264
145917  -26.527  46.653  6.637 0.7090908885
145918  -26.028  47.003  6.047 0.6727272868
145919  -24.416  47.602  8.762 0.6181818247
145920  -24.554  47.485  8.137 0.6545454264
145921  -24.678  47.395  7.524 0.7272727489
145922  -23.853  48.568  7.088 0.6545454264
145923  -24.348  47.927  7.026 0.7090908885
145924  -24.921  47.361  7.012 0.6909090877
145925  -25.167  47.346  6.499 0.7090908885
145926  -25.384  47.380  5.985 0.6727272868
145927  -25.701  47.526  5.547 0.6727272868
145928  -25.380  48.002  5.111 0.6727272868
145937  -23.158  53.992  9.938 0.4000000060
145938  -22.830  53.754  9.355 0.4363636374
145939  -22.463  53.572  8.731 0.4727272689
145942  -22.130  53.315  8.096 0.5272727013
145955  -22.469  52.546  5.008 0.4545454681
145956  -22.843  52.401  4.595 0.4181818068
145957  -23.238  52.306  4.203 0.4000000060
92605  -28.766  46.131  8.669 0.4727272689
388  -28.384  51.177  -4.580 0.0181818176
389  -23.417  50.248  2.035 0.2727272809
886  -28.874  48.082  2.411 0.3818181753
1866  -24.982  49.803  -1.697 0.0909090936
1867  -20.236  54.958  -0.925 0.1090909094
4097  -32.701  50.888  2.219 0.1272727251
4098  -25.724  48.000  1.811 0.3272727132
4099  -26.954  48.139  0.035 0.2181818187
4100  -23.706  49.479  0.134 0.1818181872
4101  -22.087  51.756  -1.354 0.0727272704
4102  -21.674  52.607  0.502 0.1454545408
6202  -31.193  49.733  3.608 0.2909090817
6204  -27.621  48.040  4.206 0.5636363626
6205  -25.069  48.932  3.789 0.5818181634
8216  -30.305  48.926  0.898 0.1636363566
8217  -28.558  49.670  -1.158 0.1090909094
8218  -26.623  50.782  -3.062 0.0181818176
8219  -23.295  51.300  -3.484 0.0181818176
8220  -20.810  53.571  -2.922 0.0181818176
8227  -22.302  53.953  2.533 0.2181818187
10733  -18.084  56.056  -4.389 0.0181818176
11778  -24.429  48.930  1.832 0.2909090817
11779  -24.717  48.604  0.887 0.2909090817
11780  -23.395  49.677  1.108 0.2727272809
11781  -22.587  50.799  0.354 0.1818181872
11782  -22.538  51.331  1.332 0.2000000030
12518  -30.163  51.451  -4.006 0.0181818176
12520  -29.439  51.517  -5.447 0.0181818176
14179  -28.303  47.843  5.436 0.5636363626
14181  -26.297  48.177  3.886 0.5636363626
18053  -30.176  48.794  2.934 0.3454545438
18054  -30.901  49.232  2.166 0.2545454502
18055  -29.562  48.357  1.588 0.2363636345
18056  -25.872  48.785  -0.862 0.1272727251
18057  -27.716  48.772  -0.617 0.1454545408
18058  -26.701  49.471  -1.509 0.0909090936
18059  -27.572  50.259  -2.048 0.0363636352
18060  -25.769  50.273  -2.417 0.0727272704
18061  -24.968  50.821  -3.450 0.0181818176
18062  -24.091  50.587  -2.625 0.0545454547
18063  -21.065  53.267  -1.056 0.1272727251
18064  -21.400  52.690  -2.067 0.0545454547
18065  -20.565  54.341  -1.833 0.0727272704
18066  -20.039  55.189  -2.796 0.0363636352
18067  -19.855  56.060  -1.778 0.0545454547
23482  -30.424  47.858  6.836 0.4909090996
25807  -32.396  50.761  0.886 0.1090909094
25808  -27.317  47.704  2.005 0.2909090817
25809  -27.934  47.880  1.111 0.2000000030
25810  -26.278  47.955  0.838 0.2545454502
25811  -25.218  48.582  -0.045 0.2000000030
25812  -24.243  49.508  -0.843 0.1272727251
25813  -23.396  50.573  -1.654 0.0727272704
25814  -22.956  50.659  -0.605 0.1636363566
25815  -21.736  52.112  -0.409 0.1272727251
25816  -20.827  53.806  -0.180 0.1272727251
29832  -30.527  49.282  4.438 0.3636363745
29833  -29.531  48.624  3.830 0.4545454681
29835  -29.024  48.386  4.724 0.4909090996
29836  -28.321  48.057  3.312 0.4727272689
29837  -26.743  47.836  2.918 0.4545454681
29838  -25.364  48.466  2.796 0.4181818068
29839  -24.293  49.512  2.794 0.3818181753
30869  -26.619  51.514  -4.977 0.0181818176
34945  -29.267  51.325  -3.322 0.0181818176
34946  -31.961  50.291  2.928 0.1818181872
34947  -31.641  49.847  1.490 0.1454545408
34948  -31.100  49.842  0.275 0.0909090936
34949  -28.669  48.345  0.382 0.1272727251
34950  -29.517  49.167  -0.215 0.1454545408
34951  -30.171  50.219  -0.730 0.0727272704
34952  -29.243  50.699  -1.610 0.0727272704
34953  -28.363  50.946  -2.634 0.0363636352
34954  -27.457  51.121  -3.806 0.0181818176
34955  -25.785  51.229  -4.148 0.0181818176
34956  -24.175  51.489  -4.365 0.0181818176
34957  -22.515  51.838  -4.404 0.0181818176
34958  -22.577  51.423  -2.437 0.0545454547
34959  -21.857  52.147  -3.230 0.0181818176
34962  -19.217  55.800  -3.607 0.0181818176
34981  -22.777  52.012  2.363 0.2363636345
34982  -21.936  53.303  1.583 0.1818181872
34983  -20.889  54.499  0.766 0.1636363566
34984  -20.047  55.689  -0.107 0.1454545408
34987  -19.664  56.748  -0.965 0.0909090936
41453  -17.641  57.035  -4.378 0.0181818176
42498  -23.856  49.542  1.941 0.3272727132
42499  -23.874  49.296  1.477 0.2727272809
42500  -23.351  49.965  1.577 0.2545454502
42501  -22.896  50.429  1.188 0.2181818187
42502  -22.951  50.719  1.702 0.2363636345
43238  -29.386  51.132  -4.267 0.0181818176
43239  -29.858  51.287  -4.702 0.0181818176
43240  -28.949  51.316  -4.999 0.0181818176
48773  -29.558  48.396  2.658 0.3272727132
48774  -29.897  48.504  2.189 0.2909090817
48775  -29.196  48.128  1.980 0.2909090817
48776  -25.443  49.321  -1.277 0.0909090936
48777  -26.299  49.143  -1.197 0.1272727251
48778  -25.864  49.591  -1.641 0.0909090936
48779  -26.289  49.920  -1.957 0.0909090936
48780  -25.387  50.047  -2.066 0.0909090936
48781  -24.913  50.366  -2.543 0.0545454547
48782  -24.509  50.232  -2.136 0.0727272704
48783  -20.636  54.110  -0.978 0.1272727251
48784  -20.818  53.819  -1.390 0.0909090936
48785  -20.381  54.701  -1.358 0.0909090936
48786  -20.193  55.204  -1.803 0.0909090936
48787  -20.034  55.558  -1.323 0.0727272704
58372  -32.540  50.777  1.521 0.1090909094
58373  -26.495  47.778  1.880 0.2909090817
58374  -26.782  47.796  1.415 0.2363636345
58375  -25.976  47.915  1.302 0.2727272809
58376  -24.147  49.013  0.493 0.2363636345
58377  -24.947  48.586  0.432 0.2000000030
58378  -24.407  48.983  0.039 0.1818181872
58379  -24.700  49.004  -0.452 0.1636363566
58380  -23.928  49.455  -0.346 0.1636363566
58381  -23.568  50.039  -0.715 0.1454545408
58382  -23.329  50.037  -0.234 0.1636363566
58383  -22.130  51.675  0.428 0.1454545408
58384  -22.192  51.477  -0.053 0.1272727251
58385  -21.696  52.310  0.050 0.1272727251
58386  -21.287  52.920  -0.282 0.1272727251
58387  -21.235  53.208  0.133 0.1272727251
65569  -30.821  49.225  4.968 0.3454545438
65570  -30.287  49.023  4.764 0.4000000060
65571  -30.042  48.952  4.140 0.4181818068
65572  -29.774  48.794  4.530 0.4727272689
65574  -29.944  47.943  6.257 0.5090909004
65575  -29.311  47.797  6.038 0.5818181634
65576  -27.963  48.005  4.829 0.6000000238
65577  -28.653  48.129  5.077 0.5454545617
65578  -28.364  48.232  4.442 0.5636363626
65579  -28.690  48.272  4.014 0.4909090996
65580  -27.994  48.044  3.759 0.4909090996
65581  -27.586  47.817  3.062 0.4727272689
65582  -27.246  47.925  3.543 0.5272727013
65583  -25.639  48.493  3.820 0.5272727013
65584  -25.810  48.249  3.331 0.4909090996
65585  -25.194  48.734  3.289 0.4909090996
65586  -24.784  48.991  2.772 0.4363636374
65587  -24.686  49.228  3.262 0.5090909004
67793  -25.819  51.672  -5.153 0.0181818176
77198  -31.681  50.163  3.938 0.2181818187
77199  -32.059  50.521  3.634 0.1636363566
77200  -31.549  49.981  3.239 0.2181818187
77201  -30.645  49.023  1.504 0.2000000030
77202  -31.275  49.517  1.811 0.2000000030
77203  -31.034  49.350  1.138 0.1454545408
77204  -31.402  49.791  0.846 0.1272727251
77205  -30.693  49.366  0.578 0.1090909094
77206  -27.448  47.931  0.545 0.2000000030
77207  -28.267  48.024  0.689 0.2000000030
77208  -27.813  48.184  0.186 0.1636363566
77209  -28.138  49.170  -0.892 0.1272727251
77210  -28.633  48.911  -0.425 0.1272727251
77211  -29.054  49.401  -0.697 0.1272727251
77212  -29.868  49.682  -0.475 0.1090909094
77213  -29.429  49.924  -0.952 0.0909090936
77214  -29.706  50.501  -1.168 0.0727272704
77215  -28.925  50.197  -1.397 0.0727272704
77216  -27.034  50.633  -2.538 0.0363636352
77217  -27.950  50.611  -2.251 0.0363636352
77218  -27.499  50.832  -2.863 0.0363636352
77219  -27.931  51.052  -3.235 0.0181818176
77220  -27.056  50.960  -3.417 0.0181818176
77221  -26.608  51.116  -3.988 0.0181818176
77222  -26.218  50.953  -3.586 0.0181818176
77223  -24.154  51.024  -3.510 0.0181818176
77224  -24.587  51.159  -3.917 0.0181818176
77225  -23.754  51.347  -3.946 0.0181818176
77226  -23.344  51.625  -4.414 0.0181818176
77227  -22.866  51.576  -3.914 0.0181818176
77228  -22.712  51.119  -1.555 0.0727272704
77229  -22.967  51.004  -2.077 0.0545454547
77230  -22.321  51.583  -1.872 0.0727272704
77231  -21.119  53.129  -2.482 0.0545454547
77232  -21.625  52.386  -2.639 0.0545454547
77233  -21.290  52.780  -3.066 0.0363636352
77234  -21.490  52.504  -3.662 0.0181818176
77238  -19.688  55.997  -2.760 0.0181818176
77239  -19.664  55.492  -3.239 0.0181818176
77240  -19.370  56.364  -3.215 0.0181818176
77241  -18.929  56.688  -3.599 0.0181818176
77288  -22.538  52.984  2.461 0.2363636345
77289  -22.373  52.650  2.001 0.2363636345
77290  -22.176  53.663  2.087 0.2181818187
77294  -20.443  55.096  0.332 0.1454545408
77295  -20.162  56.037  0.314 0.1454545408
94928  -25.045  48.396  1.784 0.3454545438
94929  -25.219  48.187  1.291 0.2909090817
94930  -24.543  48.642  1.319 0.3090909123
94931  -24.009  49.090  0.972 0.2727272809
94932  -23.529  49.489  0.615 0.2181818187
94933  -23.118  50.076  0.235 0.1818181872
94934  -22.974  50.190  0.720 0.2181818187
94935  -22.508  51.047  0.820 0.1636363566
94936  -22.125  51.990  0.931 0.1818181872
96260  -30.887  51.818  -3.743 0.0181818176
96261  -31.425  51.902  -4.137 0.0181818176
96262  -30.681  51.515  -4.406 0.0181818176
99246  -30.985  48.746  5.702 0.4000000060
99251  -27.611  47.790  5.177 0.6181818247
99252  -27.282  47.917  4.608 0.6000000238
99253  -26.989  48.016  4.030 0.5818181634
100580  -24.154  51.911  -5.344 0.0181818176
106223  -30.691  49.304  3.282 0.3090909123
106224  -31.063  49.482  2.883 0.2727272809
106225  -30.520  48.979  2.521 0.2909090817
106226  -30.272  48.728  1.835 0.2181818187
106227  -29.942  48.603  1.229 0.2000000030
106228  -26.433  48.462  -0.428 0.1818181872
106229  -27.322  48.427  -0.311 0.1454545408
106230  -26.783  48.752  -0.782 0.1454545408
106231  -27.184  49.096  -1.070 0.1454545408
106232  -27.622  49.505  -1.345 0.1090909094
106233  -28.068  49.941  -1.609 0.0727272704
106234  -27.190  49.849  -1.795 0.0727272704
106235  -26.687  50.239  -2.253 0.0545454547
106236  -26.124  50.558  -2.726 0.0363636352
106237  -25.759  50.743  -3.236 0.0181818176
106238  -25.292  50.558  -2.913 0.0545454547
106239  -24.515  50.684  -3.054 0.0363636352
106240  -23.729  50.947  -3.095 0.0181818176
106241  -21.508  52.472  -1.174 0.0909090936
106242  -21.733  52.253  -1.687 0.0727272704
106243  -21.223  53.010  -1.526 0.1090909094
106244  -20.960  53.497  -1.910 0.0727272704
106245  -20.680  53.979  -2.354 0.0727272704
106246  -20.409  54.381  -2.841 0.0363636352
106247  -20.386  54.802  -2.311 0.0545454547
106248  -19.993  55.670  -2.282 0.0545454547
106249  -19.695  56.516  -2.251 0.0363636352
106278  -21.832  54.573  2.099 0.2181818187
116232  -30.268  47.574  7.238 0.4909090996
121657  -32.098  50.822  0.244 0.0727272704
121658  -28.134  47.845  2.183 0.3636363745
121659  -28.428  47.919  1.723 0.3090909123
121660  -27.616  47.806  1.574 0.2363636345
121661  -27.119  47.829  0.985 0.2181818187
121662  -26.608  48.019  0.427 0.2363636345
121663  -25.483  48.219  0.851 0.2727272809
121664  -25.770  48.249  0.386 0.2545454502
121665  -26.100  48.262  -0.072 0.2000000030
121666  -25.555  48.653  -0.474 0.1636363566
121667  -25.031  49.068  -0.894 0.1272727251
121668  -24.601  49.624  -1.289 0.0909090936
121669  -24.152  50.132  -1.691 0.0909090936
121670  -23.812  50.054  -1.226 0.0909090936
121671  -23.149  50.593  -1.147 0.1272727251
121672  -22.502  51.239  -1.034 0.1090909094
121673  -22.741  50.714  -0.148 0.1636363566
121674  -22.299  51.370  -0.592 0.1272727251
121675  -21.900  51.936  -0.879 0.1272727251
121676  -21.371  52.694  -0.720 0.1272727251
121677  -20.950  53.511  -0.621 0.1272727251
121678  -20.490  54.405  -0.539 0.1272727251
131437  -31.360  49.848  4.283 0.2727272809
131439  -31.076  49.516  4.647 0.3272727132
131440  -30.847  49.505  3.997 0.3454545438
131441  -30.351  49.102  3.690 0.3636363745
131442  -29.849  48.670  3.388 0.3818181753
131443  -29.258  48.326  3.095 0.4545454681
131447  -28.972  48.010  5.619 0.5454545617
131448  -29.299  48.301  5.296 0.5454545617
131449  -29.549  48.603  4.954 0.4727272689
131450  -29.301  48.492  4.274 0.4727272689
131451  -28.963  48.323  3.553 0.4545454681
131452  -28.593  48.022  2.844 0.4363636374
131453  -27.839  47.791  2.623 0.4000000060
131454  -27.027  47.737  2.468 0.4000000060
131455  -26.228  47.869  2.363 0.4000000060
131456  -26.503  47.989  3.406 0.5090909004
131457  -26.015  48.051  2.850 0.4181818068
131458  -25.499  48.151  2.289 0.3818181753
131459  -24.902  48.669  2.268 0.3818181753
131460  -24.357  49.197  2.314 0.3818181753
131461  -23.905  49.848  2.403 0.3272727132
134255  -27.463  51.343  -4.794 0.0181818176
134256  -27.962  51.583  -5.286 0.0181818176
145853  -30.429  51.797  -3.376 0.0181818176
145854  -29.697  51.421  -3.660 0.0181818176
145855  -28.850  51.229  -3.933 0.0181818176
145857  -32.496  50.766  3.299 0.1272727251
145858  -32.348  50.608  2.616 0.1454545408
145859  -31.441  49.743  2.526 0.2363636345
145860  -31.832  50.040  2.190 0.1818181872
145861  -32.173  50.357  1.856 0.1272727251
145862  -32.026  50.282  1.200 0.1272727251
145863  -31.792  50.280  0.587 0.1090909094
145864  -31.379  50.417  0.012 0.0727272704
145865  -28.760  48.067  1.328 0.2181818187
145866  -29.163  48.293  0.961 0.1818181872
145867  -29.508  48.596  0.626 0.1454545408
145868  -28.210  48.501  -0.131 0.1454545408
145869  -29.076  48.715  0.069 0.1454545408
145870  -29.911  49.009  0.328 0.1454545408
145871  -30.351  49.481  0.033 0.1090909094
145872  -30.634  50.029  -0.236 0.0727272704
145873  -30.937  50.596  -0.486 0.0727272704
145874  -30.478  50.821  -0.960 0.0545454547
145875  -29.999  51.048  -1.372 0.0545454547
145876  -29.534  51.222  -1.819 0.0545454547
145877  -28.429  50.403  -1.826 0.0545454547
145878  -28.755  50.871  -2.043 0.0363636352
145879  -29.169  51.205  -2.386 0.0363636352
145880  -28.793  51.210  -2.980 0.0181818176
145881  -28.361  51.218  -3.587 0.0181818176
145882  -27.896  51.219  -4.197 0.0181818176
145883  -27.012  51.239  -4.390 0.0181818176
145884  -26.203  51.379  -4.563 0.0181818176
145885  -25.388  51.537  -4.704 0.0181818176
145886  -25.397  51.023  -3.782 0.0181818176
145887  -24.967  51.349  -4.289 0.0181818176
145888  -24.569  51.663  -4.805 0.0181818176
145889  -23.757  51.753  -4.871 0.0181818176
145890  -22.910  51.867  -4.931 0.0181818176
145892  -23.677  50.523  -2.180 0.0545454547
145893  -23.298  50.949  -2.587 0.0545454547
145894  -22.872  51.315  -3.003 0.0363636352
145895  -21.953  51.980  -2.229 0.0545454547
145896  -22.203  51.781  -2.816 0.0363636352
145897  -22.505  51.663  -3.377 0.0181818176
145898  -22.145  51.968  -3.821 0.0181818176
145899  -21.716  52.196  -4.298 0.0181818176
145903  -19.447  54.375  -4.149 0.0181818176
145904  -20.023  54.726  -3.291 0.0181818176
145905  -19.563  54.968  -3.658 0.0181818176
145906  -19.057  55.163  -4.059 0.0181818176
145907  -18.705  55.987  -4.009 0.0181818176
145908  -18.352  56.862  -4.016 0.0181818176
145933  -24.602  49.465  3.745 0.5454545617
145934  -24.311  49.804  3.315 0.4545454681
145935  -24.010  50.171  2.902 0.3454545438
145936  -23.540  50.607  2.559 0.3272727132
145962  -23.209  51.444  2.731 0.2909090817
145963  -23.079  51.083  2.232 0.2909090817
145964  -22.623  51.638  1.889 0.2181818187
145965  -22.216  52.331  1.476 0.1818181872
145966  -21.759  52.986  1.064 0.1636363566
145967  -21.637  54.240  1.638 0.2000000030
145968  -21.435  53.888  1.169 0.1636363566
145969  -21.256  53.560  0.643 0.1636363566
145970  -20.791  54.165  0.305 0.1454545408
145971  -20.377  54.754  -0.102 0.1272727251
145972  -20.123  55.290  -0.497 0.1272727251
145979  -19.826  56.643  -0.155 0.1454545408
145980  -19.844  56.212  -0.528 0.1272727251
145981  -19.901  55.823  -0.897 0.1272727251
145982  -19.777  56.438  -1.344 0.0909090936
145983  -19.633  56.938  -1.795 0.0545454547
