#!ascii label  , from subject fsaverage vox2ras=TkReg
525
393  -40.982  37.265  20.541 0.3090909123
394  -37.308  45.252  12.834 0.3636363745
894  -40.414  37.417  25.062 0.2727272809
895  -33.656  47.955  17.362 0.2181818187
896  -36.822  45.505  17.163 0.3454545438
897  -35.069  49.984  13.596 0.2545454502
898  -36.577  49.469  9.206 0.2363636345
1878  -39.622  42.449  21.085 0.2545454502
1881  -38.102  44.979  8.417 0.3272727132
2816  -34.743  49.275  15.921 0.2727272809
2818  -33.198  49.008  10.532 0.2363636345
4120  -41.319  35.144  22.238 0.2363636345
4128  -36.931  45.364  15.177 0.4727272689
4129  -36.792  43.061  16.770 0.4181818068
4134  -37.696  45.263  10.563 0.3090909123
6218  -40.884  37.444  22.813 0.3272727132
6221  -36.090  47.764  18.128 0.2363636345
6222  -36.951  48.186  16.080 0.3272727132
6223  -37.548  48.385  13.660 0.3636363745
6224  -38.238  48.309  11.197 0.3272727132
6225  -35.773  49.958  11.265 0.2727272809
8250  -39.493  39.827  25.905 0.2363636345
8251  -40.807  40.124  23.327 0.2727272809
8252  -40.790  39.814  20.812 0.3272727132
8253  -37.689  43.802  18.883 0.2909090817
8254  -38.665  41.557  18.444 0.3272727132
8262  -38.292  47.541  9.229 0.3636363745
8263  -38.909  47.241  7.210 0.2545454502
11800  -41.030  36.158  21.508 0.2363636345
11808  -37.110  45.240  14.015 0.4363636374
11809  -36.336  43.933  14.646 0.4909090996
11810  -36.380  43.866  13.484 0.4727272689
11812  -36.610  43.926  12.319 0.3272727132
11814  -37.497  45.334  11.738 0.2909090817
14202  -40.366  36.193  24.672 0.2181818187
14203  -40.727  36.295  23.596 0.2909090817
14204  -40.774  37.498  23.958 0.3272727132
14208  -34.951  49.740  14.857 0.2909090817
14209  -36.087  49.164  16.233 0.2545454502
14210  -36.207  49.439  15.037 0.2909090817
14211  -37.183  48.254  14.811 0.3818181753
14212  -36.468  49.648  13.816 0.2909090817
14213  -36.833  49.807  12.565 0.2909090817
14214  -35.315  50.133  12.388 0.2363636345
18135  -37.318  39.641  26.460 0.2181818187
18137  -38.358  40.326  25.771 0.2181818187
18138  -39.526  42.357  22.453 0.2363636345
18139  -40.175  41.358  23.621 0.2363636345
18140  -40.558  41.434  22.346 0.2363636345
18141  -40.994  39.992  22.073 0.2909090817
18142  -40.499  41.326  20.939 0.3272727132
18143  -36.788  45.538  18.181 0.2909090817
18144  -37.195  44.714  19.011 0.2181818187
18145  -37.095  44.475  17.983 0.3818181753
18146  -36.846  41.868  16.452 0.4181818068
18147  -37.593  42.224  17.527 0.3636363745
18148  -37.959  41.145  17.203 0.3636363745
18149  -38.898  40.403  18.424 0.3272727132
18160  -37.619  43.792  9.074 0.2909090817
18165  -37.377  49.077  10.349 0.2909090817
18166  -38.355  47.894  10.162 0.3454545438
18167  -37.651  48.781  9.382 0.2909090817
18169  -38.669  48.716  7.576 0.2909090817
23498  -39.910  37.401  26.227 0.2181818187
23500  -34.395  48.719  16.760 0.2363636345
23502  -33.588  49.041  14.260 0.2909090817
23503  -33.762  49.388  13.154 0.2909090817
23504  -34.023  49.637  12.110 0.2363636345
25861  -38.550  43.163  21.099 0.2545454502
25862  -36.848  45.493  16.147 0.4000000060
25863  -36.874  44.237  16.918 0.4363636374
25864  -36.554  44.060  15.821 0.4363636374
25865  -36.235  42.807  15.614 0.4363636374
25874  -37.832  45.093  9.411 0.3090909123
25875  -35.749  49.397  7.821 0.2181818187
25876  -37.106  49.535  8.326 0.2727272809
29869  -40.895  36.188  22.577 0.2545454502
29870  -40.942  37.343  21.730 0.3636363745
29874  -36.204  46.463  18.433 0.2181818187
29875  -36.649  46.720  17.645 0.3090909123
29876  -35.718  48.821  17.243 0.2363636345
29877  -36.711  48.105  17.174 0.3090909123
29878  -36.951  46.880  16.589 0.3818181753
29879  -37.110  46.854  15.587 0.4000000060
29880  -37.347  46.766  14.493 0.3636363745
29881  -37.812  46.714  13.364 0.4181818068
29882  -38.239  46.781  12.196 0.3272727132
29883  -37.960  48.365  12.416 0.3454545438
29884  -37.171  49.534  11.394 0.3636363745
29885  -36.192  49.617  10.221 0.2727272809
29886  -34.307  49.613  11.052 0.2181818187
29887  -34.782  49.444  9.979 0.2727272809
29888  -35.248  49.240  8.867 0.2363636345
35047  -39.433  38.582  26.761 0.2363636345
35048  -40.259  38.715  25.631 0.2727272809
35049  -39.399  40.912  24.790 0.2363636345
35050  -40.348  40.116  24.617 0.2545454502
35051  -40.771  38.822  24.201 0.2727272809
35052  -40.932  38.788  23.052 0.3090909123
35053  -40.957  38.665  21.879 0.2909090817
35054  -40.948  38.455  20.631 0.3090909123
35056  -37.757  43.991  20.066 0.2545454502
35057  -38.497  43.107  19.879 0.2545454502
35058  -37.306  43.435  17.790 0.3818181753
35059  -38.204  42.746  18.625 0.2909090817
35060  -39.304  42.130  19.662 0.3090909123
35061  -39.796  40.810  19.572 0.3454545438
35062  -40.060  39.453  19.601 0.2727272809
35063  -40.258  38.300  19.584 0.2545454502
35082  -38.441  46.766  10.958 0.2727272809
35083  -38.307  46.485  9.831 0.3090909123
35084  -38.222  46.246  8.791 0.3090909123
35085  -38.143  48.714  8.499 0.3454545438
35086  -38.497  47.398  8.219 0.2909090817
35087  -38.494  46.052  7.752 0.3454545438
42520  -40.996  36.724  21.048 0.3090909123
42521  -41.047  36.136  20.993 0.2727272809
42522  -40.939  36.684  20.488 0.3090909123
42528  -37.209  45.218  13.418 0.4363636374
42529  -36.752  44.557  13.730 0.4181818068
42530  -36.866  44.555  13.131 0.3818181753
42531  -36.490  43.893  12.881 0.3090909123
42532  -36.949  44.585  12.550 0.3090909123
42533  -37.038  44.622  12.003 0.2909090817
42534  -37.400  45.287  12.277 0.3636363745
44920  -40.127  36.816  25.425 0.2545454502
44921  -40.116  36.090  25.246 0.2181818187
44922  -40.355  36.816  24.886 0.2181818187
44923  -40.557  36.879  24.339 0.3090909123
44924  -40.592  37.460  24.505 0.3272727132
44928  -35.013  49.855  14.274 0.2909090817
44929  -35.617  49.690  15.011 0.2727272809
44930  -35.684  49.808  14.428 0.2545454502
44931  -36.317  49.534  14.483 0.3272727132
44932  -35.781  49.923  13.740 0.2545454502
44933  -35.927  50.064  13.116 0.2545454502
44934  -35.182  50.076  13.004 0.2545454502
48856  -37.832  39.961  26.155 0.2181818187
48857  -37.721  40.328  25.497 0.2181818187
48858  -39.623  42.461  21.801 0.2909090817
48859  -40.091  41.949  22.444 0.2545454502
48860  -40.211  42.045  21.747 0.2727272809
48861  -40.643  41.445  21.643 0.3090909123
48862  -40.083  41.956  21.016 0.2727272809
48863  -36.796  45.523  17.690 0.3090909123
48864  -36.974  45.007  18.082 0.3272727132
48865  -36.925  44.897  17.539 0.3454545438
48866  -36.982  41.324  16.349 0.4181818068
48867  -37.409  41.502  16.821 0.4181818068
48868  -37.533  40.968  16.677 0.3454545438
48869  -38.041  40.531  17.188 0.3272727132
48870  -37.619  40.357  16.594 0.3272727132
48880  -37.864  44.396  8.743 0.3090909123
48885  -36.946  49.306  9.794 0.2545454502
48886  -37.493  48.927  9.860 0.2909090817
48887  -37.150  49.214  9.327 0.2727272809
54531  -33.659  49.240  13.743 0.2909090817
58442  -41.669  34.741  22.162 0.2181818187
58444  -41.859  34.896  21.303 0.2363636345
58456  -37.244  41.500  23.301 0.2181818187
58457  -36.886  41.880  22.651 0.2181818187
58462  -37.974  43.459  21.136 0.2181818187
58463  -36.891  45.406  15.678 0.4545454681
58464  -36.759  44.703  15.960 0.4000000060
58465  -36.712  44.682  15.456 0.4909090996
58467  -36.178  43.347  15.083 0.4363636374
58469  -36.155  42.193  15.496 0.4181818068
58480  -37.294  44.563  10.902 0.2727272809
58482  -37.355  44.512  10.307 0.2909090817
58483  -37.536  44.483  9.770 0.2545454502
58484  -37.760  45.188  9.977 0.2909090817
58486  -36.061  49.656  7.442 0.2181818187
65650  -40.824  36.852  23.210 0.3090909123
65651  -40.835  36.228  23.064 0.2545454502
65652  -40.846  36.800  22.686 0.3090909123
65653  -40.858  36.764  22.202 0.2727272809
65654  -40.838  37.429  22.336 0.3090909123
65658  -35.658  47.506  18.417 0.2363636345
65659  -35.750  46.843  18.517 0.2181818187
65660  -36.208  47.134  18.308 0.2181818187
65661  -36.444  46.618  18.075 0.2909090817
65662  -36.495  47.299  17.954 0.2727272809
65663  -34.578  49.008  16.369 0.2545454502
65664  -35.066  48.856  17.067 0.2363636345
65665  -35.278  49.109  16.613 0.2545454502
65666  -36.603  48.743  16.215 0.2909090817
65667  -36.563  48.739  16.789 0.2545454502
65668  -36.874  48.143  16.644 0.2909090817
65669  -36.932  47.516  16.927 0.3636363745
65670  -37.052  47.578  16.387 0.3272727132
65671  -37.067  46.924  16.103 0.4363636374
65672  -37.124  47.597  15.822 0.3454545438
65673  -37.293  48.337  14.266 0.3636363745
65674  -37.318  47.538  14.668 0.3636363745
65675  -37.519  47.573  14.109 0.3636363745
65676  -37.571  46.729  13.925 0.4000000060
65677  -37.763  47.551  13.519 0.3636363745
65678  -38.000  47.531  12.903 0.4000000060
65679  -37.853  48.380  13.018 0.3454545438
65680  -36.282  50.004  11.897 0.3090909123
65681  -37.017  49.662  11.963 0.3090909123
65682  -36.486  49.911  11.349 0.3454545438
65683  -36.665  49.638  10.835 0.3272727132
65684  -36.007  49.790  10.747 0.2909090817
65685  -33.605  49.289  11.338 0.2363636345
65686  -34.173  49.641  11.589 0.2181818187
65687  -33.738  49.337  10.821 0.2363636345
65688  -33.749  49.001  9.011 0.2181818187
65689  -34.141  49.262  9.814 0.2545454502
65690  -34.368  49.183  9.260 0.2181818187
65691  -34.981  49.341  9.423 0.2181818187
77448  -38.976  39.607  26.484 0.2181818187
77449  -38.987  38.971  26.920 0.2181818187
77450  -39.493  39.215  26.371 0.2363636345
77451  -39.844  38.696  26.177 0.2363636345
77452  -39.968  39.353  25.785 0.2545454502
77453  -38.561  41.598  24.030 0.2363636345
77454  -38.764  41.159  24.652 0.2363636345
77455  -39.256  41.451  24.196 0.2363636345
77456  -40.561  40.803  23.484 0.2727272809
77457  -40.318  40.761  24.101 0.2363636345
77458  -40.619  40.179  23.924 0.2545454502
77459  -40.636  39.505  24.456 0.2909090817
77460  -40.787  39.560  23.755 0.2545454502
77461  -40.868  38.885  23.625 0.2727272809
77462  -40.885  39.454  23.142 0.2909090817
77463  -40.961  39.935  21.434 0.3636363745
77464  -40.987  39.322  21.979 0.3090909123
77465  -40.954  39.236  21.365 0.3090909123
77466  -40.965  38.553  21.246 0.3090909123
77467  -40.869  39.117  20.726 0.3272727132
77471  -37.475  44.272  18.977 0.2363636345
77473  -37.767  43.938  19.474 0.2909090817
77474  -38.121  43.541  20.003 0.2727272809
77475  -38.084  43.437  19.375 0.3454545438
77476  -36.809  43.617  16.858 0.4363636374
77477  -37.028  43.776  17.380 0.4363636374
77478  -37.059  43.226  17.299 0.4545454681
77479  -38.121  41.868  17.940 0.3818181753
77480  -37.891  42.499  18.029 0.3636363745
77481  -38.446  42.159  18.497 0.3090909123
77482  -38.760  42.455  19.078 0.3272727132
77483  -38.999  41.837  19.042 0.3272727132
77484  -39.539  41.514  19.613 0.3272727132
77485  -39.179  41.242  18.987 0.3272727132
77486  -39.009  39.766  18.507 0.3090909123
77487  -39.479  39.898  19.056 0.3090909123
77488  -39.604  39.284  19.065 0.3090909123
77489  -40.162  38.867  19.571 0.2909090817
77490  -39.723  38.716  19.106 0.2727272809
77535  -38.436  47.595  11.682 0.3090909123
77536  -38.387  46.823  11.564 0.2909090817
77537  -38.596  47.564  11.073 0.2909090817
77538  -38.283  47.690  9.695 0.3454545438
77539  -38.467  47.164  10.028 0.3454545438
77540  -38.382  47.010  9.534 0.3272727132
77541  -38.225  46.358  9.294 0.3272727132
77542  -38.287  46.893  9.017 0.3272727132
77543  -37.433  49.697  7.878 0.2545454502
77544  -37.691  49.222  8.454 0.2909090817
77545  -38.005  49.284  8.031 0.2363636345
77546  -38.841  47.980  7.431 0.2727272809
77547  -38.616  48.051  7.918 0.3272727132
77548  -38.709  47.333  7.743 0.2727272809
77549  -38.518  46.730  8.002 0.3090909123
77550  -38.703  46.635  7.457 0.2909090817
77552  -38.902  46.518  6.933 0.2181818187
77554  -39.225  46.248  5.876 0.2181818187
94968  -41.117  35.626  21.891 0.2363636345
94969  -41.438  35.181  21.765 0.2181818187
94970  -41.215  35.653  21.393 0.2545454502
94982  -36.982  45.328  14.621 0.4727272689
94983  -36.713  44.629  14.899 0.5090909004
94984  -36.700  44.610  14.336 0.4909090996
94985  -36.328  43.893  14.061 0.4545454681
94992  -36.728  43.917  11.796 0.2181818187
94993  -37.166  44.612  11.481 0.2545454502
94994  -37.612  45.328  11.158 0.2545454502
99294  -40.591  36.234  24.127 0.2181818187
99295  -40.777  36.900  23.798 0.3272727132
99296  -40.877  37.468  23.378 0.3454545438
99300  -35.071  47.692  18.330 0.2181818187
99302  -34.881  49.474  15.361 0.2727272809
99303  -35.452  49.369  16.121 0.2727272809
99304  -35.548  49.519  15.555 0.2727272809
99305  -36.159  49.347  15.660 0.3090909123
99306  -36.655  48.878  15.593 0.3454545438
99307  -37.004  48.246  15.441 0.3454545438
99308  -36.728  48.970  14.958 0.3636363745
99309  -36.880  49.011  14.406 0.3454545438
99310  -37.101  49.156  13.807 0.2909090817
99311  -37.356  49.188  13.161 0.3818181753
99312  -36.671  49.772  13.210 0.2727272809
99313  -36.054  50.073  12.465 0.2545454502
99314  -35.524  50.088  11.800 0.2363636345
99316  -33.339  49.065  10.036 0.2181818187
106372  -38.018  38.924  27.224 0.2181818187
106373  -37.878  39.460  26.742 0.2181818187
106374  -38.411  39.845  26.368 0.2181818187
106375  -38.940  40.144  25.917 0.2181818187
106377  -39.664  41.721  23.677 0.2363636345
106378  -39.954  41.876  23.104 0.2363636345
106379  -40.407  41.422  23.014 0.2545454502
106380  -40.759  40.789  22.845 0.2909090817
106381  -40.909  40.071  22.692 0.2909090817
106382  -40.918  40.790  22.179 0.2545454502
106383  -40.884  40.706  21.528 0.2909090817
106384  -40.712  40.538  20.843 0.3272727132
106387  -37.014  45.080  18.569 0.2181818187
106388  -37.186  44.617  18.528 0.2181818187
106389  -37.363  44.115  18.415 0.3090909123
106390  -36.797  42.476  16.621 0.4363636374
106391  -37.125  42.643  17.169 0.3818181753
106392  -37.258  42.025  16.981 0.4000000060
106393  -37.796  41.649  17.371 0.3454545438
106394  -38.322  41.299  17.811 0.3636363745
106395  -38.784  41.037  18.354 0.3454545438
106396  -38.450  40.742  17.760 0.3454545438
106397  -38.527  40.154  17.832 0.3090909123
106425  -37.846  48.804  10.782 0.3636363745
106426  -38.348  48.154  10.641 0.3090909123
106427  -37.906  48.542  10.283 0.3272727132
106428  -37.979  48.341  9.803 0.3636363745
106429  -38.078  48.215  9.349 0.3454545438
106431  -38.350  49.415  7.587 0.2545454502
106432  -38.658  49.346  7.092 0.2363636345
106433  -38.950  48.601  7.049 0.2363636345
106434  -39.090  47.839  6.904 0.2181818187
106435  -39.108  47.088  6.664 0.2181818187
116270  -40.116  37.401  25.628 0.2363636345
116272  -34.034  48.399  17.105 0.2181818187
116274  -33.913  48.675  15.955 0.2545454502
116275  -34.063  48.958  15.550 0.2545454502
116277  -33.509  48.821  14.714 0.2545454502
116278  -34.178  49.235  15.095 0.2727272809
116279  -34.254  49.451  14.593 0.2909090817
116280  -34.332  49.651  14.041 0.2909090817
116281  -34.416  49.784  13.383 0.2909090817
116282  -34.523  49.875  12.842 0.2545454502
116283  -33.907  49.537  12.612 0.2363636345
116284  -33.482  49.226  11.825 0.2545454502
116285  -33.065  48.925  11.064 0.2181818187
121757  -41.782  34.835  21.730 0.2363636345
121775  -37.399  41.140  24.044 0.2181818187
121776  -37.848  41.621  23.732 0.2181818187
121777  -38.207  42.072  23.422 0.2181818187
121782  -39.058  42.801  21.754 0.2181818187
121783  -39.146  42.830  21.125 0.2545454502
121784  -36.855  45.517  16.643 0.4000000060
121785  -36.873  44.847  17.015 0.3636363745
121786  -36.815  44.799  16.490 0.3636363745
121787  -36.698  44.127  16.373 0.4363636374
121788  -36.570  43.483  16.295 0.4363636374
121789  -36.450  43.999  15.252 0.4363636374
121790  -36.371  43.428  15.715 0.4363636374
121791  -36.498  42.924  16.250 0.4000000060
121792  -36.446  42.321  16.112 0.4727272689
121793  -36.490  41.734  15.940 0.4545454681
121813  -37.705  44.440  9.234 0.3090909123
121814  -37.976  45.036  8.887 0.3272727132
121816  -36.820  49.475  8.755 0.2545454502
121817  -36.424  49.595  8.127 0.2181818187
121818  -36.736  49.775  7.690 0.2181818187
131540  -41.133  35.091  22.700 0.2181818187
131542  -40.938  35.607  22.899 0.2181818187
131543  -41.046  35.633  22.383 0.2181818187
131544  -40.955  36.146  22.031 0.2363636345
131545  -40.945  36.728  21.597 0.2727272809
131546  -40.997  37.300  21.122 0.3636363745
131555  -36.495  46.037  18.297 0.2363636345
131556  -36.629  46.080  17.864 0.2727272809
131557  -36.736  46.162  17.372 0.3454545438
131558  -34.708  48.513  17.431 0.2181818187
131559  -35.349  48.512  17.667 0.2363636345
131560  -35.926  48.377  17.784 0.2181818187
131561  -35.949  49.018  16.742 0.2363636345
131562  -36.300  48.564  17.282 0.2363636345
131563  -36.480  48.013  17.734 0.2727272809
131564  -36.742  47.445  17.448 0.3090909123
131565  -36.824  46.822  17.129 0.3636363745
131566  -36.834  46.190  16.852 0.3636363745
131567  -36.902  46.231  16.353 0.3818181753
131568  -36.948  46.170  15.873 0.4545454681
131569  -37.041  46.103  15.387 0.4363636374
131570  -37.187  47.549  15.254 0.3818181753
131571  -37.230  46.806  15.058 0.3636363745
131572  -37.156  46.044  14.878 0.4545454681
131573  -37.277  45.981  14.276 0.4363636374
131574  -37.454  45.940  13.688 0.4000000060
131575  -37.688  45.978  13.152 0.4000000060
131576  -37.778  46.011  12.560 0.4000000060
131577  -37.998  46.757  12.774 0.3818181753
131578  -38.175  47.561  12.297 0.3454545438
131579  -38.145  48.348  11.788 0.3090909123
131580  -37.547  49.145  12.545 0.3636363745
131581  -37.679  49.099  11.957 0.3454545438
131582  -37.757  48.972  11.322 0.3818181753
131583  -37.282  49.300  10.876 0.3272727132
131584  -36.804  49.461  10.341 0.3454545438
131585  -36.342  49.449  9.699 0.2545454502
131586  -34.640  49.973  12.320 0.2363636345
131587  -34.806  49.926  11.768 0.2545454502
131588  -35.031  49.843  11.184 0.2363636345
131589  -33.895  49.303  10.280 0.2545454502
131590  -34.531  49.520  10.483 0.2727272809
131591  -35.302  49.746  10.691 0.2909090817
131592  -35.490  49.578  10.124 0.2545454502
131594  -35.930  49.383  9.048 0.2181818187
131595  -35.500  49.279  8.318 0.2181818187
146156  -39.219  37.789  27.615 0.2181818187
146158  -39.087  38.418  27.283 0.2181818187
146159  -39.490  37.977  27.086 0.2181818187
146160  -39.793  38.097  26.486 0.2181818187
146161  -40.051  38.070  25.889 0.2363636345
146162  -40.445  38.081  25.245 0.2727272809
146163  -38.242  40.724  25.085 0.2181818187
146164  -38.885  40.645  25.319 0.2181818187
146165  -39.477  40.388  25.422 0.2181818187
146166  -39.854  41.171  24.243 0.2363636345
146167  -39.936  40.572  24.755 0.2545454502
146168  -39.986  40.004  25.287 0.2545454502
146169  -40.340  39.425  25.160 0.2727272809
146170  -40.559  38.773  24.901 0.3090909123
146171  -40.639  38.105  24.638 0.2727272809
146172  -40.765  38.159  24.081 0.3090909123
146173  -40.891  38.160  23.514 0.3272727132
146174  -40.925  38.116  22.940 0.2545454502
146175  -40.951  39.374  22.563 0.2727272809
146176  -40.964  38.731  22.486 0.2909090817
146177  -40.910  38.093  22.367 0.3090909123
146178  -40.938  38.007  21.789 0.3272727132
146179  -40.993  37.912  21.192 0.3454545438
146180  -40.990  37.864  20.603 0.3454545438
146184  -37.148  44.738  19.587 0.2181818187
146186  -37.664  43.945  20.602 0.2181818187
146187  -38.100  43.554  20.587 0.2727272809
146188  -38.567  43.172  20.518 0.2727272809
146189  -39.066  42.791  20.451 0.2727272809
146190  -36.996  44.326  17.445 0.4000000060
146191  -37.223  43.933  17.867 0.3272727132
146192  -37.550  43.628  18.325 0.3454545438
146193  -37.421  42.837  17.681 0.4181818068
146194  -37.745  43.104  18.218 0.3272727132
146195  -37.972  43.292  18.800 0.3272727132
146196  -38.408  42.924  19.251 0.3090909123
146197  -38.941  42.659  19.755 0.3090909123
146198  -39.515  42.368  20.361 0.2909090817
146199  -39.895  41.791  20.305 0.3272727132
146200  -40.192  41.092  20.235 0.3454545438
146201  -40.387  40.349  20.181 0.3454545438
146202  -39.346  40.595  18.991 0.2909090817
146203  -39.940  40.100  19.615 0.3272727132
146204  -40.505  39.649  20.170 0.3636363745
146205  -40.570  39.005  20.089 0.3272727132
146206  -40.634  38.410  20.078 0.2909090817
146207  -40.697  37.792  20.073 0.2727272809
146262  -37.898  46.056  11.992 0.3454545438
146263  -38.073  46.069  11.382 0.2181818187
146264  -38.098  46.017  10.782 0.2363636345
146265  -38.547  47.425  10.515 0.3090909123
146266  -38.432  46.647  10.368 0.3090909123
146267  -38.106  45.932  10.167 0.2909090817
146268  -38.069  45.804  9.613 0.3090909123
146269  -38.104  45.690  9.065 0.3454545438
146270  -38.158  45.587  8.581 0.3272727132
146271  -37.404  49.209  8.905 0.2909090817
146272  -37.862  48.709  8.926 0.3090909123
146273  -38.182  48.106  8.856 0.3454545438
146274  -38.389  48.706  8.031 0.3090909123
146275  -38.394  48.075  8.389 0.3454545438
146276  -38.359  47.451  8.720 0.3090909123
146277  -38.370  46.809  8.512 0.3090909123
146278  -38.336  46.150  8.281 0.3454545438
146279  -38.303  45.518  8.085 0.3636363745
146283  -39.084  46.410  6.422 0.2363636345
1879  -37.123  40.825  16.174 0.4363636374
4130  -35.887  42.574  14.295 0.4727272689
4131  -36.202  40.686  13.971 0.3818181753
4132  -36.155  42.611  11.956 0.2727272809
11811  -35.940  42.509  13.063 0.3454545438
11813  -36.933  43.880  11.247 0.2363636345
18152  -37.474  39.714  16.074 0.3454545438
25866  -36.156  41.613  15.346 0.4363636374
25867  -36.485  40.652  15.076 0.4363636374
25868  -35.893  41.507  14.132 0.4363636374
25869  -35.904  41.486  12.887 0.3636363745
25873  -37.200  43.848  10.135 0.3272727132
48872  -37.310  40.274  16.070 0.3636363745
58466  -36.057  43.241  14.437 0.4909090996
58468  -35.999  42.677  14.957 0.4545454681
58470  -35.907  42.098  14.863 0.4545454681
58471  -35.953  41.589  14.755 0.4545454681
58472  -35.809  41.999  14.236 0.4545454681
58473  -36.027  42.588  12.505 0.3090909123
58474  -35.876  41.950  12.947 0.4000000060
58475  -35.931  42.006  12.379 0.2727272809
58476  -35.976  41.493  12.305 0.2909090817
58477  -36.085  42.019  11.827 0.2363636345
58479  -36.370  42.578  11.435 0.2363636345
58481  -37.066  43.847  10.693 0.3090909123
77498  -36.323  40.672  14.513 0.4181818068
77499  -36.742  40.218  14.970 0.3636363745
94986  -36.027  43.187  13.854 0.4363636374
94987  -35.889  42.538  13.702 0.4000000060
94988  -36.084  43.186  13.268 0.3818181753
94989  -36.215  43.228  12.676 0.3454545438
94990  -36.314  43.244  12.125 0.3090909123
94991  -36.500  43.234  11.610 0.2181818187
99315  -32.839  48.790  9.724 0.2363636345
106403  -36.087  40.680  13.473 0.3636363745
106416  -37.323  43.188  9.501 0.2909090817
121794  -36.600  41.198  15.777 0.4545454681
121795  -36.766  40.710  15.620 0.4181818068
121796  -36.287  41.110  15.198 0.4545454681
121797  -36.126  41.108  14.619 0.4545454681
121798  -36.033  41.089  14.025 0.4363636374
121799  -35.833  41.962  13.596 0.4000000060
121800  -35.856  41.462  13.508 0.3818181753
121801  -35.970  41.101  13.427 0.4000000060
121802  -35.972  41.072  12.875 0.3454545438
121809  -36.713  43.182  11.064 0.2545454502
121810  -36.890  43.172  10.538 0.2727272809
121811  -37.105  43.204  10.042 0.3090909123
121812  -37.411  43.824  9.594 0.2909090817
146217  -37.026  40.200  15.495 0.4000000060
