#!ascii label  , from subject fsaverage vox2ras=TkReg
390
57  -38.426  36.109  28.731 0.4363636374
892  -41.597  33.044  27.827 0.3818181753
2033  -42.665  29.100  30.086 0.2909090817
2034  -37.935  30.641  29.586 0.5272727013
2812  -40.327  34.939  28.660 0.4181818068
2813  -40.336  35.179  26.518 0.2181818187
2814  -39.572  37.301  27.383 0.2363636345
4462  -40.382  28.476  31.802 0.3090909123
4463  -40.137  29.781  29.733 0.4181818068
4464  -37.859  28.871  31.468 0.3454545438
6214  -42.988  31.495  27.214 0.2181818187
6216  -41.482  33.115  25.704 0.2727272809
7273  -36.383  36.811  28.127 0.2909090817
8674  -42.398  31.123  29.103 0.3636363745
8675  -40.424  32.343  29.197 0.4909090996
8676  -38.285  33.565  29.142 0.5272727013
8685  -36.125  34.378  28.851 0.5636363626
10492  -39.422  35.723  28.891 0.4181818068
10493  -39.903  36.230  28.137 0.3636363745
10494  -39.150  36.880  28.378 0.2909090817
12143  -39.002  28.633  31.532 0.3090909123
14197  -42.160  32.189  27.453 0.2727272809
14198  -42.105  32.246  26.427 0.2545454502
14199  -41.501  33.125  26.791 0.3454545438
19138  -42.778  28.378  30.946 0.2545454502
19140  -43.798  28.667  30.064 0.2181818187
19142  -43.640  29.541  29.474 0.2181818187
19143  -43.338  30.533  28.921 0.2363636345
19144  -42.546  30.079  29.533 0.3272727132
19145  -39.064  30.238  29.613 0.4909090996
19146  -40.276  30.967  29.310 0.4545454681
19147  -39.203  31.524  29.274 0.5454545617
19148  -39.380  33.036  29.161 0.4727272689
19149  -38.152  32.097  29.172 0.5454545617
19171  -36.017  33.012  29.109 0.5818181634
19173  -35.270  34.748  28.746 0.4545454681
23494  -41.003  34.021  28.171 0.4363636374
23495  -40.954  34.147  27.204 0.3090909123
23496  -40.433  35.250  27.665 0.3636363745
26462  -41.490  28.731  30.821 0.3272727132
26463  -41.364  29.463  29.916 0.3454545438
26464  -40.151  29.011  30.621 0.3818181753
26465  -38.959  29.241  30.435 0.3818181753
29862  -42.932  31.745  26.211 0.2363636345
29863  -42.175  32.426  25.382 0.2545454502
29865  -40.862  34.050  26.097 0.2181818187
32359  -37.361  36.507  28.456 0.3454545438
32360  -38.031  37.431  28.223 0.2545454502
36274  -43.726  30.788  27.962 0.2181818187
36275  -42.784  31.447  28.260 0.2909090817
36276  -42.022  32.136  28.554 0.3818181753
36277  -41.379  30.496  29.453 0.4363636374
36278  -41.425  31.681  29.203 0.4363636374
36279  -41.328  32.980  28.765 0.4181818068
36280  -40.552  33.752  29.075 0.4363636374
36281  -39.514  34.484  29.160 0.4363636374
36282  -38.442  34.912  29.039 0.4727272689
36307  -37.047  32.584  29.094 0.5818181634
36308  -37.235  34.033  29.008 0.5636363626
36309  -37.352  35.324  28.747 0.5272727013
36310  -36.280  35.602  28.559 0.4363636374
41212  -38.928  35.958  28.851 0.4000000060
41213  -39.251  36.313  28.638 0.3454545438
41214  -38.793  36.540  28.606 0.3272727132
44917  -41.865  32.584  27.635 0.3818181753
44918  -41.808  32.627  27.127 0.3272727132
44919  -41.556  33.099  27.297 0.3636363745
49858  -42.723  28.704  30.496 0.2727272809
49859  -43.293  28.513  30.490 0.2181818187
49860  -43.259  28.911  30.106 0.2363636345
49861  -43.739  29.081  29.783 0.2181818187
49862  -43.198  29.370  29.789 0.2545454502
49863  -43.111  29.839  29.546 0.2545454502
49864  -42.598  29.563  29.736 0.2727272809
49865  -38.500  30.431  29.584 0.4727272689
49866  -39.118  30.846  29.412 0.5090909004
49867  -38.578  31.067  29.377 0.5454545617
49868  -38.667  31.791  29.193 0.5090909004
49869  -38.055  31.321  29.323 0.5636363626
54517  -40.699  34.486  28.421 0.4545454681
54518  -40.736  34.652  27.948 0.4181818068
54519  -40.482  35.128  28.215 0.4181818068
54520  -39.706  36.723  27.743 0.2727272809
54521  -39.977  36.310  27.554 0.2727272809
54522  -39.814  36.796  27.164 0.2545454502
59460  -41.102  28.347  31.897 0.3090909123
59461  -41.612  28.464  31.444 0.3090909123
59462  -40.942  28.626  31.302 0.3090909123
59463  -40.816  28.897  30.711 0.3454545438
59464  -40.231  28.744  31.201 0.3454545438
59466  -38.968  28.908  30.959 0.3818181753
59467  -38.356  29.100  30.910 0.4000000060
59468  -38.388  29.463  30.418 0.4000000060
59469  -37.839  29.224  30.962 0.4000000060
65634  -42.944  31.595  26.704 0.2181818187
65635  -41.764  32.692  26.086 0.2727272809
65636  -42.111  32.345  25.912 0.2727272809
65637  -41.797  32.727  25.544 0.2727272809
65640  -40.666  34.703  26.916 0.2909090817
65641  -40.930  34.149  26.670 0.2727272809
65642  -40.607  34.613  26.299 0.2181818187
71032  -36.859  36.673  28.311 0.3090909123
71033  -37.181  37.204  28.227 0.2545454502
71034  -36.701  37.345  28.052 0.2363636345
80465  -42.840  30.825  29.010 0.2727272809
80466  -43.063  31.016  28.597 0.2727272809
80467  -42.618  31.372  28.696 0.3272727132
80468  -42.344  31.842  28.346 0.3454545438
80469  -42.232  31.680  28.838 0.3636363745
80470  -40.788  29.603  29.804 0.3818181753
80471  -41.378  29.947  29.630 0.3636363745
80472  -40.811  30.104  29.532 0.4181818068
80473  -40.360  31.652  29.263 0.4909090996
80474  -40.877  31.357  29.293 0.4909090996
80475  -40.922  32.043  29.213 0.4727272689
80476  -41.444  32.382  29.042 0.4363636374
80477  -40.939  32.717  29.120 0.4545454681
80478  -40.936  33.350  28.906 0.4363636374
80479  -40.487  33.054  29.120 0.4181818068
80480  -38.853  33.359  29.154 0.5090909004
80481  -39.460  33.782  29.175 0.4181818068
80482  -38.925  34.062  29.163 0.4727272689
80483  -38.977  34.731  29.119 0.4181818068
80484  -38.379  34.251  29.108 0.5272727013
80546  -36.906  31.783  29.270 0.6000000238
80547  -36.399  32.106  29.277 0.5636363626
80548  -36.065  33.696  28.995 0.5636363626
80549  -36.617  33.529  29.015 0.5818181634
80550  -36.662  34.210  28.932 0.5818181634
80551  -37.287  34.707  28.927 0.5818181634
80552  -36.714  34.839  28.802 0.5454545617
80553  -36.788  35.401  28.634 0.4545454681
80554  -36.213  35.046  28.699 0.5090909004
92614  -39.882  35.365  28.832 0.4363636374
92615  -40.064  35.612  28.439 0.4181818068
92616  -39.669  36.011  28.587 0.4000000060
92617  -39.573  36.592  28.296 0.2909090817
92618  -39.360  37.130  27.917 0.2363636345
99283  -42.534  31.826  27.326 0.2363636345
99284  -42.507  31.877  26.828 0.2181818187
99285  -42.126  32.219  26.939 0.2909090817
99286  -41.785  32.656  26.615 0.2545454502
99287  -41.504  33.112  26.276 0.2909090817
102523  -35.906  36.902  27.941 0.2727272809
108183  -43.858  30.203  28.851 0.2181818187
108184  -43.512  30.025  29.199 0.2181818187
108185  -42.983  30.326  29.278 0.2363636345
108186  -42.479  30.594  29.325 0.3272727132
108187  -39.595  30.013  29.667 0.4181818068
108188  -40.194  30.337  29.473 0.4363636374
108189  -39.656  30.621  29.442 0.4909090996
108190  -39.718  31.250  29.312 0.4727272689
108191  -39.832  31.937  29.231 0.4727272689
108192  -39.907  32.682  29.176 0.4909090996
108193  -39.310  32.266  29.170 0.5090909004
108194  -38.747  32.581  29.063 0.5272727013
108195  -38.228  32.867  29.134 0.5272727013
108233  -35.900  32.308  29.270 0.5636363626
108234  -35.395  32.521  29.296 0.5636363626
108235  -35.479  33.196  29.130 0.5818181634
108236  -35.552  33.861  28.949 0.5454545617
108237  -35.671  34.600  28.784 0.4909090996
116260  -41.324  33.520  27.991 0.4000000060
116261  -41.270  33.591  27.493 0.4000000060
116262  -40.986  34.116  27.708 0.4181818068
116263  -40.697  34.716  27.451 0.4000000060
116264  -40.388  35.265  27.134 0.2909090817
116265  -40.166  35.766  27.889 0.3818181753
116266  -40.147  35.833  27.306 0.2909090817
116267  -40.121  35.768  26.743 0.2181818187
123180  -42.271  28.271  31.503 0.2363636345
123181  -42.117  28.517  30.925 0.2909090817
123182  -42.070  28.882  30.434 0.3272727132
123183  -42.014  29.291  30.006 0.3272727132
123184  -41.409  29.052  30.288 0.3454545438
123185  -40.750  29.187  30.186 0.4000000060
123186  -40.107  29.315  30.086 0.4000000060
123187  -39.591  28.850  31.070 0.3454545438
123188  -39.554  29.119  30.525 0.3636363745
123189  -39.529  29.456  30.014 0.4181818068
123190  -38.993  29.651  29.985 0.4545454681
123191  -38.463  29.893  29.977 0.4545454681
131521  -43.345  31.483  26.190 0.2181818187
131522  -43.020  31.880  25.743 0.2181818187
131523  -42.448  31.919  26.299 0.2545454502
131524  -42.548  32.084  25.804 0.2545454502
131525  -42.655  32.209  25.313 0.2545454502
131529  -41.237  33.623  26.958 0.3454545438
131530  -41.191  33.622  26.440 0.3454545438
131531  -41.170  33.567  25.886 0.2363636345
138337  -37.898  36.297  28.588 0.4000000060
138338  -38.266  36.751  28.476 0.3090909123
138339  -37.683  37.005  28.397 0.2727272809
138340  -37.467  37.664  28.104 0.2363636345
146154  -38.627  37.163  28.312 0.2727272809
146155  -38.930  37.529  28.050 0.2181818187
149797  -43.556  30.668  28.451 0.2727272809
149798  -43.238  31.095  28.081 0.2545454502
149799  -42.925  31.477  27.733 0.2181818187
149800  -42.468  31.842  27.873 0.2727272809
149801  -42.082  32.226  28.011 0.3454545438
149802  -41.811  32.583  28.227 0.4000000060
149803  -41.975  29.757  29.694 0.3636363745
149804  -41.963  30.306  29.512 0.3636363745
149805  -41.974  30.867  29.348 0.4000000060
149806  -40.818  30.710  29.367 0.4363636374
149807  -41.408  31.064  29.332 0.4181818068
149808  -41.953  31.429  29.179 0.4000000060
149809  -41.858  31.993  28.975 0.4000000060
149810  -41.697  32.561  28.661 0.4363636374
149811  -41.525  33.082  28.323 0.4181818068
149812  -41.187  33.509  28.471 0.4000000060
149813  -40.834  33.933  28.668 0.4363636374
149814  -40.459  34.357  28.881 0.4363636374
149815  -39.977  33.426  29.152 0.4363636374
149816  -40.055  34.144  29.155 0.4181818068
149817  -40.000  34.779  29.054 0.4363636374
149818  -39.503  35.124  29.067 0.4363636374
149819  -38.994  35.364  29.033 0.4363636374
149820  -38.462  35.541  28.930 0.4545454681
149892  -37.344  30.887  29.558 0.5454545617
149893  -37.508  31.602  29.269 0.5636363626
149894  -37.595  32.363  29.156 0.6000000238
149895  -37.681  33.092  29.088 0.5818181634
149896  -36.561  32.830  29.068 0.6000000238
149897  -37.160  33.315  29.035 0.5818181634
149898  -37.776  33.784  29.080 0.5454545617
149899  -37.874  34.462  29.016 0.4909090996
149900  -37.900  35.108  28.912 0.5090909004
149901  -37.907  35.718  28.757 0.4363636374
149902  -37.384  35.904  28.589 0.4545454681
149903  -36.826  36.015  28.481 0.4181818068
149904  -36.346  36.206  28.346 0.3454545438
149905  -35.775  35.242  28.632 0.4181818068
149906  -35.849  35.791  28.476 0.4000000060
149907  -35.904  36.356  28.214 0.3272727132
461  -30.638  32.408  34.199 0.2363636345
2037  -33.909  32.421  29.528 0.4727272689
4470  -31.954  31.655  34.890 0.2909090817
4471  -33.500  30.642  31.768 0.3818181753
4472  -32.276  31.750  31.576 0.3090909123
4473  -32.363  33.002  29.395 0.3090909123
4474  -30.691  32.137  30.990 0.2181818187
8683  -35.524  29.593  31.611 0.4000000060
8684  -35.769  31.624  29.535 0.5454545617
8686  -34.357  34.930  28.655 0.3636363745
12150  -31.245  32.036  34.568 0.2727272809
12151  -32.049  31.556  33.189 0.2909090817
12152  -31.422  32.002  32.885 0.2545454502
19167  -34.409  29.532  33.035 0.3818181753
19168  -33.709  31.308  30.464 0.4363636374
19169  -34.568  30.813  30.459 0.5272727013
19170  -34.800  32.015  29.544 0.5090909004
19172  -35.005  33.359  29.100 0.4909090996
19174  -34.163  33.770  29.152 0.4545454681
19175  -31.462  32.790  28.895 0.2545454502
19176  -32.428  33.690  28.385 0.2727272809
26466  -37.899  29.638  30.465 0.4181818068
26478  -32.679  30.935  33.326 0.3272727132
26479  -32.811  31.249  31.789 0.3818181753
26480  -32.998  31.918  30.395 0.3818181753
26481  -33.183  32.798  29.644 0.3818181753
26482  -32.405  32.302  30.389 0.3090909123
26483  -31.557  32.313  30.046 0.2727272809
26484  -30.568  32.255  29.617 0.2363636345
36302  -36.738  29.205  31.517 0.3636363745
36303  -36.676  30.073  30.447 0.4727272689
36304  -34.402  30.048  31.663 0.3818181753
36305  -35.615  30.425  30.433 0.4727272689
36306  -36.829  31.137  29.572 0.5818181634
36311  -35.426  35.901  28.330 0.3272727132
36312  -34.469  35.957  27.731 0.2181818187
36313  -33.285  33.914  28.990 0.3454545438
36314  -33.424  34.929  28.054 0.2727272809
42868  -30.548  32.486  35.029 0.2363636345
42870  -30.957  32.238  34.404 0.2545454502
42871  -31.334  31.981  33.730 0.2727272809
42872  -31.038  32.183  33.557 0.2545454502
42873  -31.124  32.138  32.676 0.2181818187
42874  -30.721  32.304  33.310 0.2181818187
49888  -33.799  31.805  29.944 0.4545454681
49889  -34.246  31.580  29.927 0.4909090996
49890  -34.336  32.185  29.541 0.4909090996
49891  -34.905  32.677  29.312 0.5454545617
49892  -34.457  32.895  29.306 0.4909090996
49893  -34.578  33.586  29.121 0.4727272689
49894  -34.042  33.104  29.332 0.4545454681
49896  -31.431  33.047  28.220 0.2363636345
59485  -32.301  31.342  34.987 0.3090909123
59487  -32.325  31.305  34.153 0.3090909123
59488  -32.165  31.601  32.325 0.3090909123
59489  -32.446  31.370  32.522 0.3454545438
59490  -32.486  31.508  31.706 0.3272727132
59491  -32.884  31.534  31.053 0.3818181753
59492  -32.602  31.795  31.009 0.3454545438
59493  -32.725  32.130  30.420 0.2909090817
59494  -32.370  32.024  30.968 0.2363636345
59495  -31.137  32.126  31.171 0.2181818187
59496  -31.581  32.108  30.646 0.2363636345
59497  -31.050  32.177  30.505 0.2363636345
59498  -31.036  32.317  29.855 0.2363636345
59499  -30.606  32.166  30.305 0.2181818187
80533  -35.574  29.273  32.203 0.4000000060
80534  -36.254  29.148  32.152 0.3636363745
80535  -36.126  29.426  31.532 0.3818181753
80536  -36.672  29.614  30.958 0.4000000060
80537  -36.076  29.792  30.964 0.4181818068
80538  -33.422  30.378  32.494 0.3272727132
80539  -33.865  30.049  32.413 0.3636363745
80540  -33.908  30.320  31.742 0.4000000060
80541  -35.115  31.144  29.875 0.5090909004
80542  -35.063  30.635  30.444 0.4727272689
80543  -35.662  30.960  29.909 0.5090909004
80544  -36.219  30.755  29.947 0.5090909004
80545  -36.296  31.381  29.575 0.5636363626
80555  -34.819  34.830  28.734 0.4000000060
80556  -35.373  35.345  28.565 0.3818181753
80557  -34.891  35.364  28.461 0.3636363745
80558  -34.934  35.889  28.091 0.2363636345
80559  -34.430  35.460  28.224 0.2545454502
80560  -32.788  32.931  29.579 0.3454545438
80561  -33.234  33.337  29.341 0.3454545438
80562  -32.805  33.414  29.184 0.3454545438
80563  -32.444  34.047  27.767 0.2727272809
80564  -32.923  34.369  28.268 0.3090909123
80565  -32.959  34.737  27.662 0.2545454502
80566  -33.469  35.301  27.457 0.2363636345
95596  -31.584  31.854  34.720 0.2909090817
95597  -31.970  31.576  34.055 0.2727272809
95598  -31.625  31.768  33.879 0.2727272809
95599  -31.739  31.781  33.017 0.2909090817
95600  -31.860  31.840  32.209 0.2727272809
95601  -31.973  31.937  31.469 0.2909090817
95602  -31.518  32.034  32.108 0.2545454502
95603  -31.173  32.122  31.891 0.2181818187
108226  -35.030  29.296  32.955 0.3818181753
108227  -34.966  29.497  32.300 0.4000000060
108228  -33.614  30.944  31.053 0.4181818068
108229  -34.011  30.654  31.048 0.4545454681
108230  -34.133  31.071  30.424 0.4727272689
108231  -34.663  31.338  29.903 0.5090909004
108232  -35.274  31.823  29.530 0.5454545617
108238  -35.104  34.055  28.912 0.4363636374
108239  -34.698  34.251  28.949 0.4363636374
108240  -34.270  34.382  28.933 0.4181818068
108241  -31.927  32.955  29.148 0.3090909123
108242  -32.387  33.355  28.916 0.3090909123
108243  -31.933  33.214  28.585 0.2727272809
108244  -31.924  33.484  27.969 0.2545454502
123192  -37.927  30.125  30.000 0.4727272689
123217  -33.005  30.531  33.314 0.3272727132
123218  -33.064  30.730  32.544 0.3272727132
123219  -32.376  31.315  33.329 0.3272727132
123220  -32.752  31.061  32.571 0.3636363745
123221  -33.152  30.960  31.795 0.4000000060
123222  -33.243  31.241  31.083 0.4181818068
123223  -33.329  31.649  30.456 0.4000000060
123224  -33.432  32.135  29.927 0.4000000060
123225  -33.541  32.648  29.569 0.4545454681
123226  -33.114  32.317  29.963 0.3090909123
123227  -32.789  32.466  29.948 0.3272727132
123228  -32.394  32.593  29.843 0.3272727132
123229  -32.019  32.165  30.830 0.2545454502
123230  -31.991  32.387  30.237 0.3090909123
123231  -31.955  32.643  29.680 0.3090909123
123232  -31.513  32.550  29.473 0.2727272809
123233  -31.005  32.448  29.200 0.2363636345
149879  -36.814  28.844  32.095 0.3454545438
149880  -37.319  29.022  31.494 0.3818181753
149881  -37.290  29.409  30.977 0.4181818068
149882  -37.301  29.857  30.490 0.4181818068
149883  -37.294  30.329  30.001 0.4909090996
149885  -34.392  29.759  32.343 0.4181818068
149886  -34.948  29.812  31.617 0.4181818068
149887  -34.495  30.389  31.069 0.4181818068
149888  -34.999  30.192  31.017 0.4181818068
149889  -35.552  29.982  31.009 0.4363636374
149890  -36.131  30.253  30.414 0.4727272689
149891  -36.739  30.572  29.960 0.4909090996
149908  -35.438  36.421  27.995 0.2727272809
149909  -34.950  36.414  27.614 0.2181818187
149910  -34.473  36.399  27.206 0.2363636345
149911  -33.632  33.220  29.373 0.4000000060
149912  -33.737  33.877  29.128 0.4000000060
149913  -33.818  34.452  28.813 0.3636363745
149914  -32.861  33.889  28.735 0.3454545438
149915  -33.359  34.463  28.560 0.3272727132
149916  -33.891  34.984  28.411 0.2909090817
149917  -33.956  35.443  27.877 0.2545454502
149935  -30.142  32.108  30.062 0.2181818187
