#!ascii label  , from subject fsaverage vox2ras=TkReg
100
1003  -41.133  18.586  42.894 0.3636363745
3526  -37.901  19.198  46.180 0.3454545438
7429  -40.241  13.451  49.599 0.3818181753
7431  -40.493  17.598  45.258 0.3818181753
7432  -38.593  19.847  43.552 0.4000000060
14523  -42.056  17.573  43.694 0.3454545438
14525  -42.353  17.817  42.522 0.3636363745
16327  -39.401  14.114  50.119 0.3454545438
16329  -41.115  14.251  48.263 0.3636363745
16334  -38.149  19.576  44.839 0.4181818068
16335  -37.616  20.876  44.166 0.3636363745
16336  -38.050  20.978  42.908 0.3454545438
23691  -40.186  19.449  42.107 0.4000000060
23692  -41.485  18.827  41.856 0.3454545438
23693  -40.691  19.624  41.037 0.3636363745
30320  -42.568  17.877  41.269 0.3454545438
30321  -42.601  16.359  40.678 0.3636363745
32776  -39.532  12.263  51.013 0.4000000060
32781  -42.297  15.761  45.791 0.3454545438
32783  -40.820  18.153  44.026 0.4000000060
32784  -39.081  18.217  45.592 0.3454545438
32785  -39.369  18.682  44.355 0.3636363745
45243  -41.627  18.137  43.300 0.4000000060
45244  -42.200  17.739  43.077 0.3454545438
45245  -41.746  18.264  42.697 0.3636363745
47051  -40.552  16.467  47.060 0.3454545438
47052  -39.879  16.772  47.258 0.3454545438
47054  -37.429  20.824  44.818 0.3454545438
47056  -37.554  21.496  43.837 0.3818181753
54843  -39.803  19.871  41.684 0.3636363745
54844  -40.428  19.557  41.538 0.3636363745
54845  -40.145  19.929  41.145 0.3636363745
54847  -40.759  20.086  40.082 0.3454545438
66612  -42.095  18.404  41.616 0.3454545438
66616  -42.356  16.281  40.129 0.3636363745
72014  -39.820  13.800  49.874 0.3636363745
72015  -39.460  13.206  50.562 0.3454545438
72016  -39.837  12.871  50.309 0.4000000060
72017  -39.868  12.026  50.686 0.3454545438
72018  -40.201  12.588  50.017 0.3636363745
72020  -40.612  13.059  49.322 0.3636363745
72030  -41.142  17.381  45.116 0.3636363745
72031  -41.311  17.620  44.510 0.4000000060
72032  -40.619  17.861  44.651 0.3636363745
72033  -38.307  18.485  46.541 0.3454545438
72034  -38.880  18.010  46.216 0.3454545438
72035  -38.406  18.657  45.853 0.3454545438
72036  -38.344  19.766  44.181 0.3636363745
72037  -38.733  19.086  44.522 0.3636363745
72040  -39.160  19.481  43.369 0.3636363745
72041  -39.365  19.617  42.767 0.3454545438
72042  -38.775  19.973  42.975 0.4000000060
99869  -42.524  17.104  43.464 0.3454545438
99870  -42.634  17.171  42.872 0.3454545438
99871  -42.724  17.197  42.212 0.3454545438
103114  -39.327  15.023  49.606 0.3454545438
103116  -40.282  14.260  49.194 0.3636363745
103117  -40.673  13.887  48.912 0.3818181753
103123  -40.800  16.830  46.409 0.3636363745
103124  -40.301  17.343  45.892 0.3454545438
103126  -38.005  19.408  45.516 0.3454545438
103127  -37.660  20.138  45.157 0.3818181753
103128  -37.804  20.204  44.491 0.3818181753
103129  -38.027  20.341  43.819 0.3636363745
103130  -38.278  20.430  43.166 0.3636363745
103131  -37.828  20.921  43.537 0.3818181753
103132  -37.782  21.516  43.217 0.3454545438
116715  -40.642  19.018  42.519 0.3454545438
116716  -41.278  18.727  42.349 0.3454545438
116717  -40.816  19.139  41.935 0.3454545438
116718  -41.096  19.233  41.473 0.3454545438
116720  -40.393  20.029  40.594 0.3454545438
119249  -37.875  19.045  46.835 0.3636363745
119253  -37.175  20.562  46.209 0.3454545438
132758  -41.974  18.339  42.173 0.3818181753
132759  -42.459  17.873  41.911 0.3454545438
132760  -42.788  17.207  41.557 0.3818181753
132763  -42.741  16.407  41.258 0.3454545438
132764  -42.486  15.730  40.866 0.3454545438
139534  -38.495  12.395  52.065 0.3454545438
139537  -39.147  12.613  51.250 0.3454545438
139538  -39.244  11.674  51.709 0.3818181753
139539  -39.598  11.389  51.389 0.3636363745
139540  -39.920  11.180  51.041 0.3454545438
139545  -41.028  13.472  48.671 0.3454545438
139554  -41.886  16.184  46.064 0.3454545438
139556  -42.252  16.750  44.777 0.3454545438
139557  -41.900  17.360  44.334 0.3818181753
139558  -41.465  17.891  43.890 0.4181818068
139559  -40.981  18.392  43.446 0.3818181753
139561  -39.578  17.625  46.127 0.3818181753
139562  -39.776  17.867  45.416 0.3454545438
139563  -38.578  18.899  45.176 0.3818181753
139566  -40.117  18.373  44.184 0.3636363745
139567  -40.337  18.636  43.594 0.3454545438
139568  -40.511  18.829  43.067 0.3454545438
139569  -40.022  19.248  42.600 0.3818181753
139570  -39.582  19.736  42.203 0.3636363745
139572  -38.515  20.436  42.568 0.3454545438
139573  -38.759  20.535  42.008 0.3454545438
