#!ascii label  , from subject fsaverage vox2ras=TkReg
612
95  -39.317  21.902  39.527 0.2545454502
218  -32.234  26.664  41.037 0.2727272809
460  -38.476  27.985  33.638 0.3636363745
1007  -43.980  22.603  36.412 0.1818181872
1008  -44.393  26.375  33.844 0.2000000030
1009  -39.689  24.856  36.305 0.4727272689
1011  -30.999  30.302  38.685 0.2727272809
1542  -35.952  24.531  40.976 0.3636363745
2035  -34.580  27.355  37.669 0.5272727013
2927  -41.538  22.420  37.629 0.2181818187
2928  -42.305  24.075  36.649 0.3272727132
2929  -39.745  23.323  37.943 0.3818181753
4460  -41.402  27.290  33.942 0.2727272809
4461  -43.129  27.779  31.979 0.2000000030
4465  -34.080  26.141  41.385 0.3636363745
4466  -35.017  25.396  38.703 0.4181818068
4467  -33.379  27.282  39.801 0.4363636374
4468  -30.462  32.104  37.269 0.2545454502
4469  -32.118  31.037  37.621 0.3818181753
6419  -45.083  22.626  34.768 0.1818181872
6420  -45.665  24.696  33.198 0.1090909094
6421  -44.885  24.590  35.537 0.1636363566
6422  -42.287  25.915  35.560 0.3818181753
6423  -39.235  26.690  35.337 0.4363636374
7434  -37.841  23.173  40.394 0.3272727132
7436  -34.939  24.980  43.923 0.2545454502
7437  -32.922  25.024  42.961 0.1636363566
8671  -44.917  26.515  31.246 0.0727272704
8677  -37.201  23.930  38.174 0.4000000060
8678  -36.725  25.679  36.235 0.5090909004
8679  -36.527  27.672  35.736 0.4727272689
8680  -32.867  29.046  39.169 0.4000000060
8681  -34.291  29.286  36.987 0.3636363745
8682  -36.044  28.818  34.125 0.4000000060
10606  -41.054  21.499  38.212 0.1818181872
10607  -40.411  22.133  38.488 0.2545454502
10608  -40.798  22.969  37.935 0.3090909123
10609  -39.677  22.624  38.804 0.2909090817
12140  -39.880  27.670  33.824 0.2909090817
12141  -40.801  27.888  32.891 0.2727272809
12142  -39.440  28.143  32.724 0.3636363745
12144  -38.115  28.385  32.605 0.3818181753
12145  -33.181  26.715  41.396 0.3636363745
12146  -33.777  26.623  40.345 0.4181818068
12147  -32.849  27.207  40.703 0.4000000060
14533  -43.127  21.641  36.704 0.1818181872
14535  -43.961  21.556  36.018 0.2181818187
14536  -44.211  21.384  35.284 0.1636363566
14537  -44.832  22.633  35.670 0.1818181872
14538  -45.287  23.651  35.166 0.1818181872
14539  -44.570  23.506  36.092 0.1818181872
14540  -41.075  24.567  36.497 0.4000000060
14541  -42.420  25.002  36.124 0.3272727132
14542  -41.096  25.450  35.979 0.4363636374
14543  -40.801  26.368  35.496 0.4000000060
14544  -39.571  25.850  35.815 0.4545454681
16343  -33.752  25.323  43.801 0.2181818187
19135  -45.278  25.671  33.503 0.1090909094
19136  -45.406  25.686  32.232 0.0909090936
19137  -44.871  26.607  32.550 0.0727272704
19150  -36.898  23.858  40.614 0.3636363745
19151  -37.545  23.524  39.300 0.3818181753
19152  -36.452  24.157  39.581 0.4181818068
19153  -34.704  26.321  37.966 0.4545454681
19154  -35.665  25.378  37.256 0.4727272689
19155  -35.487  26.484  36.846 0.5090909004
19156  -36.620  26.781  35.911 0.4909090996
19157  -35.451  27.435  36.612 0.5454545617
19160  -31.938  29.849  39.204 0.4000000060
19161  -32.755  30.708  36.225 0.3636363745
19162  -33.174  30.170  37.445 0.3818181753
19163  -33.879  29.646  35.842 0.4000000060
19164  -35.077  28.950  35.501 0.4000000060
19165  -34.645  29.259  34.389 0.3818181753
19166  -35.706  29.093  32.887 0.3636363745
23697  -41.792  20.686  38.032 0.1454545408
23698  -42.050  21.642  37.376 0.1818181872
23699  -42.694  22.549  36.972 0.2000000030
23700  -43.348  23.368  36.624 0.2181818187
23701  -41.974  23.205  37.193 0.2363636345
23702  -40.945  23.756  37.213 0.4181818068
23703  -39.692  24.028  37.019 0.4545454681
26458  -42.974  26.882  33.963 0.2363636345
26459  -43.758  27.102  32.876 0.2000000030
26460  -42.326  27.532  33.003 0.2363636345
26461  -41.806  28.186  32.009 0.2727272809
26467  -34.977  25.322  41.360 0.3818181753
26468  -35.445  24.874  39.851 0.4545454681
26469  -34.573  25.718  40.072 0.4000000060
26470  -34.147  26.432  39.185 0.4545454681
26471  -33.898  27.306  38.736 0.5090909004
26472  -30.712  31.253  38.048 0.3090909123
26473  -31.611  30.958  38.409 0.3272727132
26474  -31.234  31.729  37.571 0.3272727132
26475  -31.921  31.589  36.474 0.3454545438
30336  -45.384  23.602  32.847 0.1454545408
30337  -45.537  23.654  34.091 0.1818181872
30338  -45.552  24.718  34.443 0.1636363566
30339  -44.833  25.580  34.767 0.1636363566
30340  -43.749  24.337  36.212 0.2545454502
30341  -43.763  25.374  35.572 0.3090909123
30342  -43.496  26.194  34.873 0.2363636345
30343  -41.926  26.704  34.836 0.2909090817
30344  -40.320  27.055  34.844 0.3272727132
30345  -38.869  27.472  34.640 0.3454545438
30347  -31.874  27.311  40.319 0.2727272809
30354  -29.914  31.482  37.615 0.2181818187
30355  -29.810  32.331  36.823 0.1818181872
32790  -38.602  22.558  39.966 0.3272727132
32791  -37.924  22.648  41.351 0.2181818187
32792  -37.277  23.396  41.776 0.3090909123
32793  -36.475  24.186  42.091 0.3272727132
32795  -36.003  24.420  43.714 0.2181818187
32796  -35.441  24.876  42.449 0.2909090817
32797  -34.392  25.657  42.613 0.3636363745
32798  -33.381  26.081  42.554 0.2909090817
32799  -32.607  25.880  41.785 0.2363636345
32806  -32.768  23.663  43.352 0.1272727251
32808  -31.939  25.485  40.895 0.1818181872
36268  -44.244  27.292  31.679 0.0727272704
36283  -38.642  23.086  39.030 0.3636363745
36284  -38.517  23.599  37.991 0.4000000060
36285  -38.383  24.290  37.015 0.4363636374
36286  -36.046  24.605  38.341 0.4545454681
36287  -36.894  24.628  37.030 0.4909090996
36288  -38.211  25.161  36.194 0.4727272689
36289  -37.925  26.145  35.727 0.5090909004
36290  -37.794  27.134  35.317 0.4000000060
36291  -37.493  27.917  34.717 0.4000000060
36292  -32.454  27.850  40.108 0.4181818068
36293  -33.092  28.117  39.471 0.4545454681
36294  -33.727  28.253  38.565 0.4909090996
36295  -32.548  30.154  38.486 0.4000000060
36296  -33.582  29.279  38.289 0.4000000060
36297  -34.388  28.378  37.631 0.4363636374
36298  -35.346  28.390  36.325 0.4181818068
36299  -36.321  28.474  35.135 0.4363636374
36300  -37.222  28.404  33.797 0.4000000060
36301  -36.898  28.685  32.692 0.3636363745
41325  -39.677  21.539  39.344 0.2545454502
41326  -40.187  21.677  38.835 0.2727272809
41327  -39.886  21.979  38.995 0.2363636345
41328  -40.088  22.380  38.680 0.2727272809
41329  -39.543  22.289  39.159 0.2727272809
42860  -39.140  27.851  33.696 0.3090909123
42861  -39.651  27.930  33.257 0.3454545438
42862  -38.970  28.076  33.136 0.3818181753
42863  -38.764  28.282  32.635 0.3636363745
42864  -38.289  28.195  33.115 0.3636363745
42865  -32.689  26.755  41.283 0.3090909123
42866  -33.022  26.965  41.011 0.4000000060
42867  -32.552  27.016  40.960 0.3272727132
45253  -43.540  22.106  36.534 0.1818181872
45254  -43.586  21.611  36.370 0.2000000030
45255  -44.066  22.135  36.260 0.2000000030
45256  -44.433  22.086  35.850 0.2000000030
45257  -44.469  22.638  36.091 0.1818181872
45258  -44.780  23.094  35.908 0.1636363566
45259  -44.317  23.025  36.287 0.1454545408
45260  -40.382  24.777  36.378 0.3818181753
45261  -41.126  24.997  36.208 0.4000000060
45262  -40.383  25.215  36.107 0.4363636374
45263  -40.334  25.655  35.894 0.4727272689
45264  -39.658  25.323  36.039 0.4545454681
49855  -44.907  26.073  33.677 0.1272727251
49856  -45.085  26.149  33.021 0.0909090936
49857  -44.666  26.485  33.199 0.1090909094
49870  -36.443  24.207  40.836 0.3636363745
49871  -36.665  24.016  40.072 0.4000000060
49872  -36.195  24.333  40.284 0.4000000060
49873  -34.645  26.842  37.762 0.5090909004
49874  -35.065  26.384  37.390 0.5272727013
49875  -35.017  26.923  37.249 0.5454545617
49876  -35.466  26.996  36.718 0.5454545617
49877  -34.976  27.445  37.162 0.5636363626
49880  -31.470  30.070  39.004 0.3636363745
49881  -33.069  30.338  35.431 0.3818181753
49882  -33.294  30.159  36.026 0.4000000060
49883  -33.617  29.843  35.266 0.4000000060
49884  -34.231  29.431  35.108 0.4181818068
54852  -41.382  20.601  38.527 0.1454545408
54853  -41.250  21.944  37.883 0.2363636345
54854  -41.551  21.574  37.777 0.1818181872
54855  -41.785  22.021  37.507 0.2181818187
54856  -42.337  22.131  37.129 0.2000000030
54857  -42.088  22.489  37.302 0.2181818187
54858  -42.359  22.886  37.104 0.2181818187
54859  -41.795  22.798  37.416 0.2363636345
54860  -40.320  23.140  37.995 0.3454545438
54861  -40.898  23.361  37.613 0.3454545438
54862  -40.339  23.556  37.560 0.4000000060
54863  -40.322  23.936  37.111 0.4181818068
54864  -39.705  23.655  37.455 0.4363636374
59455  -42.171  27.102  33.985 0.2727272809
59456  -42.633  27.215  33.495 0.2363636345
59457  -41.860  27.395  33.491 0.2545454502
59458  -40.561  28.204  32.293 0.3272727132
59459  -41.282  28.055  32.451 0.2909090817
59465  -38.406  28.712  31.488 0.3454545438
59470  -34.517  25.761  41.386 0.4000000060
59471  -34.786  25.494  40.680 0.4363636374
59472  -34.372  25.943  40.749 0.4181818068
59473  -33.570  26.933  40.044 0.4363636374
59474  -33.959  26.523  39.789 0.4000000060
59475  -33.786  26.874  39.523 0.4000000060
59476  -33.991  26.880  38.921 0.4545454681
59477  -33.628  27.239  39.289 0.4727272689
59478  -30.559  31.646  37.681 0.2545454502
59479  -30.960  31.516  37.859 0.3090909123
59480  -30.799  31.939  37.412 0.2727272809
59484  -32.294  31.308  35.718 0.3818181753
66643  -44.766  22.010  35.061 0.1818181872
66647  -45.073  22.578  34.267 0.1454545408
66648  -45.349  23.105  33.908 0.1818181872
66649  -45.336  23.149  34.428 0.1818181872
66650  -45.159  24.146  35.370 0.1636363566
66651  -45.431  24.196  34.836 0.1636363566
66652  -45.264  24.677  35.020 0.1454545408
66653  -45.283  25.191  34.627 0.1636363566
66654  -44.890  25.102  35.174 0.1818181872
66655  -42.929  23.725  36.698 0.2909090817
66656  -43.596  23.817  36.450 0.2545454502
66657  -43.047  24.194  36.434 0.3090909123
66658  -42.385  25.473  35.859 0.3818181753
66659  -43.086  25.196  35.917 0.3090909123
66660  -43.044  25.650  35.637 0.3454545438
66661  -43.665  25.806  35.264 0.3090909123
66662  -42.911  26.073  35.266 0.3636363745
66663  -42.706  26.450  34.834 0.2909090817
66664  -42.164  26.329  35.217 0.2909090817
66665  -40.003  26.509  35.427 0.4000000060
66666  -40.573  26.729  35.190 0.3636363745
66667  -39.823  26.890  35.134 0.3818181753
66668  -39.574  27.246  34.746 0.3636363745
66669  -39.061  27.078  35.031 0.3636363745
66688  -29.189  32.241  36.797 0.1818181872
66689  -29.551  32.051  36.984 0.1818181872
66690  -29.491  32.472  36.553 0.1636363566
66692  -29.450  32.781  35.994 0.1636363566
72048  -38.244  22.239  41.145 0.2363636345
72049  -37.954  22.315  41.816 0.2363636345
72051  -37.350  23.144  42.293 0.2545454502
72052  -37.058  23.535  42.494 0.3090909123
72053  -36.911  23.809  41.950 0.3090909123
72054  -36.690  23.979  42.684 0.2909090817
72060  -35.497  24.709  43.866 0.2545454502
72061  -35.742  24.683  43.087 0.2909090817
72062  -35.225  24.957  43.218 0.3090909123
72063  -34.923  25.237  42.598 0.2909090817
72064  -34.661  25.296  43.275 0.3272727132
72065  -33.260  25.239  43.425 0.2000000030
72066  -33.536  25.701  43.162 0.2363636345
72067  -33.094  25.647  42.771 0.2363636345
72068  -32.977  26.054  42.170 0.2545454502
72069  -32.718  25.478  42.255 0.2000000030
72086  -32.965  23.322  44.131 0.1454545408
80440  -45.611  24.179  33.003 0.1272727251
80443  -45.168  26.137  31.727 0.0909090936
80445  -45.158  26.087  31.048 0.0909090936
80448  -43.404  27.468  32.466 0.1454545408
80449  -44.019  27.233  32.311 0.0727272704
80485  -38.204  22.806  40.247 0.3636363745
80486  -38.706  22.852  39.508 0.3272727132
80487  -38.222  23.063  39.713 0.3818181753
80488  -37.356  23.721  38.758 0.4181818068
80489  -37.963  23.494  38.613 0.4000000060
80490  -37.828  23.717  38.069 0.4000000060
80491  -38.421  23.905  37.506 0.4181818068
80492  -37.790  24.031  37.478 0.4363636374
80493  -35.177  25.097  39.254 0.4545454681
80494  -35.725  24.706  39.101 0.4545454681
80495  -35.506  24.986  38.466 0.4545454681
80496  -36.127  25.503  36.740 0.5090909004
80497  -36.215  24.955  37.155 0.4727272689
80498  -36.779  25.125  36.598 0.4727272689
80499  -37.528  24.875  36.511 0.4909090996
80500  -37.448  25.393  36.155 0.4909090996
80501  -38.030  25.634  35.933 0.5090909004
80502  -37.324  25.876  35.907 0.4909090996
80503  -36.575  27.262  35.826 0.4727272689
80504  -37.213  26.953  35.608 0.4727272689
80505  -37.138  27.400  35.490 0.4181818068
80506  -37.661  27.548  35.049 0.3636363745
80507  -36.999  27.798  35.206 0.4000000060
80509  -32.105  27.611  40.264 0.4181818068
80511  -32.534  28.937  39.553 0.4363636374
80512  -32.688  28.445  39.698 0.4363636374
80513  -32.982  28.554  39.333 0.4181818068
80514  -33.391  28.174  39.013 0.4727272689
80515  -33.325  28.654  38.912 0.4545454681
80516  -31.848  31.082  38.104 0.3818181753
80517  -32.063  30.612  38.478 0.3818181753
80518  -32.336  30.628  38.052 0.3272727132
80519  -33.743  29.698  37.197 0.3818181753
80520  -33.444  29.769  37.940 0.3636363745
80521  -33.936  29.318  37.687 0.3636363745
80522  -34.006  28.842  37.938 0.4181818068
80523  -34.427  28.926  37.377 0.4181818068
80524  -34.878  28.427  36.979 0.4363636374
80525  -34.803  28.843  36.691 0.3636363745
80526  -35.568  28.916  34.832 0.4000000060
80527  -35.695  28.716  35.290 0.4545454681
80528  -36.163  28.681  34.673 0.4000000060
80529  -36.816  28.500  34.501 0.4363636374
80530  -36.647  28.623  33.975 0.4000000060
80531  -37.059  28.554  33.260 0.4181818068
80532  -36.489  28.735  33.413 0.3818181753
92817  -40.560  21.349  38.732 0.2000000030
92818  -40.738  21.852  38.333 0.2363636345
92819  -40.952  22.301  38.004 0.2363636345
92820  -41.190  22.674  37.761 0.2727272809
92821  -40.638  22.541  38.206 0.2545454502
92822  -40.242  22.742  38.356 0.3090909123
92823  -39.770  22.958  38.409 0.3636363745
95578  -40.623  27.509  33.950 0.2727272809
95579  -41.079  27.574  33.440 0.2727272809
95580  -40.343  27.774  33.380 0.2909090817
95581  -40.103  28.037  32.784 0.3090909123
95582  -39.883  28.295  32.221 0.3272727132
95583  -39.648  28.611  31.635 0.3272727132
95584  -39.219  28.386  32.156 0.3636363745
95585  -38.567  28.481  32.080 0.3636363745
95586  -37.957  28.594  32.035 0.3454545438
95587  -33.631  26.489  41.428 0.3636363745
95588  -33.943  26.352  40.794 0.4000000060
95589  -33.496  26.729  40.924 0.4181818068
95590  -33.331  26.979  40.562 0.4181818068
95591  -33.142  27.271  40.257 0.4363636374
95592  -30.457  32.409  36.683 0.2363636345
95593  -30.744  32.224  36.825 0.2727272809
99885  -42.767  21.166  36.886 0.1636363566
99891  -44.146  21.445  35.677 0.1818181872
99892  -44.637  22.018  35.471 0.1818181872
99893  -45.005  22.610  35.263 0.1818181872
99894  -45.256  23.152  34.954 0.1636363566
99895  -45.133  23.088  35.443 0.1636363566
99896  -44.996  23.622  35.674 0.1636363566
99897  -44.802  24.025  35.866 0.1818181872
99898  -41.689  24.337  36.568 0.4000000060
99899  -42.391  24.504  36.360 0.3636363745
99900  -41.776  24.766  36.278 0.3636363745
99901  -41.787  25.241  36.055 0.3636363745
99902  -41.704  25.699  35.821 0.3818181753
99903  -41.577  26.162  35.565 0.4363636374
99904  -40.962  25.928  35.765 0.4181818068
99905  -40.176  26.116  35.676 0.4181818068
99906  -39.387  26.279  35.597 0.4181818068
103143  -34.345  25.241  43.943 0.2363636345
103144  -34.091  24.945  44.485 0.2181818187
103145  -33.573  24.817  44.152 0.1818181872
103146  -33.157  24.636  43.660 0.1454545408
108169  -45.539  25.188  33.352 0.1090909094
108170  -45.606  25.176  32.741 0.0909090936
108171  -45.360  25.714  32.869 0.1090909094
108172  -45.171  26.185  32.394 0.0909090936
108173  -44.911  26.589  31.907 0.0727272704
108196  -37.370  23.462  40.488 0.3454545438
108197  -37.742  23.339  39.835 0.4000000060
108198  -37.178  23.654  39.925 0.3818181753
108199  -36.987  23.861  39.419 0.4181818068
108200  -36.776  24.045  38.852 0.4727272689
108201  -34.849  25.817  38.287 0.4545454681
108202  -35.309  25.371  37.959 0.4545454681
108203  -35.148  25.855  37.616 0.5090909004
108204  -35.549  25.945  37.023 0.5090909004
108205  -36.056  26.079  36.482 0.5090909004
108206  -36.656  26.241  36.024 0.5272727013
108207  -36.011  26.582  36.347 0.5272727013
108208  -35.996  27.097  36.230 0.4909090996
108209  -35.983  27.550  36.132 0.5090909004
108213  -32.046  29.290  39.510 0.4363636374
108214  -32.395  29.484  39.282 0.4545454681
108215  -32.408  30.980  36.986 0.4000000060
108216  -32.570  30.688  37.543 0.3818181753
108217  -32.935  30.480  36.842 0.4181818068
108218  -33.525  29.960  36.639 0.4000000060
108219  -34.088  29.534  36.463 0.4181818068
108220  -34.655  29.128  36.279 0.4181818068
108221  -34.448  29.277  35.695 0.4000000060
108222  -34.872  29.104  34.970 0.4000000060
108223  -35.381  29.022  34.272 0.4181818068
108224  -35.869  28.932  33.533 0.4000000060
108225  -35.169  29.149  33.623 0.3818181753
116732  -42.360  21.222  37.241 0.1636363566
116733  -42.580  21.659  36.989 0.1818181872
116734  -42.952  22.099  36.811 0.2181818187
116735  -43.346  22.560  36.694 0.2181818187
116736  -43.707  22.958  36.607 0.2000000030
116737  -43.029  22.944  36.819 0.2000000030
116738  -42.668  23.287  36.897 0.2545454502
116739  -42.176  23.636  36.942 0.3272727132
116740  -41.378  23.089  37.528 0.2545454502
116741  -41.501  23.511  37.271 0.3272727132
116742  -41.602  23.921  36.900 0.3818181753
116743  -40.997  24.158  36.821 0.4000000060
116744  -40.347  24.336  36.717 0.4363636374
116745  -39.708  24.463  36.612 0.4363636374
123172  -43.722  26.635  33.948 0.2181818187
123173  -44.081  26.750  33.361 0.1636363566
123174  -43.382  26.996  33.454 0.2000000030
123175  -43.033  27.353  32.976 0.2181818187
123176  -42.746  27.678  32.485 0.2181818187
123177  -41.557  27.705  32.972 0.2545454502
123178  -42.087  27.851  32.467 0.2545454502
123179  -42.488  27.969  31.999 0.2363636345
123193  -35.453  24.917  41.184 0.3454545438
123194  -35.700  24.677  40.423 0.4363636374
123195  -35.224  25.098  40.580 0.4181818068
123196  -34.990  25.283  39.974 0.3818181753
123197  -34.774  25.523  39.398 0.4181818068
123198  -34.155  26.195  40.174 0.4000000060
123199  -34.354  26.024  39.542 0.4181818068
123200  -34.577  25.915  38.910 0.4363636374
123201  -34.398  26.384  38.567 0.4363636374
123202  -34.283  26.847  38.330 0.4909090996
123203  -34.231  27.295  38.179 0.5272727013
123204  -30.875  30.819  38.379 0.2909090817
123205  -31.338  30.640  38.629 0.3272727132
123206  -31.183  31.141  38.256 0.2909090817
123207  -31.411  31.357  38.035 0.3272727132
123208  -31.667  31.484  37.705 0.3454545438
123209  -31.108  32.021  37.007 0.2909090817
123210  -31.538  31.788  37.196 0.3454545438
123211  -31.951  31.416  37.125 0.3818181753
123212  -32.316  31.190  36.378 0.3818181753
123213  -32.656  30.845  35.570 0.4000000060
132806  -45.500  23.634  33.456 0.1818181872
132807  -45.629  24.197  33.648 0.1636363566
132808  -45.447  23.692  34.657 0.1636363566
132809  -45.576  24.233  34.334 0.1454545408
132810  -45.624  24.702  33.831 0.1454545408
132811  -45.461  25.175  33.973 0.1272727251
132812  -45.121  25.653  34.151 0.1272727251
132813  -44.674  25.995  34.283 0.1818181872
132814  -44.004  23.414  36.407 0.2000000030
132815  -44.234  23.921  36.173 0.2000000030
132816  -44.395  24.469  35.894 0.2181818187
132817  -43.093  24.700  36.193 0.2909090817
132818  -43.810  24.867  35.936 0.2363636345
132819  -44.392  24.988  35.597 0.2000000030
132820  -44.346  25.481  35.233 0.2363636345
132821  -44.232  25.907  34.848 0.2363636345
132822  -44.052  26.250  34.454 0.2181818187
132823  -43.271  26.560  34.400 0.2545454502
132824  -42.450  26.802  34.397 0.2727272809
132825  -41.649  27.021  34.438 0.2727272809
132826  -41.425  26.595  35.222 0.3454545438
132827  -41.120  26.901  34.873 0.3090909123
132828  -40.854  27.204  34.446 0.2545454502
132829  -40.101  27.373  34.371 0.2909090817
132830  -39.357  27.569  34.240 0.3090909123
132831  -38.656  27.755  34.143 0.3636363745
132832  -31.876  26.519  40.620 0.2545454502
132833  -32.093  26.985  40.697 0.3090909123
132851  -30.553  30.435  38.388 0.2363636345
132852  -30.408  30.926  38.134 0.2181818187
132853  -30.286  31.358  37.843 0.2000000030
132854  -30.177  31.798  37.506 0.2181818187
132855  -29.615  31.606  37.322 0.2000000030
132856  -29.845  31.919  37.263 0.2000000030
132857  -30.104  32.235  37.105 0.2000000030
132858  -30.126  32.544  36.468 0.1636363566
139577  -38.888  21.897  40.120 0.2545454502
139578  -38.985  22.255  39.713 0.2727272809
139579  -38.564  22.227  40.387 0.2727272809
139580  -38.213  22.549  40.691 0.3272727132
139581  -37.884  22.930  40.892 0.3090909123
139582  -37.664  22.731  42.039 0.2181818187
139583  -37.620  23.034  41.584 0.2727272809
139584  -37.536  23.283  41.056 0.3090909123
139585  -37.138  23.671  41.177 0.3090909123
139586  -36.724  24.030  41.386 0.3454545438
139587  -36.220  24.365  41.511 0.3272727132
139593  -36.464  24.084  43.464 0.2727272809
139594  -36.227  24.357  42.862 0.2909090817
139595  -35.964  24.546  42.291 0.3090909123
139596  -35.708  24.716  41.732 0.3272727132
139597  -35.180  25.100  41.899 0.3272727132
139598  -34.708  25.513  42.005 0.3636363745
139599  -34.224  25.925  42.002 0.3818181753
139600  -34.079  25.611  43.274 0.2909090817
139601  -33.887  25.963  42.619 0.3636363745
139602  -33.757  26.275  42.003 0.3818181753
139603  -33.306  26.442  41.942 0.3090909123
139604  -32.853  26.431  41.669 0.2909090817
139605  -32.439  26.287  41.386 0.2545454502
139625  -33.044  23.977  43.888 0.1636363566
139626  -32.848  24.337  43.140 0.1454545408
139629  -32.639  24.785  42.420 0.1636363566
139630  -32.440  25.266  41.776 0.2000000030
139631  -32.246  25.705  41.263 0.2000000030
139632  -32.056  26.106  40.927 0.2000000030
149776  -44.379  26.876  32.688 0.1272727251
149777  -44.543  26.968  32.097 0.0727272704
149778  -44.661  26.956  31.436 0.0727272704
149780  -44.451  27.261  31.005 0.0727272704
149821  -39.103  22.605  39.322 0.3454545438
149822  -39.189  22.880  38.921 0.3090909123
149823  -39.183  23.157  38.472 0.3636363745
149824  -38.101  23.293  39.157 0.3818181753
149825  -38.584  23.341  38.529 0.3818181753
149826  -39.172  23.458  38.030 0.4000000060
149827  -39.099  23.783  37.480 0.4727272689
149828  -39.052  24.157  37.007 0.4363636374
149829  -39.043  24.578  36.599 0.4727272689
149830  -35.960  24.469  39.726 0.4363636374
149831  -36.251  24.361  38.977 0.4545454681
149832  -36.589  24.276  38.272 0.4545454681
149833  -35.844  24.928  37.716 0.4909090996
149834  -36.403  24.536  37.713 0.4545454681
149835  -37.101  24.205  37.542 0.4545454681
149836  -37.666  24.434  36.955 0.4545454681
149837  -38.312  24.722  36.548 0.4727272689
149838  -38.961  25.034  36.290 0.4727272689
149839  -38.856  25.544  36.046 0.4909090996
149840  -38.725  26.009  35.796 0.4909090996
149841  -38.613  26.459  35.553 0.4727272689
149842  -37.257  26.418  35.734 0.5090909004
149843  -37.890  26.672  35.547 0.4727272689
149844  -38.471  26.903  35.278 0.4363636374
149845  -38.320  27.312  34.939 0.3636363745
149846  -38.171  27.669  34.574 0.3636363745
149847  -38.000  27.926  34.174 0.3454545438
149848  -32.346  27.298  40.614 0.3818181753
149849  -32.627  27.499  40.356 0.4363636374
149850  -32.957  27.634  40.041 0.4363636374
149852  -32.788  28.033  39.880 0.4363636374
149853  -33.242  27.690  39.610 0.4181818068
149854  -33.493  27.692  39.122 0.4727272689
149855  -33.815  27.753  38.613 0.5090909004
149856  -34.138  27.793  38.120 0.5272727013
149857  -31.794  30.401  38.826 0.3636363745
149858  -32.260  30.057  38.904 0.4000000060
149859  -32.730  29.613  38.891 0.4363636374
149860  -32.839  30.213  38.087 0.4000000060
149861  -33.061  29.711  38.484 0.4000000060
149862  -33.215  29.197  38.765 0.4181818068
149863  -33.669  28.771  38.488 0.4181818068
149864  -34.059  28.313  38.067 0.5090909004
149865  -34.492  27.868  37.634 0.5636363626
149866  -34.928  27.925  37.109 0.4909090996
149867  -35.421  27.926  36.516 0.5090909004
149868  -35.946  27.990  36.005 0.5090909004
149869  -35.220  28.744  35.970 0.4181818068
149870  -35.823  28.427  35.691 0.4363636374
149871  -36.439  28.125  35.480 0.4545454681
149872  -36.888  28.162  34.858 0.4363636374
149873  -37.363  28.205  34.306 0.4000000060
149874  -37.820  28.164  33.680 0.4363636374
149875  -37.645  28.360  33.147 0.4000000060
149876  -37.461  28.515  32.589 0.3818181753
149877  -37.369  28.744  32.021 0.3272727132
149878  -36.344  28.870  32.809 0.3272727132
2036  -33.441  29.996  34.608 0.3818181753
12149  -31.081  32.162  36.264 0.2727272809
26476  -32.656  30.909  34.861 0.3454545438
26477  -33.386  30.175  33.191 0.3454545438
30350  -30.350  29.397  38.467 0.2181818187
42869  -30.870  32.310  35.240 0.2363636345
49885  -34.036  29.563  34.490 0.3818181753
49886  -34.470  29.368  33.705 0.3818181753
49887  -33.878  29.669  33.812 0.3818181753
59481  -31.535  31.913  35.563 0.2909090817
59482  -31.515  31.897  36.398 0.3272727132
59483  -31.925  31.662  35.722 0.3272727132
59486  -32.654  30.925  34.107 0.3272727132
66676  -30.408  28.813  38.673 0.2545454502
95594  -30.784  32.351  36.100 0.2363636345
95595  -31.157  32.108  35.421 0.2545454502
123214  -33.031  30.413  34.729 0.3818181753
123215  -33.389  30.100  33.891 0.4000000060
123216  -33.025  30.467  34.025 0.3636363745
132841  -30.703  29.273  38.907 0.2727272809
132842  -30.631  29.855  38.656 0.2545454502
132850  -30.221  30.013  38.277 0.2000000030
149884  -33.857  29.834  33.100 0.4000000060
6424  -30.768  26.159  39.088 0.1818181872
6425  -31.501  28.159  39.711 0.2909090817
6427  -29.352  30.765  37.453 0.1818181872
14546  -30.391  27.277  38.494 0.1818181872
19158  -31.187  29.140  39.271 0.3636363745
19159  -32.194  28.681  39.685 0.4363636374
30346  -31.520  26.434  40.166 0.2000000030
30348  -31.101  27.271  39.470 0.2727272809
30349  -30.612  28.269  38.903 0.2727272809
30353  -30.113  30.562  38.084 0.1818181872
49878  -31.090  29.703  39.034 0.2909090817
49879  -31.589  29.494  39.369 0.4000000060
66670  -31.161  26.243  39.636 0.2000000030
66671  -31.315  26.879  39.853 0.2181818187
66672  -30.973  26.751  39.307 0.2181818187
66674  -30.478  27.780  38.688 0.2181818187
66685  -29.735  30.640  37.762 0.1818181872
66686  -30.030  31.031  37.877 0.2000000030
66687  -29.618  31.126  37.602 0.1818181872
80508  -31.664  27.686  39.964 0.3454545438
80510  -31.985  28.009  39.958 0.3636363745
99908  -30.603  26.728  38.788 0.1818181872
99917  -29.251  31.293  37.319 0.1454545408
108210  -31.318  28.618  39.470 0.2909090817
108211  -31.823  28.437  39.707 0.3818181753
108212  -31.673  28.923  39.513 0.4000000060
132834  -31.697  26.967  40.332 0.2363636345
132835  -31.462  27.306  39.905 0.2909090817
132836  -31.255  27.723  39.574 0.2727272809
132837  -30.771  27.280  39.002 0.2181818187
132838  -30.861  27.752  39.165 0.2545454502
132839  -31.054  28.190  39.310 0.2727272809
132840  -30.825  28.702  39.117 0.2727272809
139633  -31.730  25.973  40.481 0.1818181872
139635  -30.964  25.625  39.429 0.1818181872
149851  -32.327  28.232  39.888 0.4181818068
