#!ascii label  , from subject fsaverage vox2ras=TkReg
604
216  -42.170  13.284  45.465 0.2363636345
217  -35.685  19.666  49.280 0.1636363566
696  -37.429  12.347  53.010 0.2545454502
1003  -41.133  18.586  42.894 0.3636363745
1004  -41.405  13.626  40.352 0.2727272809
1539  -40.043  10.141  50.882 0.2909090817
1540  -39.722  16.500  47.874 0.3090909123
1541  -37.142  22.053  44.892 0.2909090817
1543  -33.872  23.602  45.879 0.2000000030
2923  -39.529  20.286  41.336 0.2909090817
2924  -41.874  18.911  40.750 0.2909090817
2925  -40.981  20.502  39.029 0.2181818187
3522  -38.970  7.725  53.466 0.2000000030
3523  -36.545  16.164  50.710 0.1454545408
3524  -38.425  14.901  50.449 0.2909090817
3525  -37.597  18.331  48.651 0.2363636345
3526  -37.901  19.198  46.180 0.3454545438
3527  -36.329  21.384  47.535 0.2727272809
3528  -35.790  23.604  46.279 0.2727272809
3529  -34.725  21.946  48.030 0.2363636345
4446  -40.036  13.331  38.035 0.2181818187
5858  -37.683  8.697  54.676 0.1636363566
5859  -36.203  9.595  55.030 0.0909090936
5861  -34.553  16.949  49.956 0.0909090936
6411  -42.595  16.219  44.495 0.3090909123
6412  -42.275  13.577  42.837 0.2545454502
6413  -42.841  16.457  41.872 0.3272727132
6414  -42.052  16.223  39.531 0.3090909123
7426  -39.879  9.185  48.820 0.2545454502
7427  -41.091  12.069  48.264 0.2727272809
7428  -38.984  11.119  52.333 0.2909090817
7429  -40.241  13.451  49.599 0.3818181753
7430  -41.794  15.074  47.019 0.3272727132
7431  -40.493  17.598  45.258 0.3818181753
7432  -38.593  19.847  43.552 0.4000000060
7433  -37.990  21.969  42.211 0.2727272809
7435  -36.850  23.711  43.264 0.2000000030
10603  -39.271  21.075  40.412 0.2727272809
10604  -40.231  20.412  40.153 0.3090909123
10605  -40.048  21.203  39.251 0.2000000030
11201  -38.737  6.254  53.505 0.0909090936
11203  -36.163  17.907  49.735 0.1818181872
11204  -37.110  17.345  49.799 0.2000000030
11205  -36.554  19.194  49.088 0.2000000030
11206  -36.948  19.839  48.092 0.2545454502
11207  -36.074  20.721  48.602 0.2181818187
11208  -35.563  21.887  48.116 0.2363636345
11209  -35.195  20.927  48.833 0.2363636345
12123  -41.420  12.087  45.913 0.2545454502
12125  -41.616  12.419  44.454 0.2363636345
14523  -42.056  17.573  43.694 0.3454545438
14524  -42.821  16.416  43.216 0.3090909123
14525  -42.353  17.817  42.522 0.3636363745
14526  -42.195  18.801  39.613 0.2727272809
14527  -42.558  17.680  40.202 0.2727272809
14528  -42.210  17.342  39.052 0.2545454502
14529  -41.411  16.016  38.427 0.2545454502
16318  -39.595  8.593  51.157 0.2363636345
16319  -39.493  8.227  49.934 0.2363636345
16320  -40.066  9.725  49.928 0.2363636345
16321  -40.506  10.702  48.637 0.2181818187
16322  -40.558  11.169  49.592 0.2909090817
16323  -37.639  10.422  53.905 0.2363636345
16324  -38.433  9.890  53.649 0.2363636345
16325  -38.235  11.694  52.755 0.3090909123
16326  -39.181  15.829  49.129 0.2909090817
16327  -39.401  14.114  50.119 0.3454545438
16328  -40.248  15.028  48.798 0.2727272809
16329  -41.115  14.251  48.263 0.3636363745
16330  -40.905  15.783  47.510 0.3090909123
16331  -41.372  16.472  46.274 0.3272727132
16332  -40.086  17.058  46.547 0.3272727132
16333  -37.296  20.715  45.501 0.3272727132
16334  -38.149  19.576  44.839 0.4181818068
16335  -37.616  20.876  44.166 0.3636363745
16336  -38.050  20.978  42.908 0.3454545438
16337  -37.534  22.031  43.531 0.2909090817
16338  -37.390  22.839  42.754 0.2363636345
16339  -37.027  22.981  44.196 0.2545454502
16340  -34.800  23.815  46.471 0.2181818187
16341  -35.409  24.316  45.249 0.2000000030
16342  -34.347  24.556  45.186 0.2000000030
16344  -33.461  24.261  44.398 0.1454545408
19091  -42.005  13.582  41.584 0.2545454502
23691  -40.186  19.449  42.107 0.4000000060
23692  -41.485  18.827  41.856 0.3454545438
23693  -40.691  19.624  41.037 0.3636363745
23694  -41.260  19.724  39.984 0.3090909123
23695  -41.845  19.698  38.832 0.2000000030
24768  -38.995  5.991  52.239 0.1272727251
24769  -39.171  7.408  52.398 0.2000000030
24770  -39.551  8.943  52.219 0.2545454502
24771  -36.957  14.230  51.940 0.2181818187
24772  -37.874  13.665  51.741 0.2363636345
24773  -37.526  15.560  50.654 0.2363636345
24774  -38.099  16.665  49.486 0.2909090817
24775  -38.558  17.396  48.307 0.2909090817
24776  -38.737  17.828  46.958 0.3272727132
24777  -37.784  18.911  47.498 0.3272727132
24778  -37.080  20.361  46.834 0.3272727132
24779  -36.795  21.776  46.332 0.3090909123
24780  -36.649  22.893  45.711 0.2727272809
24781  -36.153  22.566  47.023 0.2909090817
24782  -35.206  22.945  47.370 0.2363636345
24783  -34.234  22.817  47.077 0.2181818187
26432  -40.746  13.578  39.183 0.2363636345
29023  -36.718  5.691  55.526 0.0727272704
29024  -37.601  6.923  55.174 0.1272727251
29025  -36.883  7.423  55.392 0.0909090936
29026  -36.996  9.199  54.827 0.1272727251
29027  -36.882  11.056  54.094 0.1636363566
29028  -35.416  9.940  54.958 0.0363636352
29029  -36.103  11.403  54.149 0.0727272704
29030  -36.597  12.893  53.072 0.1090909094
29031  -36.110  14.728  51.761 0.1090909094
29032  -35.541  16.647  50.428 0.0909090936
29033  -35.133  18.421  49.618 0.1272727251
30315  -42.641  14.590  45.059 0.2727272809
30316  -42.416  13.536  44.129 0.2727272809
30317  -42.800  14.880  43.784 0.3090909123
30318  -42.749  15.008  42.428 0.2727272809
30319  -42.362  14.967  41.137 0.3090909123
30320  -42.568  17.877  41.269 0.3454545438
30321  -42.601  16.359  40.678 0.3636363745
30322  -41.729  14.917  39.950 0.3090909123
30323  -41.042  14.714  38.732 0.2545454502
32769  -40.252  10.095  47.581 0.2727272809
32770  -40.967  11.515  47.246 0.2545454502
32771  -41.654  12.761  46.808 0.2545454502
32772  -38.460  8.226  54.288 0.1454545408
32773  -39.147  9.380  53.087 0.2363636345
32774  -39.651  10.597  51.738 0.3272727132
32775  -38.766  12.968  51.417 0.3272727132
32776  -39.532  12.263  51.013 0.4000000060
32777  -40.198  11.700  50.422 0.3272727132
32778  -40.840  12.706  49.050 0.3090909123
32779  -41.590  13.461  47.627 0.2545454502
32780  -42.239  14.108  46.340 0.2909090817
32781  -42.297  15.761  45.791 0.3454545438
32782  -41.757  17.071  44.983 0.3272727132
32783  -40.820  18.153  44.026 0.4000000060
32784  -39.081  18.217  45.592 0.3454545438
32785  -39.369  18.682  44.355 0.3636363745
32786  -39.897  19.130  43.192 0.3272727132
32787  -38.994  20.079  42.409 0.3272727132
32788  -38.616  21.031  41.615 0.3090909123
32789  -38.503  21.875  40.790 0.2545454502
32794  -36.390  23.716  44.889 0.2000000030
32800  -34.273  20.800  48.359 0.1454545408
32801  -33.867  21.522  47.462 0.1818181872
32802  -33.508  22.337  46.275 0.1636363566
32805  -33.148  23.008  44.884 0.1272727251
34506  -37.409  3.992  54.388 0.0909090936
36211  -41.577  12.595  43.128 0.2000000030
41323  -39.255  21.482  39.958 0.2363636345
41324  -39.616  21.127  39.816 0.2727272809
41920  -37.843  5.082  54.681 0.0727272704
41921  -38.219  5.706  54.463 0.0909090936
41922  -37.859  5.845  54.865 0.0727272704
41923  -35.939  18.835  49.475 0.1636363566
41924  -36.395  18.644  49.454 0.2181818187
41925  -36.157  19.438  49.217 0.2000000030
41926  -36.340  19.888  48.828 0.2363636345
41927  -35.887  20.210  48.996 0.2000000030
41928  -35.642  20.844  48.774 0.2000000030
41929  -35.434  20.316  49.077 0.1636363566
42843  -41.797  12.676  45.705 0.2181818187
42844  -41.562  12.223  45.224 0.2363636345
42845  -41.968  12.865  45.000 0.2181818187
45243  -41.627  18.137  43.300 0.4000000060
45244  -42.200  17.739  43.077 0.3454545438
45245  -41.746  18.264  42.697 0.3636363745
45246  -42.251  18.682  38.999 0.2545454502
45247  -42.330  18.114  39.319 0.2727272809
45248  -42.273  17.977  38.709 0.2545454502
47038  -39.837  9.375  51.035 0.2727272809
47039  -39.820  9.140  50.548 0.2545454502
47040  -40.085  9.955  50.436 0.2727272809
47041  -40.323  10.438  49.799 0.2727272809
47042  -40.303  10.720  50.225 0.3090909123
47043  -37.549  11.376  53.472 0.2181818187
47044  -37.951  11.037  53.355 0.2727272809
47045  -37.822  12.005  52.876 0.2545454502
47046  -39.421  16.147  48.603 0.3272727132
47047  -39.679  15.412  49.015 0.3272727132
47048  -40.043  15.812  48.392 0.2909090817
47049  -40.605  15.387  48.204 0.2909090817
47050  -40.315  16.105  47.775 0.3272727132
47051  -40.552  16.467  47.060 0.3454545438
47052  -39.879  16.772  47.258 0.3454545438
47053  -37.163  21.409  45.194 0.2909090817
47054  -37.429  20.824  44.818 0.3454545438
47055  -37.291  21.485  44.514 0.3272727132
47056  -37.554  21.496  43.837 0.3818181753
47057  -37.341  22.038  44.199 0.2909090817
47058  -37.299  22.500  43.857 0.2545454502
47059  -37.131  22.508  44.593 0.2545454502
47060  -34.278  23.759  46.283 0.2181818187
47061  -34.565  24.143  45.904 0.2181818187
47062  -34.063  24.110  45.665 0.2181818187
47063  -33.850  24.435  44.918 0.1818181872
47064  -33.686  23.931  45.198 0.1818181872
49811  -41.694  13.655  40.970 0.2909090817
49812  -41.430  13.053  41.195 0.2363636345
49813  -41.182  12.963  40.559 0.2727272809
54843  -39.803  19.871  41.684 0.3636363745
54844  -40.428  19.557  41.538 0.3636363745
54845  -40.145  19.929  41.145 0.3636363745
54846  -40.657  20.481  39.609 0.2727272809
54847  -40.759  20.086  40.082 0.3454545438
54848  -41.090  20.087  39.516 0.2363636345
54849  -41.570  19.709  39.432 0.2545454502
54850  -41.437  20.138  38.958 0.1818181872
56638  -38.820  6.971  53.552 0.1272727251
56639  -38.957  6.884  52.994 0.1454545408
56640  -39.192  7.659  52.909 0.1636363566
56641  -39.389  8.183  52.351 0.2181818187
56642  -39.258  8.348  52.859 0.2000000030
56643  -36.719  15.181  51.287 0.2181818187
56644  -37.236  14.921  51.274 0.2181818187
56645  -36.995  15.867  50.700 0.2363636345
56646  -37.379  17.886  49.255 0.2181818187
56647  -37.608  17.054  49.667 0.2545454502
56648  -37.869  17.499  49.078 0.2545454502
56649  -38.377  17.042  48.930 0.3090909123
56650  -38.098  17.861  48.489 0.2545454502
56651  -38.194  18.144  47.878 0.2909090817
56652  -37.726  18.661  48.107 0.2727272809
56653  -36.613  20.607  47.826 0.2545454502
56654  -36.987  20.202  47.445 0.2909090817
56655  -36.703  20.873  47.209 0.2909090817
56656  -36.871  21.092  46.581 0.3272727132
56657  -36.553  21.603  46.963 0.2909090817
56658  -36.495  22.225  46.702 0.3272727132
56659  -36.257  22.004  47.307 0.2909090817
56660  -35.151  21.977  48.185 0.2181818187
56661  -35.367  22.411  47.748 0.2181818187
56662  -34.913  22.464  47.770 0.2181818187
56663  -34.709  22.974  47.328 0.2181818187
56664  -34.477  22.403  47.567 0.2363636345
59411  -40.387  13.461  38.598 0.2363636345
59412  -40.214  12.877  38.831 0.2363636345
63835  -36.273  5.990  55.568 0.0727272704
63836  -36.805  6.514  55.526 0.0727272704
63837  -36.403  6.864  55.541 0.0727272704
63838  -36.157  8.769  55.252 0.0727272704
63839  -36.625  8.548  55.147 0.0727272704
63840  -36.599  9.374  54.907 0.0909090936
63841  -36.956  10.081  54.514 0.1636363566
63842  -36.557  10.329  54.597 0.1272727251
63849  -36.371  12.202  53.622 0.0909090936
63851  -36.392  13.798  52.441 0.1090909094
63852  -35.980  13.972  52.356 0.0727272704
63855  -35.005  16.796  50.297 0.0909090936
63856  -35.286  17.612  49.914 0.0909090936
66603  -42.683  15.334  44.860 0.2909090817
66604  -42.739  14.745  44.423 0.2727272809
66605  -42.797  15.542  44.143 0.3090909123
66606  -42.846  16.475  42.543 0.3272727132
66607  -42.874  15.776  42.878 0.3090909123
66608  -42.806  15.717  42.161 0.2909090817
66609  -42.526  14.927  41.773 0.2727272809
66610  -42.668  15.674  41.494 0.3090909123
66611  -41.640  18.834  41.311 0.3090909123
66612  -42.095  18.404  41.616 0.3454545438
66613  -42.232  18.424  41.054 0.3090909123
66614  -42.409  16.906  39.934 0.3090909123
66615  -42.651  17.031  40.450 0.3090909123
66616  -42.356  16.281  40.129 0.3636363745
66617  -42.247  15.634  40.305 0.3272727132
66618  -41.901  15.579  39.735 0.3090909123
66619  -41.414  14.835  39.323 0.2727272809
66620  -41.547  15.496  39.155 0.2909090817
71991  -39.642  8.642  49.358 0.2363636345
71997  -40.113  9.696  48.234 0.2545454502
71998  -40.852  11.368  48.485 0.2727272809
71999  -40.710  11.140  47.967 0.2363636345
72000  -41.045  11.771  47.795 0.2909090817
72001  -41.294  12.148  47.043 0.2545454502
72002  -41.378  12.439  47.552 0.2363636345
72003  -37.646  7.800  54.966 0.1272727251
72004  -38.092  7.565  54.809 0.1636363566
72005  -38.076  8.432  54.549 0.1636363566
72006  -38.738  10.502  52.974 0.2727272809
72007  -38.803  9.647  53.407 0.2181818187
72008  -39.108  10.249  52.725 0.2727272809
72009  -39.415  9.958  52.424 0.2545454502
72010  -39.394  10.828  52.046 0.3272727132
72011  -38.136  14.332  51.111 0.2727272809
72012  -38.336  13.389  51.570 0.2545454502
72013  -38.614  13.936  50.915 0.2909090817
72014  -39.820  13.800  49.874 0.3636363745
72015  -39.460  13.206  50.562 0.3454545438
72016  -39.837  12.871  50.309 0.4000000060
72017  -39.868  12.026  50.686 0.3454545438
72018  -40.201  12.588  50.017 0.3636363745
72019  -40.514  12.246  49.721 0.2727272809
72020  -40.612  13.059  49.322 0.3636363745
72021  -41.443  14.648  47.663 0.3090909123
72022  -41.379  13.848  48.017 0.3090909123
72023  -41.757  14.231  47.316 0.3090909123
72024  -41.935  13.785  46.963 0.2545454502
72025  -42.083  14.586  46.691 0.2909090817
72026  -42.337  14.937  46.099 0.3272727132
72027  -42.089  15.468  46.427 0.3090909123
72028  -40.978  17.066  45.775 0.3272727132
72029  -41.567  16.815  45.607 0.2909090817
72030  -41.142  17.381  45.116 0.3636363745
72031  -41.311  17.620  44.510 0.4000000060
72032  -40.619  17.861  44.651 0.3636363745
72033  -38.307  18.485  46.541 0.3454545438
72034  -38.880  18.010  46.216 0.3454545438
72035  -38.406  18.657  45.853 0.3454545438
72036  -38.344  19.766  44.181 0.3636363745
72037  -38.733  19.086  44.522 0.3636363745
72038  -38.970  19.244  43.949 0.3272727132
72039  -39.624  18.941  43.764 0.2909090817
72040  -39.160  19.481  43.369 0.3636363745
72041  -39.365  19.617  42.767 0.3454545438
72042  -38.775  19.973  42.975 0.4000000060
72043  -38.042  21.515  42.565 0.3272727132
72044  -38.345  21.000  42.250 0.3272727132
72045  -38.286  21.468  41.890 0.2727272809
72046  -38.539  21.469  41.192 0.2727272809
72047  -38.253  21.888  41.518 0.2363636345
72050  -37.161  23.276  43.000 0.2000000030
72055  -36.262  23.281  46.044 0.2909090817
72056  -36.522  23.377  45.312 0.2727272809
72057  -36.094  23.701  45.585 0.2363636345
72058  -35.198  24.688  44.575 0.2000000030
72059  -35.744  24.436  44.505 0.2000000030
72071  -34.497  20.370  48.741 0.1454545408
72074  -33.713  20.972  47.580 0.1636363566
72075  -33.492  21.315  47.061 0.1636363566
72076  -33.677  21.978  46.876 0.1818181872
80306  -42.408  13.574  43.483 0.2545454502
80307  -42.077  13.053  43.614 0.2181818187
80308  -41.955  13.074  42.968 0.2000000030
92811  -39.362  20.679  40.869 0.2545454502
92812  -39.883  20.323  40.732 0.2727272809
92813  -39.698  20.719  40.279 0.2727272809
92814  -40.119  20.746  39.677 0.2545454502
92815  -40.558  20.901  39.144 0.2363636345
92816  -40.971  20.987  38.600 0.1636363566
93890  -38.687  7.154  54.078 0.1272727251
93891  -36.350  17.057  50.190 0.1454545408
93892  -36.831  16.781  50.241 0.1818181872
93893  -36.599  17.764  49.760 0.1818181872
93894  -36.839  18.315  49.409 0.2181818187
93895  -37.096  18.742  48.859 0.2181818187
93896  -37.282  19.094  48.329 0.2363636345
93897  -36.751  19.556  48.569 0.2363636345
93898  -36.484  20.308  48.365 0.2363636345
93899  -36.206  21.088  48.105 0.2545454502
93900  -35.995  21.720  47.873 0.2181818187
93901  -35.802  21.331  48.390 0.2363636345
93902  -35.396  21.476  48.515 0.2000000030
93903  -34.997  21.468  48.491 0.2181818187
95547  -40.967  11.427  46.134 0.2545454502
95549  -41.079  11.622  45.450 0.2545454502
95553  -39.561  12.667  37.701 0.2181818187
98210  -35.764  8.932  55.292 0.0727272704
99867  -42.388  16.965  44.111 0.3272727132
99868  -42.719  16.355  43.820 0.3272727132
99869  -42.524  17.104  43.464 0.3454545438
99870  -42.634  17.171  42.872 0.3454545438
99871  -42.724  17.197  42.212 0.3454545438
99872  -42.056  18.896  40.222 0.2909090817
99873  -42.364  18.387  40.525 0.2727272809
99874  -42.425  18.271  39.941 0.2727272809
99875  -42.402  17.488  39.680 0.2727272809
99876  -42.129  16.790  39.337 0.2727272809
99877  -41.711  16.117  39.001 0.2727272809
103098  -39.308  7.808  51.192 0.2000000030
103100  -39.524  8.377  50.572 0.2363636345
103101  -39.765  8.977  49.974 0.2545454502
103102  -39.940  9.471  49.375 0.2545454502
103103  -40.190  9.950  48.767 0.2545454502
103104  -40.258  10.235  49.288 0.2545454502
103105  -40.536  10.928  49.133 0.2727272809
103106  -40.805  11.648  48.912 0.2727272809
103107  -37.695  9.495  54.298 0.2000000030
103108  -38.091  9.315  54.175 0.2000000030
103109  -38.055  10.159  53.751 0.2545454502
103110  -38.388  10.737  53.231 0.2545454502
103111  -38.630  11.423  52.530 0.3272727132
103112  -38.758  15.351  49.844 0.2909090817
103113  -38.948  14.474  50.309 0.3090909123
103114  -39.327  15.023  49.606 0.3454545438
103115  -39.827  14.582  49.447 0.3090909123
103116  -40.282  14.260  49.194 0.3636363745
103117  -40.673  13.887  48.912 0.3818181753
103118  -40.711  14.642  48.527 0.3272727132
103119  -41.101  15.050  47.873 0.2909090817
103120  -41.374  15.397  47.332 0.3090909123
103121  -41.681  15.838  46.705 0.3090909123
103122  -41.191  16.134  46.904 0.2909090817
103123  -40.800  16.830  46.409 0.3636363745
103124  -40.301  17.343  45.892 0.3454545438
103125  -37.539  20.008  45.815 0.3272727132
103126  -38.005  19.408  45.516 0.3454545438
103127  -37.660  20.138  45.157 0.3818181753
103128  -37.804  20.204  44.491 0.3818181753
103129  -38.027  20.341  43.819 0.3636363745
103130  -38.278  20.430  43.166 0.3636363745
103131  -37.828  20.921  43.537 0.3818181753
103132  -37.782  21.516  43.217 0.3454545438
103133  -37.756  22.036  42.891 0.2909090817
103134  -37.704  22.398  42.494 0.2363636345
103135  -37.511  22.448  43.204 0.2727272809
103136  -37.209  22.918  43.442 0.2363636345
103137  -36.954  23.385  43.764 0.2181818187
103138  -35.311  23.764  46.477 0.2363636345
103139  -35.604  23.974  45.800 0.2000000030
103140  -35.074  24.148  45.915 0.2363636345
103141  -34.869  24.531  45.281 0.2000000030
103142  -34.672  24.907  44.602 0.1818181872
108089  -42.142  13.510  42.184 0.2727272809
108090  -41.844  13.055  42.356 0.2363636345
116715  -40.642  19.018  42.519 0.3454545438
116716  -41.278  18.727  42.349 0.3454545438
116717  -40.816  19.139  41.935 0.3454545438
116718  -41.096  19.233  41.473 0.3454545438
116719  -41.296  19.283  40.946 0.3272727132
116720  -40.393  20.029  40.594 0.3454545438
116721  -41.000  19.704  40.537 0.3272727132
116722  -41.536  19.329  40.395 0.3090909123
116723  -41.782  19.316  39.886 0.2909090817
116724  -42.013  19.250  39.246 0.2363636345
116725  -42.167  19.189  38.657 0.2181818187
116728  -42.102  20.233  37.906 0.1636363566
116730  -41.446  21.109  38.092 0.1454545408
116731  -41.873  21.170  37.683 0.1454545408
119228  -39.007  6.532  51.701 0.1454545408
119229  -38.920  6.142  52.835 0.1090909094
119230  -39.005  6.671  52.349 0.1636363566
119231  -39.170  7.257  51.769 0.1636363566
119232  -39.381  8.029  51.752 0.1818181872
119233  -39.600  8.774  51.714 0.2727272809
119234  -39.836  9.528  51.537 0.2727272809
119235  -37.210  13.308  52.481 0.2000000030
119236  -37.625  12.991  52.420 0.2181818187
119237  -37.444  13.971  51.855 0.2363636345
119238  -37.713  14.595  51.214 0.2727272809
119239  -37.996  15.231  50.529 0.2727272809
119240  -37.302  16.487  50.207 0.2545454502
119241  -37.806  16.163  50.061 0.2545454502
119242  -38.281  15.797  49.966 0.2909090817
119243  -38.615  16.192  49.392 0.2909090817
119244  -38.886  16.611  48.734 0.2909090817
119245  -39.093  16.917  48.101 0.2909090817
119246  -39.253  17.173  47.435 0.3272727132
119247  -38.737  17.636  47.653 0.3090909123
119248  -38.308  18.334  47.194 0.3272727132
119249  -37.875  19.045  46.835 0.3636363745
119250  -37.328  19.422  47.753 0.3090909123
119251  -37.407  19.617  47.140 0.3272727132
119252  -37.505  19.807  46.503 0.3272727132
119253  -37.175  20.562  46.209 0.3454545438
119254  -37.002  21.259  45.938 0.3090909123
119255  -36.973  21.950  45.605 0.2909090817
119256  -36.915  22.462  45.300 0.2909090817
119257  -36.724  22.333  46.081 0.3090909123
119258  -36.445  22.765  46.421 0.3272727132
119259  -35.999  23.113  46.682 0.2727272809
119260  -35.846  22.313  47.576 0.2545454502
119261  -35.678  22.855  47.230 0.2363636345
119262  -35.501  23.346  46.865 0.2727272809
119263  -35.014  23.414  46.941 0.2181818187
119264  -34.494  23.386  46.834 0.2181818187
119265  -34.053  23.232  46.493 0.2181818187
123110  -41.121  13.655  39.780 0.2727272809
129242  -37.524  6.082  55.202 0.0727272704
129243  -37.117  6.357  55.482 0.0909090936
129244  -37.228  7.159  55.328 0.0909090936
129245  -37.306  8.023  55.077 0.1090909094
129246  -36.511  7.699  55.383 0.0909090936
129247  -36.964  8.329  55.111 0.0909090936
129248  -37.332  8.912  54.756 0.1818181872
129249  -37.342  9.839  54.369 0.2181818187
129250  -37.255  10.744  54.016 0.2000000030
129251  -37.137  11.662  53.601 0.2000000030
129253  -35.335  9.084  55.334 0.0727272704
129254  -35.829  9.745  55.019 0.0727272704
129256  -35.804  10.602  54.614 0.0909090936
129257  -36.167  10.543  54.658 0.0909090936
129258  -36.478  11.268  54.157 0.1454545408
129259  -36.772  11.976  53.587 0.1272727251
129260  -37.000  12.606  53.094 0.1454545408
129261  -36.811  13.561  52.543 0.1454545408
129262  -36.566  14.563  51.884 0.1636363566
129263  -36.274  15.506  51.228 0.1636363566
129265  -35.802  15.679  51.083 0.0909090936
129266  -36.032  16.400  50.609 0.1454545408
129267  -35.839  17.283  50.119 0.1272727251
129268  -35.651  18.188  49.728 0.1636363566
129269  -35.436  19.044  49.456 0.1636363566
129270  -35.225  19.705  49.238 0.1636363566
132747  -42.457  13.908  45.285 0.2727272809
132748  -42.342  13.443  44.771 0.2545454502
132749  -42.608  14.009  44.638 0.2727272809
132750  -42.655  14.121  43.944 0.2545454502
132751  -42.654  14.181  43.307 0.3090909123
132752  -42.858  15.676  43.555 0.2909090817
132753  -42.832  14.941  43.092 0.2909090817
132754  -42.500  14.181  42.680 0.3090909123
132755  -42.375  14.165  42.017 0.2545454502
132756  -42.235  14.239  41.373 0.2727272809
132757  -41.894  14.331  40.748 0.2909090817
132758  -41.974  18.339  42.173 0.3818181753
132759  -42.459  17.873  41.911 0.3454545438
132760  -42.788  17.207  41.557 0.3818181753
132761  -42.599  17.821  40.747 0.2909090817
132762  -42.757  17.182  41.004 0.3272727132
132763  -42.741  16.407  41.258 0.3454545438
132764  -42.486  15.730  40.866 0.3454545438
132765  -42.081  14.956  40.535 0.2909090817
132766  -41.610  14.306  40.131 0.2727272809
132767  -41.279  14.257  39.549 0.2545454502
132768  -40.881  14.152  38.971 0.2363636345
132769  -40.515  14.040  38.364 0.2545454502
132770  -41.243  15.398  38.601 0.2545454502
132771  -40.713  14.680  38.182 0.2545454502
132772  -40.172  13.954  37.815 0.2545454502
139518  -40.414  10.393  48.158 0.2545454502
139519  -40.575  10.866  47.452 0.2545454502
139520  -40.754  11.160  46.813 0.2545454502
139521  -41.161  11.813  46.624 0.2545454502
139522  -41.523  12.441  46.404 0.2545454502
139523  -41.937  13.078  46.118 0.2363636345
139524  -37.931  6.743  54.944 0.1272727251
139525  -38.400  7.395  54.467 0.1454545408
139526  -38.791  8.004  53.949 0.1636363566
139527  -38.472  9.064  54.014 0.1818181872
139528  -38.836  8.820  53.716 0.2000000030
139529  -39.078  8.558  53.405 0.1636363566
139530  -39.366  9.134  52.726 0.2363636345
139531  -39.647  9.739  52.046 0.2727272809
139532  -39.916  10.342  51.327 0.2909090817
139533  -38.047  12.702  52.250 0.2545454502
139534  -38.495  12.395  52.065 0.3454545438
139535  -38.891  12.040  51.876 0.3272727132
139536  -39.077  13.556  50.775 0.3090909123
139537  -39.147  12.613  51.250 0.3454545438
139538  -39.244  11.674  51.709 0.3818181753
139539  -39.598  11.389  51.389 0.3636363745
139540  -39.920  11.180  51.041 0.3454545438
139541  -40.138  10.899  50.706 0.3090909123
139542  -40.445  11.485  50.008 0.2727272809
139543  -40.712  11.929  49.355 0.3090909123
139544  -41.056  12.421  48.638 0.3090909123
139545  -41.028  13.472  48.671 0.3454545438
139546  -41.208  13.103  48.382 0.3090909123
139547  -41.340  12.782  47.950 0.2545454502
139548  -41.693  13.095  47.266 0.2727272809
139549  -42.021  13.414  46.554 0.2545454502
139550  -42.247  13.690  45.926 0.2545454502
139551  -42.461  14.392  45.702 0.2727272809
139552  -42.532  15.197  45.493 0.2909090817
139553  -42.448  16.034  45.190 0.3090909123
139554  -41.886  16.184  46.064 0.3454545438
139555  -42.078  16.476  45.428 0.2909090817
139556  -42.252  16.750  44.777 0.3454545438
139557  -41.900  17.360  44.334 0.3818181753
139558  -41.465  17.891  43.890 0.4181818068
139559  -40.981  18.392  43.446 0.3818181753
139560  -39.402  17.397  46.762 0.2909090817
139561  -39.578  17.625  46.127 0.3818181753
139562  -39.776  17.867  45.416 0.3454545438
139563  -38.578  18.899  45.176 0.3818181753
139564  -39.252  18.421  44.952 0.3272727132
139565  -39.956  18.124  44.781 0.3272727132
139566  -40.117  18.373  44.184 0.3636363745
139567  -40.337  18.636  43.594 0.3454545438
139568  -40.511  18.829  43.067 0.3454545438
139569  -40.022  19.248  42.600 0.3818181753
139570  -39.582  19.736  42.203 0.3636363745
139571  -39.241  20.182  41.833 0.3272727132
139572  -38.515  20.436  42.568 0.3454545438
139573  -38.759  20.535  42.008 0.3454545438
139574  -39.032  20.604  41.408 0.3272727132
139575  -38.916  21.053  41.000 0.2727272809
139576  -38.876  21.473  40.572 0.2727272809
139588  -36.850  22.960  44.944 0.2727272809
139589  -36.739  23.364  44.522 0.2545454502
139590  -36.620  23.738  44.030 0.2181818187
139591  -35.925  24.072  45.040 0.2000000030
139592  -36.225  24.088  44.312 0.2000000030
139606  -34.984  20.349  48.991 0.1636363566
139607  -34.733  20.893  48.679 0.1636363566
139608  -34.480  21.347  48.287 0.2181818187
139610  -34.061  21.170  47.932 0.1818181872
139611  -34.279  21.777  47.802 0.2000000030
139612  -34.051  22.199  47.249 0.2000000030
139613  -33.857  22.621  46.667 0.2000000030
139614  -33.734  22.955  46.133 0.1818181872
139622  -33.340  22.630  45.623 0.1454545408
139623  -33.540  23.318  45.435 0.1636363566
139624  -33.292  23.669  44.658 0.1272727251
144578  -36.975  4.156  54.781 0.0909090936
149605  -42.044  12.988  44.310 0.2181818187
149606  -41.623  12.558  43.752 0.2363636345
95552  -39.701  13.304  37.510 0.2363636345
95554  -39.172  12.519  37.114 0.2181818187
