#!ascii label  , from subject fsaverage vox2ras=TkReg
527
1868  -22.271  51.928  5.927 0.5454545617
6207  -22.348  56.018  9.473 0.3454545438
8223  -23.920  48.999  5.504 0.6000000238
8224  -23.610  51.498  4.095 0.4363636374
8225  -21.127  55.388  6.630 0.4909090996
14178  -27.768  47.130  6.035 0.6727272868
14180  -26.950  47.712  4.983 0.6545454264
14182  -25.632  48.160  4.698 0.6363636255
18073  -22.975  50.327  5.712 0.5272727013
18074  -23.653  50.179  4.715 0.5090909004
18077  -21.413  55.588  8.105 0.4363636374
25821  -22.093  52.215  7.196 0.5636363626
29840  -23.571  55.339  11.612 0.4000000060
29841  -23.174  54.851  10.163 0.3818181753
34970  -24.538  48.949  4.656 0.6000000238
34971  -24.246  50.031  3.826 0.5090909004
34973  -22.466  54.383  8.978 0.4727272689
34974  -21.761  53.985  7.611 0.5454545617
34975  -21.675  53.666  6.271 0.5454545617
34977  -21.546  55.219  5.365 0.4545454681
34978  -22.098  53.449  5.092 0.4727272689
44898  -27.040  47.144  5.822 0.6545454264
44899  -27.332  47.462  5.513 0.6181818247
44900  -26.631  47.506  5.288 0.6727272868
44901  -26.265  47.865  4.795 0.6545454264
44902  -25.983  47.704  5.109 0.6727272868
48791  -22.396  51.187  6.346 0.5454545617
48792  -22.700  50.403  6.245 0.5636363626
48793  -22.592  51.100  5.827 0.5454545617
48794  -22.855  50.981  5.350 0.4727272689
48795  -22.529  51.841  5.403 0.4909090996
65573  -29.758  47.646  6.602 0.5272727013
65589  -23.499  55.959  11.139 0.3818181753
77259  -24.785  48.414  5.069 0.6363636255
77260  -24.239  48.959  5.054 0.6000000238
77261  -23.608  50.806  4.388 0.5090909004
77262  -24.013  50.117  4.278 0.5272727013
77263  -23.979  50.732  3.954 0.5090909004
77264  -24.002  50.474  3.430 0.3818181753
77265  -23.666  51.257  3.567 0.3454545438
77266  -22.809  55.440  9.827 0.3636363745
77267  -22.856  54.602  9.548 0.4000000060
77268  -22.423  55.188  9.227 0.3818181753
77269  -21.123  55.434  7.350 0.4545454681
77270  -21.586  54.799  7.852 0.4909090996
77271  -21.392  54.716  7.144 0.5818181634
77272  -21.634  53.834  6.964 0.5636363626
77273  -21.425  54.571  6.455 0.5818181634
77280  -21.833  54.316  5.251 0.4909090996
77281  -22.162  54.177  4.766 0.4000000060
99248  -28.463  47.262  6.225 0.5818181634
99250  -28.028  47.516  5.723 0.6545454264
99254  -26.629  47.920  4.431 0.6181818247
99255  -25.924  48.161  4.271 0.6181818247
99256  -25.337  48.540  4.254 0.6181818247
106258  -23.176  49.686  6.095 0.6181818247
106259  -23.435  49.636  5.579 0.5636363626
106260  -23.742  49.585  5.098 0.5272727013
106261  -23.273  50.261  5.186 0.5454545617
106262  -23.234  50.894  4.855 0.5090909004
106264  -21.691  56.556  9.049 0.3636363745
106265  -21.812  55.783  8.826 0.4000000060
106266  -21.263  56.371  8.353 0.3818181753
106267  -20.977  56.209  7.582 0.4181818068
106268  -20.891  56.158  6.820 0.3636363745
116233  -29.576  47.328  6.934 0.5272727013
116235  -29.390  46.968  7.357 0.5090909004
116236  -28.921  47.073  6.736 0.5818181634
121689  -22.080  52.020  6.553 0.5454545617
131464  -23.384  55.127  10.860 0.4181818068
145929  -25.064  48.520  4.688 0.6181818247
145930  -24.814  48.975  4.231 0.6000000238
145931  -24.134  49.539  4.647 0.5636363626
145932  -24.390  49.504  4.228 0.5818181634
145940  -21.946  54.980  8.566 0.4727272689
145941  -22.037  54.166  8.282 0.5090909004
145943  -21.929  53.108  7.448 0.5454545617
145944  -21.839  52.905  6.773 0.5636363626
145945  -21.913  52.781  6.104 0.5636363626
145948  -20.930  56.159  6.101 0.4363636374
145950  -21.301  56.115  5.513 0.3636363745
145951  -21.254  55.303  5.944 0.4909090996
145952  -21.531  54.419  5.781 0.5090909004
145953  -21.812  53.549  5.620 0.5272727013
145954  -22.144  52.696  5.494 0.4909090996
145960  -23.316  52.114  3.691 0.3454545438
14176  -31.133  49.119  5.427 0.3636363745
32351  -23.570  55.690  13.052 0.4000000060
54525  -32.804  47.714  15.214 0.3636363745
54527  -32.917  48.028  14.751 0.3454545438
65568  -30.602  48.920  5.237 0.3818181753
65588  -23.670  56.167  11.876 0.4000000060
71011  -23.559  54.915  12.796 0.4181818068
71012  -23.453  55.039  13.489 0.4181818068
71093  -32.219  47.095  15.840 0.3454545438
92620  -32.422  47.671  13.855 0.3818181753
92621  -31.898  47.298  12.962 0.3636363745
99245  -31.585  48.891  5.857 0.3636363745
102511  -23.274  55.047  14.259 0.4363636374
116276  -32.963  48.279  14.295 0.3818181753
131438  -31.384  49.397  5.129 0.3636363745
138312  -23.652  55.543  12.369 0.4000000060
138314  -23.422  55.750  13.758 0.4000000060
15990  -23.106  54.112  15.529 0.3818181753
55  -30.349  46.402  10.774 0.4000000060
176  -23.374  53.657  11.086 0.4727272689
885  -31.693  48.389  7.307 0.3636363745
887  -26.347  47.281  5.638 0.6727272868
1467  -28.827  44.911  13.643 0.4363636374
1468  -24.533  47.117  9.924 0.6000000238
1469  -24.412  48.651  14.419 0.4727272689
2805  -30.976  47.377  8.970 0.3818181753
2806  -29.101  47.451  6.372 0.5636363626
2807  -28.249  46.154  8.006 0.5818181634
2815  -32.361  47.403  14.303 0.3818181753
3406  -25.765  45.992  13.359 0.4363636374
4103  -23.516  50.114  10.525 0.5818181634
4104  -23.413  49.407  7.752 0.6000000238
4105  -22.496  52.674  8.531 0.5272727013
6203  -30.032  48.816  5.108 0.4545454681
7263  -29.784  45.332  12.280 0.4545454681
7264  -27.289  45.686  9.935 0.5272727013
7265  -26.367  45.311  11.571 0.5090909004
7266  -24.034  47.758  12.211 0.5636363626
7267  -23.350  51.000  13.144 0.5090909004
7269  -23.686  51.325  15.776 0.4000000060
7270  -23.320  54.317  14.021 0.4363636374
7282  -31.350  46.296  15.640 0.3636363745
8222  -25.286  46.845  7.547 0.7090908885
10485  -30.725  46.904  9.891 0.3636363745
10486  -29.699  46.662  8.502 0.4363636374
10487  -29.343  46.172  9.316 0.4181818068
10495  -31.309  46.721  12.478 0.3636363745
11086  -26.562  46.016  14.825 0.3818181753
11783  -23.416  51.959  10.877 0.6000000238
11784  -23.199  51.319  9.428 0.5090909004
11785  -23.153  53.112  9.799 0.4545454681
14177  -30.806  48.393  6.019 0.4000000060
15975  -29.371  44.998  12.997 0.4909090996
15976  -28.090  45.012  11.775 0.4909090996
15977  -27.583  44.866  12.485 0.4545454681
15978  -24.920  47.282  13.861 0.4545454681
15979  -24.772  46.717  12.823 0.5272727013
15980  -24.095  48.256  13.343 0.4909090996
15981  -23.599  49.422  12.656 0.4727272689
15982  -23.761  49.787  13.897 0.5090909004
15989  -23.292  52.782  15.026 0.4545454681
16017  -30.198  45.433  14.615 0.4545454681
16018  -30.818  45.680  14.035 0.5090909004
18068  -25.782  46.085  9.827 0.5454545617
18069  -26.293  46.155  8.788 0.6181818247
18070  -24.937  46.946  8.704 0.6545454264
18071  -22.698  50.574  6.832 0.5454545617
18072  -23.519  49.149  6.595 0.6363636255
18075  -22.851  51.687  4.957 0.4545454681
23481  -31.354  47.918  8.205 0.3818181753
23483  -30.063  47.253  7.620 0.5090909004
23484  -28.695  46.708  7.141 0.5636363626
23485  -27.264  46.540  6.767 0.6363636255
24561  -28.294  45.130  14.218 0.3454545438
24562  -27.162  45.048  13.171 0.4181818068
24563  -26.903  45.613  14.003 0.4000000060
24564  -25.826  46.545  14.270 0.4181818068
24565  -25.270  47.777  14.863 0.4181818068
24586  -28.802  45.561  15.774 0.3454545438
25817  -23.856  48.591  10.190 0.5818181634
25818  -23.976  48.311  8.810 0.6181818247
25819  -23.428  49.701  9.104 0.6000000238
25820  -22.845  50.874  8.071 0.5818181634
29834  -29.572  48.139  5.759 0.5272727013
32331  -30.103  45.816  11.515 0.4181818068
32332  -28.947  45.769  10.255 0.4727272689
32333  -28.499  45.348  10.997 0.4545454681
32334  -26.760  45.440  10.718 0.4909090996
32335  -25.283  46.094  10.744 0.5454545617
32336  -25.974  45.511  12.427 0.4909090996
32337  -24.933  46.341  11.793 0.5818181634
32338  -24.233  47.333  11.038 0.5454545617
32339  -23.716  48.948  11.444 0.5818181634
32340  -23.468  50.638  11.884 0.5818181634
32341  -23.320  52.349  12.174 0.4909090996
32344  -24.751  49.126  15.573 0.4000000060
32346  -24.092  50.142  16.156 0.3636363745
32347  -24.015  50.015  15.107 0.4363636374
32348  -23.511  51.219  14.451 0.4909090996
32349  -23.295  52.655  13.580 0.4727272689
32350  -23.483  54.113  12.523 0.4363636374
32385  -31.993  46.845  15.058 0.4181818068
32386  -31.178  46.211  13.265 0.4545454681
34964  -27.759  45.862  8.982 0.5636363626
34965  -26.767  46.205  7.750 0.6727272868
34966  -25.821  46.921  6.536 0.6909090877
34967  -24.196  47.993  7.590 0.6727272868
34968  -24.544  47.872  6.485 0.6727272868
34969  -25.080  47.890  5.530 0.6909090877
34979  -22.898  53.138  4.275 0.3818181753
41205  -30.540  46.667  10.348 0.3818181753
41206  -30.064  46.521  9.619 0.3818181753
41207  -29.874  46.293  10.050 0.4181818068
41215  -30.851  46.550  11.655 0.3636363745
41216  -31.394  47.000  12.135 0.3454545438
41217  -30.988  46.821  11.216 0.3818181753
41218  -31.171  47.068  10.766 0.3636363745
42503  -23.357  52.804  10.973 0.4909090996
42504  -23.336  52.559  10.299 0.4909090996
42505  -23.303  53.397  10.426 0.4727272689
44896  -31.405  48.610  6.201 0.3454545438
44897  -31.249  48.339  6.619 0.4000000060
46695  -29.099  44.907  13.318 0.4545454681
46696  -28.487  44.853  12.711 0.5090909004
46697  -28.218  44.830  13.030 0.4545454681
46698  -24.638  47.941  14.111 0.4727272689
46699  -24.482  47.723  13.607 0.4727272689
46700  -24.239  48.475  13.873 0.4909090996
46701  -23.886  49.042  13.596 0.5090909004
46702  -24.061  49.211  14.187 0.4727272689
46735  -29.237  45.145  14.404 0.3636363745
46737  -29.558  45.116  14.112 0.4363636374
46738  -29.855  45.154  13.792 0.4363636374
48788  -25.097  46.517  9.838 0.6000000238
48789  -25.373  46.505  9.299 0.6181818247
48790  -24.749  47.053  9.338 0.6000000238
54495  -31.155  47.626  8.573 0.3636363745
54496  -30.716  47.565  7.897 0.4363636374
54497  -30.527  47.248  8.281 0.4727272689
54498  -28.969  46.328  8.229 0.4727272689
54499  -29.178  46.628  7.784 0.5090909004
54500  -28.472  46.403  7.551 0.6000000238
54501  -28.003  46.538  6.927 0.6363636255
54502  -27.776  46.300  7.358 0.6181818247
56295  -28.032  45.403  14.605 0.3454545438
56296  -27.550  45.306  14.058 0.3454545438
56299  -26.194  46.238  14.474 0.4363636374
56300  -25.849  46.853  14.754 0.4181818068
56301  -25.499  47.157  14.518 0.4363636374
56335  -28.001  45.583  15.649 0.3454545438
56337  -28.339  45.528  15.311 0.3454545438
56338  -28.643  45.411  14.993 0.3454545438
58388  -23.643  49.345  10.340 0.6000000238
58389  -23.634  49.190  9.630 0.5818181634
58390  -23.459  49.893  9.811 0.6000000238
58391  -22.908  51.992  8.952 0.5090909004
58392  -23.000  51.078  8.754 0.5636363626
58393  -22.645  51.723  8.275 0.5636363626
58394  -22.451  51.558  7.628 0.5272727013
58395  -22.258  52.421  7.862 0.5454545617
70965  -29.970  45.585  11.893 0.4727272689
70966  -29.326  45.487  11.218 0.4545454681
70967  -29.144  45.229  11.626 0.4727272689
70968  -27.183  45.056  11.625 0.5090909004
70969  -27.419  45.137  11.217 0.4909090996
70970  -26.600  45.326  11.176 0.5454545617
70971  -25.971  45.717  10.748 0.5636363626
70972  -25.812  45.695  11.177 0.5272727013
70973  -26.412  45.479  13.232 0.4363636374
70974  -26.570  45.257  12.787 0.4727272689
70975  -25.851  45.735  12.896 0.4727272689
70976  -24.328  47.191  12.544 0.5636363626
70977  -24.811  46.520  12.339 0.5636363626
70978  -24.417  46.997  11.998 0.6000000238
70979  -24.518  46.806  11.406 0.5636363626
70980  -24.091  47.504  11.624 0.5818181634
70981  -23.917  48.107  11.233 0.5818181634
70982  -23.792  48.334  11.834 0.5818181634
70983  -23.465  50.242  12.931 0.4909090996
70984  -23.507  50.029  12.281 0.5090909004
70985  -23.384  50.815  12.493 0.5090909004
70986  -23.368  51.486  12.031 0.5272727013
70987  -23.306  51.637  12.664 0.4909090996
70994  -25.154  48.637  15.814 0.3818181753
70995  -24.807  49.211  16.125 0.3818181753
70999  -23.654  51.316  16.192 0.3454545438
71001  -23.870  50.700  15.950 0.3818181753
71002  -24.119  50.119  15.686 0.4363636374
71003  -23.867  50.671  15.469 0.4181818068
71004  -23.739  50.594  14.808 0.4545454681
71005  -23.615  51.290  15.126 0.4727272689
71006  -23.263  53.554  14.543 0.4545454681
71007  -23.255  52.739  14.339 0.4545454681
71008  -23.308  53.511  13.810 0.4363636374
71009  -23.401  53.477  13.004 0.4363636374
71010  -23.454  54.281  13.254 0.4363636374
71094  -31.689  46.526  15.347 0.3818181753
71095  -30.335  45.476  13.121 0.4727272689
71096  -31.014  45.965  13.652 0.4545454681
71097  -30.525  45.715  12.735 0.4545454681
71098  -30.613  45.948  12.335 0.4181818068
77243  -28.105  45.649  10.070 0.4909090996
77244  -28.337  45.791  9.622 0.4909090996
77245  -27.527  45.748  9.463 0.5636363626
77246  -25.770  46.457  8.167 0.7090908885
77247  -26.519  46.119  8.268 0.6545454264
77248  -26.013  46.431  7.642 0.7090908885
77249  -26.291  46.483  7.113 0.7272727489
77250  -25.576  46.864  7.047 0.6909090877
77251  -23.678  48.860  8.263 0.6727272868
77252  -24.082  48.145  8.199 0.6545454264
77253  -23.760  48.701  7.666 0.6363636255
77254  -23.641  49.050  5.993 0.5818181634
77255  -23.986  48.474  6.508 0.6545454264
77256  -24.185  48.431  5.968 0.6363636255
77257  -24.773  47.867  5.965 0.6545454264
77258  -24.476  48.386  5.487 0.6363636255
77282  -22.476  53.284  4.648 0.4000000060
92601  -30.840  47.105  9.395 0.3454545438
92602  -30.352  46.974  8.712 0.4363636374
92603  -30.209  46.752  9.186 0.3454545438
92604  -29.511  46.407  8.923 0.4000000060
92619  -31.845  47.029  13.381 0.3818181753
92626  -31.316  47.338  10.291 0.3454545438
93681  -27.483  45.633  15.356 0.3454545438
93682  -27.129  45.717  14.847 0.3636363745
94937  -23.426  51.013  10.707 0.5818181634
94938  -23.363  50.728  9.973 0.5636363626
94939  -23.343  51.644  10.145 0.5090909004
94940  -23.206  52.268  9.615 0.4909090996
94941  -22.857  52.900  9.164 0.4909090996
99247  -30.396  48.575  5.544 0.4545454681
99249  -28.683  47.635  5.894 0.5818181634
102483  -29.605  45.075  12.627 0.4727272689
102484  -28.963  45.085  11.999 0.4363636374
102485  -28.765  44.940  12.370 0.4909090996
102486  -27.825  44.888  12.148 0.4909090996
102487  -26.954  45.047  12.010 0.4545454681
102488  -25.280  46.622  13.600 0.4363636374
102489  -25.249  46.313  13.079 0.4727272689
102490  -24.782  46.988  13.332 0.5090909004
102491  -24.375  47.451  13.074 0.4909090996
102492  -24.010  48.016  12.792 0.5454545617
102493  -23.771  48.592  12.435 0.5454545617
102494  -23.791  48.815  13.017 0.4909090996
102495  -23.631  49.624  13.286 0.4909090996
102496  -23.500  50.401  13.556 0.4909090996
102505  -23.422  51.919  16.448 0.3454545438
102506  -23.473  51.972  16.005 0.3818181753
102507  -23.443  52.026  15.423 0.4545454681
102508  -23.306  52.734  15.646 0.4181818068
102509  -23.212  53.485  15.275 0.4363636374
102510  -23.193  54.287  14.777 0.4181818068
102558  -30.412  45.722  15.447 0.3636363745
102559  -30.801  45.838  15.145 0.3636363745
102560  -31.135  46.030  14.845 0.4181818068
102561  -30.518  45.554  14.320 0.4545454681
102562  -30.129  45.266  13.471 0.4909090996
106250  -26.520  45.836  9.852 0.5454545617
106251  -26.788  45.894  9.379 0.5818181634
106252  -26.065  46.120  9.308 0.5818181634
106253  -25.590  46.506  8.730 0.6363636255
106254  -25.115  46.915  8.117 0.6909090877
106255  -23.050  49.968  7.273 0.5818181634
106256  -23.425  49.288  7.182 0.6181818247
106257  -23.079  49.840  6.699 0.6000000238
106263  -23.223  51.578  4.544 0.4727272689
116229  -31.530  48.200  7.777 0.3636363745
116230  -31.080  48.099  7.052 0.4000000060
116231  -30.928  47.857  7.528 0.4363636374
116234  -29.883  46.921  8.031 0.5090909004
116237  -28.226  46.871  6.531 0.6545454264
116238  -27.492  46.769  6.336 0.6363636255
116239  -26.752  46.810  6.174 0.6727272868
118749  -28.539  45.001  13.937 0.3818181753
118750  -27.976  44.873  13.349 0.4181818068
118751  -27.754  45.076  13.701 0.3818181753
118752  -27.008  45.348  13.611 0.4181818068
118753  -26.340  45.756  13.657 0.4181818068
118754  -26.727  45.837  14.401 0.4000000060
118755  -26.294  46.003  14.103 0.4181818068
118756  -25.755  46.256  13.818 0.4181818068
118757  -25.356  46.910  14.047 0.4545454681
118758  -25.081  47.526  14.326 0.4181818068
118759  -24.861  48.217  14.658 0.4363636374
121679  -24.154  47.827  10.055 0.6000000238
121680  -24.264  47.714  9.420 0.5636363626
121681  -23.924  48.461  9.516 0.6181818247
121682  -23.661  49.001  8.917 0.6181818247
121683  -23.403  49.548  8.384 0.6181818247
121684  -23.264  50.452  9.295 0.5636363626
121685  -23.160  50.259  8.593 0.5636363626
121686  -23.114  50.119  7.883 0.6000000238
121687  -22.726  50.736  7.451 0.5454545617
121688  -22.381  51.374  6.992 0.5454545617
131444  -30.607  48.117  6.400 0.4363636374
131445  -30.169  48.247  5.885 0.5090909004
131446  -29.798  48.459  5.424 0.5090909004
131462  -23.460  54.511  11.311 0.4727272689
131463  -23.326  54.273  10.558 0.4181818068
138255  -30.239  46.141  11.171 0.4000000060
138256  -29.734  46.047  10.501 0.4363636374
138257  -29.514  45.738  10.852 0.4181818068
138258  -28.709  45.528  10.595 0.4727272689
138259  -27.851  45.486  10.440 0.5090909004
138260  -28.323  45.133  11.373 0.4727272689
138261  -27.630  45.335  10.819 0.5090909004
138262  -26.982  45.561  10.282 0.5090909004
138263  -26.182  45.790  10.293 0.5454545617
138264  -25.478  46.111  10.300 0.5636363626
138265  -24.872  46.569  10.344 0.5818181634
138266  -27.362  44.945  12.827 0.4545454681
138267  -26.735  45.084  12.341 0.4727272689
138268  -26.155  45.388  11.996 0.4909090996
138269  -25.319  46.071  12.605 0.5272727013
138270  -25.424  45.893  12.124 0.5272727013
138271  -25.589  45.750  11.618 0.5272727013
138272  -25.104  46.197  11.249 0.5818181634
138273  -24.683  46.668  10.858 0.5454545617
138274  -24.363  47.190  10.471 0.5818181634
138275  -24.007  47.900  10.641 0.5818181634
138276  -23.790  48.727  10.827 0.6181818247
138277  -23.674  49.519  11.045 0.5818181634
138278  -23.633  49.214  12.039 0.5636363626
138279  -23.592  49.796  11.658 0.5090909004
138280  -23.548  50.398  11.243 0.6000000238
138281  -23.457  51.312  11.418 0.5454545617
138282  -23.381  52.196  11.544 0.4909090996
138283  -23.324  53.042  11.631 0.4727272689
138290  -25.397  47.977  15.456 0.4181818068
138291  -25.068  48.467  15.247 0.4000000060
138292  -24.617  48.916  15.016 0.4181818068
138296  -23.574  50.681  16.770 0.3454545438
138297  -23.927  50.102  16.562 0.3454545438
138298  -24.374  49.662  16.374 0.3454545438
138299  -24.454  49.643  15.945 0.4000000060
138300  -24.365  49.544  15.367 0.4363636374
138301  -24.211  49.391  14.810 0.4727272689
138302  -23.894  49.917  14.509 0.4727272689
138303  -23.607  50.502  14.192 0.4727272689
138304  -23.405  51.139  13.805 0.4727272689
138305  -23.387  51.999  14.752 0.4545454681
138306  -23.345  51.905  14.039 0.4727272689
138307  -23.317  51.801  13.350 0.4727272689
138308  -23.329  52.531  12.842 0.4727272689
138309  -23.377  53.255  12.306 0.4545454681
138310  -23.428  53.902  11.754 0.4545454681
138311  -23.604  54.729  12.089 0.4363636374
138413  -32.224  47.125  14.719 0.3636363745
138414  -31.438  46.281  14.555 0.4181818068
138415  -31.660  46.544  14.197 0.4545454681
138416  -31.805  46.798  13.806 0.4000000060
138417  -31.221  46.417  12.841 0.4363636374
138418  -30.729  46.233  11.996 0.4000000060
145910  -29.148  45.994  9.810 0.4545454681
145911  -28.529  45.942  9.143 0.5272727013
145912  -28.004  45.987  8.491 0.5818181634
145913  -27.019  45.933  8.867 0.5818181634
145914  -27.259  45.993  8.347 0.6000000238
145915  -27.511  46.131  7.859 0.6545454264
145916  -27.031  46.352  7.237 0.6545454264
145917  -26.527  46.653  6.637 0.7090908885
145918  -26.028  47.003  6.047 0.6727272868
145919  -24.416  47.602  8.762 0.6181818247
145920  -24.554  47.485  8.137 0.6545454264
145921  -24.678  47.395  7.524 0.7272727489
145922  -23.853  48.568  7.088 0.6545454264
145923  -24.348  47.927  7.026 0.7090908885
145924  -24.921  47.361  7.012 0.6909090877
145925  -25.167  47.346  6.499 0.7090908885
145926  -25.384  47.380  5.985 0.6727272868
145927  -25.701  47.526  5.547 0.6727272868
145928  -25.380  48.002  5.111 0.6727272868
145937  -23.158  53.992  9.938 0.4000000060
145938  -22.830  53.754  9.355 0.4363636374
145939  -22.463  53.572  8.731 0.4727272689
145942  -22.130  53.315  8.096 0.5272727013
145955  -22.469  52.546  5.008 0.4545454681
145956  -22.843  52.401  4.595 0.4181818068
145957  -23.238  52.306  4.203 0.4000000060
92605  -28.766  46.131  8.669 0.4727272689
886  -28.874  48.082  2.411 0.3818181753
6204  -27.621  48.040  4.206 0.5636363626
6205  -25.069  48.932  3.789 0.5818181634
14179  -28.303  47.843  5.436 0.5636363626
14181  -26.297  48.177  3.886 0.5636363626
18053  -30.176  48.794  2.934 0.3454545438
23482  -30.424  47.858  6.836 0.4909090996
29832  -30.527  49.282  4.438 0.3636363745
29833  -29.531  48.624  3.830 0.4545454681
29835  -29.024  48.386  4.724 0.4909090996
29836  -28.321  48.057  3.312 0.4727272689
29837  -26.743  47.836  2.918 0.4545454681
29838  -25.364  48.466  2.796 0.4181818068
29839  -24.293  49.512  2.794 0.3818181753
65569  -30.821  49.225  4.968 0.3454545438
65570  -30.287  49.023  4.764 0.4000000060
65571  -30.042  48.952  4.140 0.4181818068
65572  -29.774  48.794  4.530 0.4727272689
65574  -29.944  47.943  6.257 0.5090909004
65575  -29.311  47.797  6.038 0.5818181634
65576  -27.963  48.005  4.829 0.6000000238
65577  -28.653  48.129  5.077 0.5454545617
65578  -28.364  48.232  4.442 0.5636363626
65579  -28.690  48.272  4.014 0.4909090996
65580  -27.994  48.044  3.759 0.4909090996
65581  -27.586  47.817  3.062 0.4727272689
65582  -27.246  47.925  3.543 0.5272727013
65583  -25.639  48.493  3.820 0.5272727013
65584  -25.810  48.249  3.331 0.4909090996
65585  -25.194  48.734  3.289 0.4909090996
65586  -24.784  48.991  2.772 0.4363636374
65587  -24.686  49.228  3.262 0.5090909004
94928  -25.045  48.396  1.784 0.3454545438
99246  -30.985  48.746  5.702 0.4000000060
99251  -27.611  47.790  5.177 0.6181818247
99252  -27.282  47.917  4.608 0.6000000238
99253  -26.989  48.016  4.030 0.5818181634
116232  -30.268  47.574  7.238 0.4909090996
121658  -28.134  47.845  2.183 0.3636363745
131440  -30.847  49.505  3.997 0.3454545438
131441  -30.351  49.102  3.690 0.3636363745
131442  -29.849  48.670  3.388 0.3818181753
131443  -29.258  48.326  3.095 0.4545454681
131447  -28.972  48.010  5.619 0.5454545617
131448  -29.299  48.301  5.296 0.5454545617
131449  -29.549  48.603  4.954 0.4727272689
131450  -29.301  48.492  4.274 0.4727272689
131451  -28.963  48.323  3.553 0.4545454681
131452  -28.593  48.022  2.844 0.4363636374
131453  -27.839  47.791  2.623 0.4000000060
131454  -27.027  47.737  2.468 0.4000000060
131455  -26.228  47.869  2.363 0.4000000060
131456  -26.503  47.989  3.406 0.5090909004
131457  -26.015  48.051  2.850 0.4181818068
131458  -25.499  48.151  2.289 0.3818181753
131459  -24.902  48.669  2.268 0.3818181753
131460  -24.357  49.197  2.314 0.3818181753
145933  -24.602  49.465  3.745 0.5454545617
145934  -24.311  49.804  3.315 0.4545454681
145935  -24.010  50.171  2.902 0.3454545438
