#!ascii label  , from subject fsaverage vox2ras=TkReg
691
24567  -23.113  49.930  17.994 0.3454545438
56304  -22.716  50.504  19.036 0.3636363745
70997  -23.374  49.974  17.428 0.3454545438
118760  -22.784  49.210  18.801 0.4181818068
118761  -23.060  49.314  18.205 0.4181818068
118762  -22.843  49.843  18.528 0.3818181753
118763  -22.894  50.506  18.389 0.3454545438
138293  -23.389  49.412  17.687 0.3454545438
1474  -30.497  43.840  17.896 0.3818181753
7276  -34.641  39.542  23.098 0.3636363745
13479  -22.020  48.378  24.489 0.3454545438
16003  -34.415  40.307  21.562 0.4000000060
16012  -31.727  43.626  18.041 0.3636363745
28857  -22.171  47.634  26.102 0.3636363745
32377  -33.440  42.282  19.168 0.3636363745
63482  -22.255  46.880  26.319 0.4000000060
71050  -34.185  40.711  20.856 0.3454545438
71074  -32.807  42.219  18.785 0.4000000060
71075  -33.240  42.934  18.742 0.3454545438
97990  -22.074  49.116  24.367 0.3454545438
97991  -21.983  48.725  25.094 0.3454545438
97993  -22.478  46.477  27.244 0.3818181753
102533  -34.533  39.876  22.327 0.3818181753
102534  -33.987  39.742  21.769 0.3818181753
102535  -33.863  40.138  21.034 0.3636363745
102536  -33.547  40.609  20.370 0.3818181753
128794  -22.025  48.031  25.245 0.3636363745
128796  -22.427  47.210  27.033 0.3454545438
138360  -34.984  40.460  22.103 0.3636363745
138386  -33.256  41.140  19.804 0.3636363745
138387  -32.380  41.616  18.862 0.4545454681
138388  -33.023  41.681  19.288 0.4000000060
13477  -22.314  49.138  23.109 0.3818181753
13491  -22.563  49.316  21.939 0.4181818068
44198  -22.127  48.734  23.787 0.3636363745
63514  -22.722  50.138  21.824 0.3454545438
97987  -22.518  49.958  23.098 0.3636363745
97989  -22.282  49.530  23.702 0.3636363745
98013  -22.475  49.238  22.534 0.3818181753
128833  -22.663  50.363  20.495 0.3636363745
128834  -22.589  49.461  21.314 0.4363636374
128835  -22.712  50.262  21.194 0.3636363745
128836  -22.781  50.995  21.087 0.3454545438
3  -22.079  41.541  24.060 0.6545454264
175  -26.310  45.020  16.421 0.4181818068
177  -29.409  34.648  23.044 0.5636363626
652  -22.185  47.583  23.372 0.4545454681
655  -23.335  42.604  18.966 0.6909090877
657  -24.118  36.325  21.855 0.7090908885
658  -27.032  39.013  18.157 0.6909090877
1473  -32.301  38.889  20.978 0.4363636374
2039  -25.554  32.758  26.356 0.4181818068
2572  -22.178  44.582  23.789 0.5636363626
2573  -22.273  46.117  26.526 0.4181818068
2574  -22.288  43.029  27.096 0.4727272689
2575  -22.785  42.041  21.380 0.6909090877
2576  -22.544  44.986  21.247 0.6000000238
2577  -22.585  38.690  22.724 0.6909090877
2578  -23.593  39.449  20.143 0.7818182111
3407  -25.841  46.987  15.312 0.4181818068
3413  -33.013  37.512  23.951 0.3818181753
3414  -30.623  36.768  22.042 0.6000000238
3415  -26.383  41.971  17.084 0.5636363626
3416  -28.856  41.136  17.472 0.5636363626
4478  -24.083  34.949  26.685 0.4363636374
5788  -24.346  46.629  17.151 0.4181818068
5789  -22.835  45.573  18.955 0.5454545617
5790  -22.333  48.009  20.932 0.4727272689
5791  -26.572  34.882  21.961 0.6727272868
5792  -27.958  36.591  20.380 0.7272727489
5793  -25.394  37.586  19.715 0.7636363506
5794  -24.600  40.403  17.890 0.7272727489
7278  -29.512  38.643  19.262 0.6727272868
7279  -31.287  40.926  18.500 0.5090909004
8688  -30.035  33.285  25.566 0.4000000060
8691  -27.129  33.052  24.172 0.5272727013
8692  -24.601  34.144  23.820 0.5636363626
8693  -23.002  36.471  24.558 0.5454545617
8694  -22.447  39.318  26.081 0.4909090996
8941  -23.553  40.789  28.860 0.3454545438
10252  -22.189  43.078  23.919 0.6000000238
10253  -22.011  43.807  25.352 0.5272727013
10254  -21.993  42.335  25.598 0.5818181634
10255  -22.464  41.787  22.625 0.6909090877
10256  -22.478  43.246  22.528 0.5636363626
10257  -22.181  40.063  23.374 0.6545454264
10258  -22.652  40.395  21.997 0.7272727489
11085  -27.176  45.520  15.796 0.3818181753
11087  -26.080  46.082  15.831 0.4000000060
11092  -30.844  35.005  23.774 0.4909090996
11093  -31.327  36.040  23.412 0.5454545617
11095  -26.287  43.419  16.834 0.4181818068
11097  -27.206  44.483  16.713 0.4363636374
13485  -23.633  43.134  17.944 0.5818181634
13486  -23.484  44.600  17.965 0.5090909004
13487  -23.126  44.146  19.047 0.6181818247
13488  -22.358  46.254  22.401 0.5272727013
13489  -22.295  46.436  21.173 0.5636363626
13490  -22.275  47.809  22.137 0.5090909004
13492  -25.213  35.435  21.753 0.7090908885
13493  -25.827  36.157  20.806 0.7454545498
13494  -24.723  36.926  20.779 0.8000000119
13496  -24.085  39.880  18.861 0.7272727489
13497  -23.847  41.480  18.299 0.7090908885
13498  -24.388  42.068  17.485 0.5818181634
15983  -23.571  47.582  17.836 0.3818181753
15984  -24.642  48.064  16.947 0.3818181753
15985  -23.773  48.970  17.463 0.3454545438
16000  -32.500  38.097  22.542 0.4000000060
16001  -33.698  38.540  23.503 0.3636363745
16002  -33.505  39.199  22.010 0.4181818068
16004  -33.260  40.000  20.527 0.4181818068
16006  -28.798  37.530  19.756 0.6909090877
16007  -28.293  38.686  18.600 0.6545454264
16008  -29.697  42.315  17.503 0.4545454681
16009  -30.121  40.959  17.942 0.5272727013
16010  -30.920  42.232  17.898 0.4363636374
16011  -32.183  42.209  18.445 0.4000000060
19179  -30.353  32.807  26.905 0.3636363745
19183  -26.014  32.441  27.769 0.3454545438
19185  -26.693  32.218  26.585 0.3454545438
19186  -27.593  32.452  25.577 0.4181818068
19187  -26.182  32.732  25.165 0.4909090996
19188  -25.772  33.424  23.907 0.5454545617
19190  -23.820  36.328  27.190 0.3818181753
19191  -23.542  35.601  25.564 0.5272727013
19192  -23.238  37.013  26.195 0.4181818068
19193  -22.634  37.929  25.268 0.5272727013
19194  -23.157  38.337  26.937 0.4000000060
19801  -22.831  40.010  27.490 0.4181818068
19802  -23.715  39.176  28.341 0.3454545438
23062  -22.143  46.113  23.584 0.4909090996
23063  -22.009  46.898  24.809 0.3818181753
23066  -22.857  43.705  28.564 0.3454545438
23068  -22.923  43.775  20.115 0.6363636255
23069  -22.775  43.497  21.293 0.6363636255
23070  -22.398  44.761  22.520 0.5818181634
23071  -23.166  37.377  22.186 0.7454545498
23072  -23.780  37.835  20.924 0.7818182111
23073  -23.106  39.024  21.415 0.7272727489
23074  -23.113  40.719  20.733 0.7272727489
24576  -32.612  36.484  24.331 0.4181818068
24577  -31.798  37.092  23.112 0.4545454681
24578  -31.379  37.798  21.419 0.5272727013
24579  -26.618  40.530  17.464 0.6181818247
24580  -27.935  40.052  17.756 0.6000000238
24581  -27.606  41.424  17.210 0.5636363626
24582  -28.415  42.513  17.229 0.4363636374
26490  -24.614  33.757  26.386 0.4363636374
26491  -24.569  34.453  27.820 0.3454545438
28864  -25.213  45.706  16.581 0.4363636374
28865  -24.160  45.141  17.175 0.5454545617
28866  -23.407  46.107  17.943 0.5090909004
28867  -22.809  47.113  18.785 0.4909090996
28868  -22.533  45.284  20.090 0.6363636255
28869  -22.363  46.769  19.946 0.4909090996
28870  -22.482  48.334  19.672 0.4363636374
28873  -27.939  34.584  22.418 0.6181818247
28874  -28.565  35.507  21.650 0.6909090877
28875  -27.167  35.723  21.136 0.7272727489
28879  -24.958  38.906  18.670 0.7818182111
28880  -25.717  39.610  17.863 0.6909090877
28881  -25.357  41.165  17.320 0.6545454264
28882  -25.259  42.692  17.051 0.5636363626
32342  -25.387  46.957  16.345 0.4363636374
32343  -25.369  48.105  16.013 0.3454545438
32370  -29.336  36.574  21.092 0.6363636255
32371  -30.227  37.566  20.489 0.6000000238
32372  -30.953  38.685  19.929 0.5636363626
32373  -29.129  39.837  18.230 0.6000000238
32374  -30.342  39.803  18.761 0.5636363626
32375  -31.749  39.819  19.541 0.5090909004
32376  -32.614  41.052  19.336 0.4727272689
36317  -31.133  34.384  24.972 0.3818181753
36318  -29.736  33.895  24.226 0.4727272689
36325  -28.994  32.499  26.143 0.3636363745
36326  -28.662  33.008  24.783 0.4727272689
36327  -28.302  33.699  23.528 0.5636363626
36328  -26.849  33.901  23.076 0.5818181634
36329  -25.493  34.365  22.767 0.6727272868
36330  -24.292  35.123  22.781 0.6545454264
36331  -24.115  34.327  25.188 0.5090909004
36332  -23.643  35.164  24.017 0.5818181634
36333  -23.312  36.206  23.067 0.6545454264
36334  -22.645  37.510  23.579 0.6181818247
36335  -22.195  38.953  24.365 0.6363636255
36336  -22.005  40.400  25.126 0.5636363626
37069  -22.232  41.114  26.592 0.4727272689
37070  -22.734  41.787  28.047 0.3454545438
40972  -22.159  42.347  23.976 0.6181818247
40973  -22.044  42.716  24.754 0.6000000238
40974  -21.989  41.943  24.835 0.5818181634
40975  -22.287  41.672  23.320 0.6545454264
40976  -22.331  42.429  23.245 0.6545454264
40977  -22.081  40.785  23.640 0.6545454264
40978  -22.309  40.926  22.975 0.6727272868
41805  -26.826  45.351  16.236 0.4000000060
41806  -26.574  45.745  15.758 0.4181818068
41807  -26.148  45.599  16.096 0.4181818068
41812  -30.144  34.797  23.406 0.5272727013
41813  -30.418  35.341  23.125 0.5454545617
41814  -29.685  35.178  22.696 0.5818181634
41815  -26.291  44.270  16.698 0.4181818068
41816  -26.760  43.947  16.773 0.4000000060
41817  -26.785  44.710  16.565 0.3818181753
41818  -27.254  45.119  16.365 0.4000000060
44197  -22.206  48.345  23.233 0.4181818068
44199  -22.053  47.968  23.897 0.3818181753
44205  -23.472  42.861  18.450 0.6363636255
44206  -23.318  43.581  18.478 0.6000000238
44207  -23.225  43.391  19.009 0.6363636255
44208  -22.249  46.933  22.888 0.4727272689
44209  -22.291  47.031  22.280 0.5636363626
44210  -22.269  47.682  22.762 0.4545454681
44211  -22.313  48.447  22.624 0.4727272689
44212  -24.618  35.854  21.795 0.7272727489
44213  -24.966  36.176  21.291 0.7454545498
44214  -24.395  36.603  21.352 0.7818182111
44217  -23.570  42.024  18.605 0.6727272868
44218  -23.736  42.305  18.113 0.6363636255
46703  -23.256  48.124  18.133 0.4000000060
46704  -23.738  48.318  17.684 0.3454545438
46705  -23.361  48.803  17.948 0.3454545438
46720  -32.435  38.464  21.741 0.4727272689
46721  -32.971  38.650  22.295 0.4181818068
46722  -32.917  39.041  21.482 0.4545454681
46723  -33.421  39.595  21.239 0.4545454681
46724  -32.765  39.439  20.713 0.4545454681
46725  -27.221  38.371  18.610 0.7272727489
46726  -27.899  38.191  18.852 0.6909090877
46727  -27.693  38.802  18.318 0.6909090877
46728  -30.088  43.059  17.687 0.4181818068
46729  -30.318  42.265  17.706 0.4545454681
46730  -30.678  43.000  17.824 0.4363636374
46731  -31.312  42.937  17.957 0.3818181753
46732  -31.106  43.771  18.007 0.3636363745
49903  -25.763  32.591  27.049 0.3636363745
49905  -26.088  32.456  26.444 0.3818181753
49906  -26.433  32.461  25.863 0.3818181753
49907  -25.821  32.708  25.731 0.4363636374
49908  -25.546  33.012  25.034 0.5272727013
49911  -23.542  36.614  26.683 0.4181818068
49912  -23.560  37.297  27.019 0.4181818068
49913  -23.196  37.675  26.571 0.4181818068
49914  -23.574  37.958  27.394 0.4181818068
50522  -23.857  38.390  28.076 0.3454545438
53797  -22.140  45.374  23.684 0.4909090996
53800  -22.080  43.455  26.228 0.4909090996
53802  -22.210  43.807  27.027 0.4181818068
53803  -22.478  44.167  27.767 0.3636363745
53804  -22.536  43.378  27.861 0.4181818068
53805  -23.010  42.154  20.747 0.7090908885
53806  -22.964  42.888  20.727 0.7090908885
53807  -22.806  42.779  21.357 0.6545454264
53808  -22.304  43.884  23.165 0.5454545617
53809  -22.421  43.978  22.525 0.5818181634
53810  -22.251  44.659  23.156 0.5636363626
53811  -22.246  45.422  23.072 0.5636363626
53812  -22.850  38.008  22.427 0.7090908885
53813  -23.116  38.197  21.810 0.7272727489
53814  -22.828  38.839  22.072 0.7454545498
53815  -22.702  41.237  21.639 0.7272727489
53816  -22.881  40.564  21.330 0.7272727489
53817  -22.921  41.388  20.978 0.7272727489
53818  -23.168  41.487  20.401 0.7090908885
56298  -26.145  46.486  15.006 0.3818181753
56302  -25.588  47.351  15.070 0.4181818068
56319  -32.405  35.988  24.448 0.4000000060
56320  -30.890  36.362  22.778 0.5636363626
56321  -31.529  36.559  23.280 0.5272727013
56322  -31.186  36.910  22.571 0.5454545617
56323  -31.523  37.444  22.296 0.4727272689
56324  -30.985  37.317  21.753 0.5636363626
56325  -26.483  41.247  17.248 0.5818181634
56326  -27.107  40.982  17.335 0.6181818247
56327  -26.992  41.676  17.150 0.5818181634
56331  -28.843  43.211  17.349 0.3454545438
59508  -24.797  33.826  27.678 0.3636363745
63480  -22.082  46.512  25.650 0.4181818068
63481  -22.063  47.289  25.433 0.3818181753
63498  -23.180  45.046  18.568 0.5454545617
63499  -23.445  45.331  17.975 0.5272727013
63500  -23.100  45.815  18.452 0.5090909004
63501  -23.064  46.551  18.346 0.4909090996
63502  -22.788  46.329  18.862 0.5272727013
63503  -22.722  44.361  20.662 0.6545454264
63504  -22.733  44.508  20.087 0.6545454264
63505  -22.546  45.120  20.651 0.6363636255
63506  -22.274  47.218  21.100 0.5090909004
63507  -22.276  46.613  20.534 0.5454545617
63508  -22.279  47.399  20.456 0.4545454681
63509  -22.390  47.567  19.816 0.4727272689
63510  -22.353  48.175  20.325 0.4727272689
63512  -22.454  48.798  20.791 0.4181818068
63517  -27.248  34.702  22.195 0.6727272868
63518  -27.542  35.139  21.776 0.6909090877
63519  -26.881  35.283  21.558 0.7090908885
63520  -25.585  36.862  20.260 0.7818182111
63521  -26.202  36.513  20.350 0.7636363506
63522  -25.970  37.178  19.789 0.7636363506
63524  -25.739  37.878  19.224 0.7636363506
63525  -23.662  38.643  20.529 0.7818182111
63527  -23.911  38.901  19.869 0.7636363506
63528  -24.336  40.137  18.360 0.7272727489
63529  -24.491  39.332  18.733 0.7454545498
63530  -24.791  39.632  18.234 0.7090908885
63531  -25.278  39.228  18.154 0.7454545498
63532  -25.130  39.980  17.834 0.6909090877
63533  -25.523  40.380  17.544 0.6727272868
63534  -24.971  40.771  17.583 0.6363636255
63536  -24.777  42.364  17.201 0.6000000238
63538  -25.272  43.517  16.966 0.4909090996
70988  -24.769  46.158  16.820 0.4363636374
70989  -25.346  46.395  16.495 0.4545454681
70990  -24.944  46.849  16.843 0.4363636374
70991  -24.731  48.707  16.822 0.3636363745
70992  -25.131  48.164  16.503 0.3636363745
70993  -25.079  48.750  16.344 0.3454545438
71040  -33.447  37.275  24.661 0.3636363745
71042  -33.667  37.783  24.406 0.3454545438
71043  -34.166  39.044  23.306 0.3636363745
71055  -28.229  36.053  21.009 0.7090908885
71056  -28.927  36.050  21.373 0.6909090877
71057  -28.596  36.569  20.673 0.7090908885
71058  -29.192  38.082  19.495 0.6727272868
71059  -29.537  37.523  20.122 0.6363636255
71060  -29.883  38.095  19.812 0.6545454264
71061  -30.579  38.128  20.166 0.6000000238
71062  -30.240  38.674  19.550 0.6545454264
71063  -28.386  40.609  17.563 0.5818181634
71064  -28.545  39.904  17.968 0.5818181634
71065  -29.013  40.465  17.760 0.5818181634
71066  -30.694  40.926  18.180 0.5090909004
71067  -30.215  40.374  18.326 0.5818181634
71068  -30.809  40.356  18.605 0.5272727013
71069  -31.027  39.808  19.146 0.5636363626
71070  -31.451  40.399  18.995 0.5454545617
71071  -32.196  40.427  19.364 0.4727272689
71072  -31.935  40.989  18.905 0.4909090996
80571  -31.216  34.106  25.629 0.3454545438
80572  -30.603  33.821  25.261 0.3818181753
80573  -30.455  34.114  24.587 0.4000000060
80574  -29.923  33.579  24.888 0.4000000060
80592  -28.471  32.203  26.528 0.3454545438
80593  -27.391  32.732  24.854 0.4909090996
80594  -28.138  32.703  25.131 0.4363636374
80595  -27.914  32.987  24.444 0.5090909004
80596  -28.478  33.323  24.133 0.4909090996
80597  -27.735  33.357  23.845 0.5636363626
80598  -27.576  33.769  23.294 0.6000000238
80599  -27.017  33.464  23.624 0.5636363626
80600  -25.177  33.749  23.845 0.5454545617
80601  -25.636  33.861  23.326 0.5818181634
80602  -25.014  34.192  23.265 0.5818181634
80603  -24.868  34.684  22.727 0.6727272868
80604  -24.442  34.604  23.281 0.6000000238
80605  -24.305  34.333  26.497 0.4181818068
80607  -24.049  34.628  25.928 0.4727272689
80608  -23.250  36.013  25.047 0.5090909004
80609  -23.532  35.355  24.793 0.5272727013
80610  -23.295  35.812  24.260 0.5454545617
80611  -23.440  35.658  23.498 0.6181818247
80612  -23.080  36.287  23.760 0.6000000238
80613  -22.924  36.820  23.272 0.6363636255
80614  -22.797  36.967  24.073 0.6000000238
80615  -22.539  38.642  25.704 0.5272727013
80616  -22.373  38.432  24.822 0.5636363626
80617  -22.227  39.110  25.236 0.6000000238
80618  -22.061  39.677  24.745 0.6000000238
80619  -22.153  39.799  25.605 0.4909090996
82441  -22.093  40.749  25.844 0.4727272689
82442  -22.279  40.173  26.302 0.4727272689
82443  -23.151  40.405  28.184 0.4000000060
82444  -22.745  40.886  27.746 0.4000000060
82446  -23.178  42.149  28.720 0.3454545438
92182  -22.206  43.793  23.832 0.5818181634
92183  -22.107  44.205  24.543 0.5454545617
92184  -22.073  43.448  24.651 0.5818181634
92185  -22.022  43.088  25.479 0.5454545617
92186  -22.112  42.689  26.306 0.5090909004
92187  -22.598  41.898  21.981 0.6727272868
92188  -22.651  42.647  21.937 0.6181818247
92189  -22.517  42.550  22.516 0.6545454264
92190  -22.334  43.129  23.162 0.6000000238
92191  -22.364  39.377  23.047 0.7090908885
92192  -22.589  39.538  22.379 0.7090908885
92193  -22.407  40.220  22.676 0.6909090877
92194  -22.497  41.060  22.279 0.6909090877
93683  -26.898  45.781  15.313 0.3636363745
93684  -26.342  46.124  15.345 0.3636363745
93685  -26.013  46.570  15.586 0.3636363745
93694  -31.482  35.236  24.205 0.4363636374
93695  -31.729  35.746  24.003 0.4727272689
93696  -31.078  35.525  23.563 0.5272727013
93697  -30.663  35.865  22.929 0.5272727013
93698  -30.307  36.188  22.242 0.6363636255
93699  -26.328  42.702  16.943 0.5090909004
93700  -26.903  42.382  17.008 0.5090909004
93703  -27.654  44.363  16.953 0.3818181753
93704  -28.095  44.909  16.871 0.3636363745
93705  -27.667  44.969  16.564 0.4000000060
93706  -27.626  45.371  15.974 0.3454545438
98003  -23.555  43.864  17.975 0.5818181634
98004  -23.270  44.337  18.517 0.5636363626
98005  -22.973  44.848  19.039 0.5636363626
98006  -22.446  45.604  21.848 0.5636363626
98007  -22.400  45.726  21.206 0.6000000238
98008  -22.378  46.320  21.817 0.5636363626
98009  -22.266  47.092  21.700 0.5454545617
98010  -22.314  47.872  21.529 0.5090909004
98011  -22.436  48.617  21.404 0.4545454681
98012  -22.398  48.539  22.032 0.4545454681
98014  -25.858  35.130  21.787 0.6909090877
98015  -26.157  35.511  21.368 0.7090908885
98016  -25.534  35.816  21.284 0.7090908885
98017  -25.265  36.535  20.752 0.7818182111
98018  -25.040  37.268  20.228 0.7818182111
98019  -23.542  40.232  19.771 0.7272727489
98020  -23.836  39.673  19.497 0.7272727489
98023  -24.174  40.969  18.052 0.7272727489
98024  -24.481  41.234  17.686 0.6363636255
98025  -24.063  41.745  17.847 0.6000000238
98026  -23.980  42.607  17.676 0.6000000238
102497  -23.898  47.135  17.411 0.4181818068
102498  -24.500  47.355  17.115 0.4000000060
102499  -24.095  47.854  17.377 0.3454545438
102500  -24.229  48.519  17.270 0.3818181753
102501  -24.236  49.144  17.070 0.3454545438
102528  -32.685  37.761  23.296 0.4000000060
102529  -33.346  38.022  23.695 0.3818181753
102530  -33.098  38.296  23.036 0.3636363745
102531  -33.596  38.821  22.789 0.4000000060
102532  -34.072  39.354  22.556 0.3818181753
102538  -28.365  37.049  20.042 0.6909090877
102539  -28.111  37.606  19.460 0.6727272868
102540  -28.532  38.091  19.199 0.6727272868
102541  -28.884  38.632  18.954 0.6727272868
102542  -29.309  41.703  17.443 0.5272727013
102543  -29.500  41.034  17.690 0.5454545617
102544  -29.971  41.576  17.640 0.5272727013
102545  -30.576  41.533  17.869 0.4909090996
102546  -31.157  41.550  18.142 0.4545454681
102547  -31.745  41.566  18.465 0.4545454681
102548  -31.572  42.224  18.147 0.4363636374
102549  -31.992  42.902  18.148 0.3454545438
108249  -30.189  33.030  26.240 0.3818181753
108260  -27.761  32.190  26.337 0.3454545438
108261  -27.079  32.248  26.037 0.3636363745
108262  -26.874  32.524  25.331 0.4727272689
108263  -26.644  32.847  24.650 0.5272727013
108264  -26.443  33.206  24.012 0.5454545617
108265  -25.955  33.048  24.518 0.5272727013
108266  -25.344  33.350  24.450 0.5272727013
108267  -24.789  33.719  24.418 0.5272727013
108268  -23.921  35.610  26.933 0.4181818068
108269  -23.814  35.256  26.129 0.4545454681
108270  -23.654  35.929  26.385 0.4363636374
108271  -23.359  36.291  25.855 0.4727272689
108272  -23.037  36.710  25.355 0.4727272689
108273  -22.785  37.172  24.904 0.5454545617
108274  -22.933  37.462  25.731 0.4727272689
108275  -22.860  38.141  26.142 0.4545454681
108276  -22.789  38.840  26.533 0.4181818068
109369  -22.603  39.688  26.778 0.4363636374
109370  -22.991  39.198  27.198 0.4363636374
109371  -23.275  39.559  27.918 0.3636363745
115252  -22.175  46.869  23.473 0.4545454681
115253  -22.070  47.247  24.027 0.3636363745
115254  -22.077  46.527  24.156 0.4181818068
115255  -22.030  46.158  24.974 0.4545454681
115256  -22.100  45.754  25.851 0.4545454681
115260  -22.486  44.934  27.637 0.3818181753
115264  -23.124  43.235  19.569 0.6545454264
115265  -23.050  43.047  20.124 0.6909090877
115266  -22.891  43.613  20.684 0.6545454264
115267  -22.677  44.240  21.266 0.6363636255
115268  -22.644  43.352  21.915 0.6545454264
115269  -22.577  44.115  21.915 0.6181818247
115270  -22.506  44.876  21.915 0.6000000238
115271  -22.373  45.505  22.477 0.5454545617
115272  -22.228  46.175  22.972 0.5272727013
115273  -23.649  36.839  21.970 0.7454545498
115274  -23.947  37.080  21.382 0.7818182111
115275  -23.485  37.609  21.572 0.7636363506
115276  -23.386  38.385  21.181 0.7636363506
115277  -23.354  39.209  20.798 0.7818182111
115278  -22.862  39.699  21.696 0.7454545498
115279  -23.110  39.867  21.052 0.7454545498
115280  -23.336  40.065  20.444 0.7454545498
115281  -23.339  40.840  20.103 0.7090908885
118784  -32.821  36.993  24.194 0.4000000060
118785  -31.931  36.246  23.867 0.5090909004
118786  -32.165  36.766  23.743 0.4363636374
118787  -32.359  37.275  23.570 0.4000000060
118788  -32.091  37.592  22.822 0.4363636374
118789  -31.978  37.937  22.001 0.4727272689
118790  -31.848  38.324  21.176 0.4727272689
118791  -26.824  39.744  17.776 0.6727272868
118792  -27.490  39.512  17.956 0.6363636255
118793  -27.279  40.253  17.605 0.6363636255
118794  -27.745  40.772  17.433 0.5636363626
118795  -28.232  41.240  17.296 0.5090909004
118796  -27.453  42.128  17.091 0.5090909004
118797  -28.030  41.938  17.187 0.4909090996
118798  -28.658  41.796  17.293 0.5454545617
118799  -29.064  42.376  17.322 0.4181818068
118800  -29.469  43.096  17.496 0.4000000060
123244  -25.532  32.828  27.668 0.3636363745
123245  -25.296  33.001  27.008 0.3818181753
123246  -25.073  33.208  26.356 0.4363636374
123247  -24.872  33.479  26.981 0.4000000060
123248  -24.558  34.051  27.072 0.3818181753
123249  -24.356  34.683  27.235 0.3818181753
123251  -24.438  35.098  28.019 0.3818181753
123252  -24.208  35.345  27.483 0.3818181753
123253  -24.096  35.996  27.753 0.3636363745
128793  -21.993  47.619  24.634 0.3818181753
128811  -25.808  44.647  16.631 0.4000000060
128812  -25.710  45.307  16.435 0.4363636374
128815  -24.223  45.907  17.141 0.4909090996
128816  -23.785  44.862  17.527 0.5090909004
128817  -23.783  45.608  17.480 0.5272727013
128818  -23.807  46.396  17.468 0.5272727013
128819  -23.433  46.861  17.865 0.5090909004
128820  -23.133  47.351  18.295 0.4727272689
128821  -22.885  47.942  18.619 0.4363636374
128822  -22.991  43.960  19.568 0.6545454264
128823  -22.767  44.654  19.528 0.6363636255
128824  -22.651  45.403  19.495 0.5818181634
128825  -22.376  45.880  20.615 0.6363636255
128826  -22.445  46.035  20.035 0.5818181634
128827  -22.584  46.158  19.439 0.5272727013
128828  -22.572  46.934  19.355 0.4909090996
128829  -22.609  47.730  19.210 0.4727272689
128830  -22.670  48.514  18.993 0.4181818068
128839  -28.687  34.567  22.692 0.5818181634
128840  -28.975  35.045  22.326 0.6181818247
128841  -28.235  35.041  22.027 0.6727272868
128842  -27.885  35.583  21.348 0.7090908885
128843  -27.588  36.138  20.726 0.7454545498
128844  -26.474  35.919  20.953 0.7454545498
128845  -26.887  36.317  20.498 0.7818182111
128852  -24.862  37.966  19.712 0.7636363506
128853  -24.206  39.118  19.300 0.7636363506
128854  -24.659  38.603  19.182 0.7636363506
128855  -25.140  38.228  19.175 0.7818182111
128858  -26.355  39.276  17.975 0.7090908885
128859  -26.164  40.040  17.619 0.6727272868
128860  -25.965  40.842  17.357 0.6181818247
128861  -25.845  41.569  17.178 0.6181818247
128862  -24.846  41.550  17.365 0.6727272868
128863  -25.284  41.923  17.156 0.6363636255
128864  -25.795  42.305  17.025 0.5636363626
128865  -25.789  43.067  16.931 0.4909090996
128866  -25.800  43.872  16.839 0.4363636374
138284  -25.709  45.920  16.213 0.4363636374
138285  -25.720  46.484  16.046 0.4363636374
138286  -25.708  46.995  15.855 0.4000000060
138287  -25.035  47.490  16.687 0.3636363745
138288  -25.434  47.554  16.182 0.3454545438
138289  -25.585  47.470  15.638 0.4181818068
138294  -23.741  49.554  17.185 0.3454545438
138295  -24.093  49.602  16.788 0.3454545438
138366  -29.297  35.598  22.031 0.6363636255
138368  -30.007  36.662  21.554 0.6181818247
138369  -29.075  37.030  20.399 0.6545454264
138370  -29.774  37.071  20.820 0.6181818247
138371  -30.414  37.208  21.278 0.6000000238
138372  -30.808  37.674  20.914 0.6000000238
138373  -31.198  38.211  20.612 0.5454545617
138374  -31.651  38.758  20.407 0.4727272689
138375  -28.124  39.333  18.142 0.6181818247
138376  -28.691  39.243  18.422 0.6181818247
138377  -29.270  39.222  18.741 0.6181818247
138378  -29.631  40.413  18.064 0.5454545617
138379  -29.714  39.832  18.528 0.5818181634
138380  -29.897  39.233  19.031 0.6363636255
138381  -30.599  39.265  19.333 0.6000000238
138382  -31.336  39.216  19.731 0.5454545617
138383  -32.053  39.300  20.188 0.5090909004
138384  -32.486  39.871  19.955 0.4909090996
138385  -32.872  40.508  19.844 0.4181818068
149925  -31.648  34.912  24.742 0.3454545438
149926  -31.002  34.664  24.305 0.4181818068
149927  -30.292  34.431  23.959 0.4727272689
149928  -29.564  34.247  23.617 0.5454545617
149948  -29.697  32.620  26.540 0.3454545438
149949  -29.516  32.844  25.845 0.3636363745
149950  -28.297  32.447  25.830 0.4000000060
149951  -28.835  32.742  25.460 0.4000000060
149952  -29.348  33.104  25.158 0.4000000060
149953  -29.186  33.399  24.488 0.4181818068
149954  -29.006  33.746  23.819 0.5272727013
149955  -28.845  34.146  23.248 0.5818181634
149956  -28.123  34.111  22.972 0.5818181634
149957  -27.357  34.204  22.755 0.6181818247
149958  -26.661  34.357  22.533 0.6545454264
149959  -26.319  33.615  23.442 0.5636363626
149960  -26.170  34.073  22.881 0.6363636255
149961  -26.010  34.579  22.328 0.6545454264
149962  -25.339  34.890  22.248 0.6727272868
149963  -24.708  35.268  22.252 0.7090908885
149964  -24.147  35.739  22.312 0.6909090877
149967  -24.288  34.150  24.444 0.5272727013
149968  -23.785  34.929  25.341 0.5090909004
149969  -23.876  34.701  24.588 0.5272727013
149970  -24.071  34.620  23.877 0.5818181634
149971  -23.920  35.096  23.375 0.6000000238
149972  -23.782  35.641  22.893 0.6363636255
149973  -23.664  36.244  22.435 0.6909090877
149974  -23.224  36.773  22.638 0.6545454264
149975  -22.853  37.401  22.837 0.6545454264
149976  -22.574  38.096  23.159 0.6545454264
149977  -22.581  37.689  24.437 0.6181818247
149978  -22.423  38.231  23.967 0.6363636255
149979  -22.313  38.805  23.514 0.6363636255
149980  -22.109  39.492  23.879 0.6363636255
149981  -22.008  40.252  24.219 0.5818181634
149982  -21.995  40.975  24.597 0.6000000238
152173  -21.996  41.344  25.353 0.5454545617
152174  -22.058  41.722  26.118 0.5090909004
152175  -22.243  42.089  26.824 0.4181818068
152176  -22.487  40.539  27.042 0.4181818068
152177  -22.427  41.427  27.313 0.3636363745
152178  -22.494  42.424  27.606 0.4000000060
152179  -22.829  42.761  28.320 0.3636363745
656  -22.980  48.662  18.430 0.4181818068
2040  -23.919  37.637  27.915 0.3818181753
5787  -24.284  43.740  17.232 0.6000000238
11094  -29.989  35.714  22.455 0.5818181634
11096  -27.317  42.904  16.981 0.4000000060
13480  -22.787  45.268  28.386 0.3454545438
13495  -23.513  41.003  19.440 0.7090908885
16005  -27.434  37.764  19.161 0.7454545498
19189  -25.003  33.369  25.023 0.5272727013
23064  -22.024  45.416  25.204 0.4727272689
23065  -22.242  44.579  26.883 0.4181818068
23067  -23.129  42.290  20.130 0.7090908885
24566  -22.681  49.789  19.255 0.3818181753
28863  -25.321  44.348  16.833 0.4363636374
28871  -22.583  49.597  20.654 0.4000000060
28876  -26.624  36.949  19.891 0.7636363506
28877  -26.108  38.207  18.740 0.7818182111
28878  -24.372  38.380  19.758 0.7636363506
44215  -23.444  41.789  19.131 0.7090908885
44216  -23.663  41.178  18.815 0.6909090877
49909  -25.261  33.048  25.665 0.4545454681
49910  -23.859  36.969  27.532 0.3636363745
50521  -23.411  38.757  27.621 0.4181818068
53798  -22.063  45.782  24.297 0.4363636374
53799  -22.096  45.003  24.455 0.4727272689
53801  -22.065  44.195  26.141 0.4181818068
56303  -22.650  50.418  19.770 0.3454545438
56329  -27.857  42.688  17.100 0.4545454681
63495  -24.780  44.039  17.005 0.4727272689
63496  -24.687  44.738  16.954 0.4909090996
63497  -24.201  44.430  17.220 0.5272727013
63511  -22.479  48.949  20.159 0.4545454681
63523  -26.372  37.586  19.328 0.7636363506
63526  -24.065  38.126  20.321 0.7818182111
63535  -24.290  42.923  17.322 0.6181818247
63537  -24.735  43.200  17.121 0.6000000238
80606  -24.355  34.085  25.814 0.4363636374
93701  -26.803  43.160  16.886 0.4000000060
93702  -27.234  43.709  16.871 0.3818181753
97992  -22.505  45.716  27.453 0.3454545438
98001  -23.927  43.438  17.548 0.6000000238
98002  -23.811  44.145  17.541 0.5454545617
98021  -23.767  40.431  19.117 0.7090908885
98022  -23.945  40.692  18.540 0.7272727489
102537  -27.669  37.130  19.773 0.7272727489
115257  -22.045  44.599  25.283 0.5090909004
115258  -22.080  44.978  26.021 0.4727272689
115259  -22.280  45.351  26.707 0.4181818068
115263  -23.242  42.445  19.518 0.6909090877
115282  -23.311  41.623  19.775 0.7090908885
128813  -25.205  45.046  16.729 0.4545454681
128814  -24.661  45.457  16.876 0.4727272689
128831  -22.584  49.088  19.470 0.4363636374
128832  -22.595  49.695  19.956 0.4363636374
128846  -27.293  36.734  20.113 0.7454545498
128847  -27.029  37.359  19.478 0.7454545498
128848  -26.749  37.970  18.902 0.7818182111
128849  -26.558  38.594  18.411 0.7818182111
128850  -24.230  37.348  20.828 0.7818182111
128851  -24.538  37.642  20.263 0.8000000119
128856  -25.498  38.533  18.683 0.7636363506
128857  -25.894  38.860  18.253 0.7636363506
138367  -29.653  36.125  21.795 0.6363636255
149965  -24.786  33.492  25.737 0.4727272689
149966  -24.523  33.798  25.073 0.5272727013
