#!ascii label  , from subject fsaverage vox2ras=TkReg
1476
24567  -23.113  49.930  17.994 0.3454545438
24568  -22.717  51.105  18.836 0.3090909123
56304  -22.716  50.504  19.036 0.3636363745
70996  -23.150  50.569  17.834 0.3272727132
70997  -23.374  49.974  17.428 0.3454545438
118760  -22.784  49.210  18.801 0.4181818068
118761  -23.060  49.314  18.205 0.4181818068
118762  -22.843  49.843  18.528 0.3818181753
118763  -22.894  50.506  18.389 0.3454545438
118764  -22.871  51.111  18.175 0.2909090817
138293  -23.389  49.412  17.687 0.3454545438
178  -35.247  43.635  19.999 0.1272727251
653  -20.779  49.221  27.353 0.2000000030
1474  -30.497  43.840  17.896 0.3818181753
3397  -21.153  55.980  20.266 0.1090909094
3400  -21.974  48.017  30.740 0.1090909094
3401  -19.332  48.901  28.581 0.1454545408
4125  -36.261  41.732  22.218 0.2000000030
5784  -21.909  48.983  25.697 0.2909090817
7275  -35.400  38.538  26.011 0.1818181872
7276  -34.641  39.542  23.098 0.3636363745
7277  -33.902  41.194  20.258 0.3272727132
7280  -32.956  43.567  18.424 0.2909090817
7281  -31.940  46.261  18.132 0.1818181872
11805  -35.767  42.712  21.006 0.2181818187
13479  -22.020  48.378  24.489 0.3454545438
13481  -22.662  46.809  27.969 0.3272727132
14183  -23.245  58.355  12.717 0.1090909094
14185  -22.285  59.328  11.594 0.0909090936
15986  -23.024  52.469  17.293 0.2727272809
15996  -18.279  56.711  15.074 0.0545454547
15997  -35.400  36.903  27.612 0.1818181872
15998  -35.997  37.917  27.356 0.1454545408
16003  -34.415  40.307  21.562 0.4000000060
16012  -31.727  43.626  18.041 0.3636363745
16013  -32.400  44.823  18.213 0.2363636345
16014  -31.140  45.188  18.199 0.2727272809
23486  -19.717  58.224  12.669 0.0909090936
23488  -18.832  59.482  11.791 0.0363636352
24547  -20.043  56.491  19.110 0.0727272704
24552  -21.256  48.572  29.158 0.1818181872
24553  -20.010  49.075  27.909 0.1636363566
24554  -20.617  48.540  29.741 0.1454545408
24569  -22.698  52.376  18.470 0.2909090817
24570  -22.668  53.768  17.971 0.2000000030
24571  -22.634  55.245  17.242 0.1454545408
28856  -21.478  49.271  26.646 0.2545454502
28857  -22.171  47.634  26.102 0.3636363745
28858  -22.293  48.222  27.432 0.2363636345
28859  -21.888  48.530  28.409 0.1818181872
32354  -22.440  56.608  16.440 0.1272727251
32355  -21.670  57.452  15.314 0.1090909094
32356  -20.707  57.710  13.870 0.0909090936
32357  -18.884  57.295  13.665 0.0909090936
32365  -34.910  39.071  24.542 0.2000000030
32366  -35.882  40.014  24.096 0.2000000030
32367  -35.601  40.586  22.596 0.2727272809
32368  -35.124  41.494  21.232 0.2727272809
32369  -34.592  42.438  20.135 0.2727272809
32377  -33.440  42.282  19.168 0.3636363745
32378  -34.196  43.645  19.148 0.1454545408
32379  -33.597  44.761  18.462 0.1454545408
32380  -33.196  46.086  18.426 0.1636363566
32383  -31.655  46.710  17.176 0.2181818187
32384  -32.422  47.230  16.556 0.2181818187
42525  -35.515  43.184  20.470 0.2000000030
44204  -23.976  44.668  30.560 0.1818181872
44903  -22.460  58.621  12.835 0.0727272704
44904  -22.828  58.902  12.143 0.0909090936
46718  -35.146  37.305  27.039 0.2000000030
46733  -31.438  44.412  18.108 0.3272727132
46734  -30.813  44.551  18.088 0.3272727132
54503  -18.800  58.179  12.511 0.0727272704
56272  -20.619  56.283  19.689 0.0909090936
56273  -20.017  56.032  19.729 0.1090909094
56274  -20.535  55.736  20.333 0.1090909094
56280  -21.583  48.265  30.022 0.1636363566
56281  -20.943  48.543  29.452 0.1818181872
56282  -21.305  48.314  30.283 0.1090909094
56307  -22.628  52.366  19.161 0.2909090817
56308  -22.596  53.044  18.951 0.2545454502
56309  -22.682  53.065  18.261 0.2727272809
56310  -22.560  53.769  18.637 0.2000000030
56311  -22.514  54.499  18.271 0.1818181872
56315  -21.429  56.334  19.770 0.0909090936
56316  -20.921  56.629  19.231 0.0909090936
58455  -36.548  41.296  22.922 0.2363636345
63475  -21.991  49.442  24.917 0.2909090817
63479  -21.724  49.188  26.190 0.2909090817
63482  -22.255  46.880  26.319 0.4000000060
63483  -22.816  47.211  28.602 0.2545454502
63484  -22.546  47.542  27.720 0.2909090817
63485  -22.590  47.871  28.346 0.2000000030
63486  -22.146  48.411  27.963 0.2363636345
63487  -22.439  48.059  28.841 0.2000000030
63488  -22.188  48.198  29.256 0.1818181872
65597  -20.935  59.910  11.321 0.0727272704
70928  -19.671  49.003  28.227 0.1818181872
70930  -19.133  49.243  27.563 0.1272727251
71017  -22.731  57.517  14.544 0.1090909094
71020  -22.251  56.600  17.149 0.0909090936
71022  -21.349  57.272  16.035 0.1090909094
71024  -21.158  57.577  14.602 0.0909090936
71025  -20.304  57.306  14.476 0.0909090936
71026  -19.805  57.423  13.763 0.0909090936
71027  -19.440  57.094  14.430 0.0909090936
71028  -17.430  56.715  15.097 0.0545454547
71029  -17.678  56.949  14.334 0.0545454547
71044  -34.299  38.810  23.993 0.2909090817
71045  -34.791  39.300  23.813 0.2727272809
71047  -35.333  39.789  23.583 0.2909090817
71048  -35.775  40.284  23.337 0.2181818187
71049  -35.151  40.054  22.833 0.3272727132
71050  -34.185  40.711  20.856 0.3454545438
71051  -34.784  40.908  21.390 0.3272727132
71052  -34.517  41.331  20.727 0.3090909123
71053  -34.808  41.932  20.644 0.2545454502
71054  -34.256  41.800  20.192 0.2909090817
71073  -32.593  42.881  18.418 0.3272727132
71074  -32.807  42.219  18.785 0.4000000060
71075  -33.240  42.934  18.742 0.3454545438
71076  -33.833  42.979  19.153 0.2909090817
71077  -33.633  43.613  18.698 0.2363636345
71078  -33.917  44.185  18.696 0.1454545408
71079  -33.275  44.175  18.397 0.2000000030
71080  -32.151  45.593  18.250 0.2181818187
71081  -32.794  45.402  18.285 0.1818181872
71082  -32.572  46.186  18.281 0.2000000030
71083  -33.011  46.878  18.346 0.1636363566
71084  -32.366  46.837  18.088 0.1818181872
71086  -30.370  45.956  17.758 0.2727272809
71091  -32.061  46.947  16.878 0.2363636345
93668  -21.032  55.302  20.906 0.1090909094
93673  -21.624  48.078  31.069 0.1090909094
94977  -36.022  42.206  21.591 0.2000000030
94979  -36.362  42.852  21.444 0.1636363566
97990  -22.074  49.116  24.367 0.3454545438
97991  -21.983  48.725  25.094 0.3454545438
97993  -22.478  46.477  27.244 0.3818181753
97995  -22.975  46.442  28.851 0.3090909123
102442  -17.251  56.452  15.823 0.0545454547
102502  -23.075  51.833  17.470 0.2909090817
102520  -19.136  56.836  15.155 0.0727272704
102521  -18.857  56.605  15.846 0.0727272704
102525  -35.706  37.409  27.502 0.1454545408
102527  -35.133  38.044  26.233 0.1636363566
102533  -34.533  39.876  22.327 0.3818181753
102534  -33.987  39.742  21.769 0.3818181753
102535  -33.863  40.138  21.034 0.3636363745
102536  -33.547  40.609  20.370 0.3818181753
102550  -32.331  43.575  18.205 0.3272727132
102551  -32.644  44.215  18.250 0.2727272809
102552  -32.058  44.266  18.120 0.3090909123
102553  -31.743  45.043  18.184 0.2545454502
102554  -31.524  45.771  18.215 0.2727272809
116246  -18.270  60.046  11.458 0.0363636352
118717  -19.510  56.425  18.414 0.0545454547
118719  -19.446  56.171  19.098 0.0727272704
118728  -20.964  48.854  28.255 0.1818181872
118729  -20.398  49.080  27.693 0.1818181872
118730  -20.638  48.818  28.577 0.1636363566
118731  -20.281  48.767  28.836 0.1818181872
118732  -19.934  48.701  29.211 0.1454545408
118733  -20.943  48.329  30.577 0.1090909094
118734  -20.246  48.554  30.054 0.1272727251
118735  -19.571  48.684  29.530 0.1090909094
118765  -22.637  51.741  19.378 0.2909090817
118766  -22.711  51.735  18.637 0.3090909123
118767  -22.870  51.781  18.024 0.2727272809
118768  -22.845  52.422  17.854 0.2545454502
118769  -22.801  53.079  17.625 0.2545454502
118770  -22.821  53.820  17.338 0.2000000030
118771  -22.833  54.562  16.971 0.1636363566
118773  -22.483  55.237  17.904 0.1272727251
118779  -20.315  56.658  18.581 0.0909090936
118802  -30.188  44.667  17.963 0.3272727132
128792  -21.160  49.285  27.032 0.2363636345
128794  -22.025  48.031  25.245 0.3636363745
128795  -22.066  48.324  25.929 0.3272727132
128796  -22.427  47.210  27.033 0.3454545438
128797  -22.274  47.932  26.819 0.3090909123
128798  -22.019  48.590  26.511 0.2909090817
128799  -21.897  48.793  27.041 0.2727272809
128800  -21.636  48.893  27.537 0.2181818187
128801  -21.282  48.891  27.881 0.2000000030
128802  -21.547  48.598  28.796 0.1818181872
128803  -21.898  48.271  29.646 0.1818181872
128804  -22.288  47.916  30.414 0.1454545408
128807  -22.657  47.541  31.180 0.1272727251
131473  -21.472  59.496  11.746 0.0727272704
138319  -21.978  58.300  13.463 0.0909090936
138322  -22.683  56.711  15.687 0.1454545408
138323  -21.861  57.038  16.647 0.1090909094
138324  -22.162  57.206  15.946 0.1090909094
138325  -22.401  57.304  15.208 0.1090909094
138326  -22.016  57.754  14.643 0.0909090936
138327  -21.566  57.932  13.992 0.0909090936
138328  -21.129  58.131  13.293 0.0909090936
138329  -20.221  57.866  13.190 0.0909090936
138330  -19.270  57.689  13.069 0.0909090936
138331  -18.334  57.670  12.988 0.0727272704
138332  -18.564  56.973  14.373 0.0727272704
138333  -17.973  57.285  13.620 0.0545454547
138350  -34.817  38.283  25.505 0.2181818187
138352  -34.514  38.554  24.753 0.2181818187
138353  -35.098  38.776  25.262 0.1818181872
138354  -35.520  39.317  25.049 0.1818181872
138358  -36.180  40.804  23.135 0.2181818187
138359  -35.971  41.124  22.411 0.2727272809
138360  -34.984  40.460  22.103 0.3636363745
138361  -35.384  41.011  21.899 0.2727272809
138362  -35.724  41.566  21.744 0.2727272809
138363  -35.425  42.076  21.121 0.2363636345
138364  -35.150  42.548  20.569 0.2363636345
138365  -34.933  43.041  20.091 0.2181818187
138386  -33.256  41.140  19.804 0.3636363745
138387  -32.380  41.616  18.862 0.4545454681
138388  -33.023  41.681  19.288 0.4000000060
138389  -33.650  41.740  19.742 0.3272727132
138390  -34.033  42.376  19.668 0.2545454502
138391  -34.391  43.028  19.632 0.2363636345
138396  -33.007  44.744  18.310 0.2181818187
138402  -30.547  45.319  18.033 0.2727272809
138403  -30.914  45.935  18.102 0.2363636345
138404  -31.327  46.339  17.930 0.2000000030
138406  -31.198  46.537  17.399 0.2363636345
138407  -31.764  46.709  17.761 0.1818181872
138408  -32.239  47.014  17.590 0.1818181872
138409  -32.650  47.291  17.267 0.1636363566
52  -14.617  59.436  13.795 0.0545454547
172  -22.560  53.725  22.283 0.2181818187
173  -13.716  52.627  25.361 0.0545454547
879  -11.042  61.215  18.301 0.0181818176
888  -21.570  58.610  12.829 0.0909090936
1463  -14.567  55.891  19.773 0.0363636352
1464  -18.443  52.699  22.921 0.1272727251
1465  -18.011  49.158  29.715 0.0909090936
2797  -13.241  62.349  13.701 0.0181818176
2799  -12.958  60.423  16.192 0.0181818176
3398  -18.870  54.833  20.467 0.0727272704
3399  -20.592  53.424  22.721 0.1272727251
3408  -22.677  51.069  20.339 0.3090909123
3411  -21.981  56.564  17.838 0.1090909094
4080  -14.671  54.892  22.807 0.0909090936
4081  -13.060  57.137  22.170 0.0545454547
4082  -12.478  55.467  24.821 0.0727272704
5782  -22.700  50.789  23.113 0.3090909123
5783  -21.471  51.590  24.537 0.2000000030
5785  -22.851  47.488  29.167 0.2181818187
7252  -16.613  56.908  15.177 0.0545454547
7253  -14.495  57.352  16.775 0.0363636352
7254  -16.709  55.582  18.309 0.0363636352
7255  -16.734  54.390  21.227 0.0909090936
7256  -15.963  52.205  23.804 0.1090909094
7257  -19.410  50.746  24.816 0.1636363566
7258  -17.365  50.091  25.764 0.1272727251
7259  -15.593  50.401  27.114 0.0545454547
7272  -19.963  57.099  15.171 0.0909090936
8193  -12.621  58.436  18.936 0.0363636352
8194  -11.136  59.561  21.364 0.0181818176
10477  -13.957  60.923  13.790 0.0363636352
10478  -13.148  61.413  14.924 0.0363636352
10479  -13.797  59.916  15.067 0.0545454547
11077  -21.987  54.836  21.295 0.1454545408
11078  -20.922  54.645  21.508 0.1090909094
11079  -21.720  53.811  22.707 0.1272727251
11088  -22.848  52.437  21.629 0.2363636345
11089  -22.611  52.392  19.959 0.2727272809
11090  -22.664  53.849  20.894 0.2000000030
11091  -22.306  55.327  20.052 0.1090909094
11760  -14.029  53.572  24.014 0.0909090936
11761  -13.511  55.035  23.718 0.0727272704
11762  -12.977  54.010  24.928 0.0545454547
13477  -22.314  49.138  23.109 0.3818181753
13478  -22.174  49.903  24.243 0.3090909123
13482  -23.362  45.989  29.651 0.2181818187
13483  -23.559  46.457  30.699 0.1454545408
13484  -24.125  44.961  31.149 0.1454545408
13491  -22.563  49.316  21.939 0.4181818068
14155  -11.293  62.257  16.955 0.0181818176
15953  -16.703  56.106  16.880 0.0363636352
15954  -17.838  55.872  18.003 0.0545454547
15955  -18.747  53.754  21.753 0.0727272704
15956  -17.744  54.462  20.719 0.0727272704
15957  -17.675  53.619  22.136 0.0909090936
15958  -16.570  53.509  22.605 0.1090909094
15959  -17.245  52.357  23.222 0.1272727251
15960  -20.874  50.293  25.687 0.2000000030
15961  -20.486  51.276  24.673 0.1454545408
15962  -19.954  50.013  26.133 0.1636363566
15963  -18.658  48.891  29.140 0.1090909094
15964  -18.271  49.377  27.129 0.1090909094
15965  -17.506  49.364  27.666 0.1272727251
15966  -16.452  50.155  26.375 0.1090909094
15967  -16.752  49.597  28.353 0.0909090936
15993  -20.534  56.836  17.987 0.0909090936
15994  -21.077  57.145  16.723 0.0909090936
18000  -14.533  56.525  18.189 0.0363636352
18001  -13.514  57.838  17.761 0.0363636352
18002  -13.556  57.119  19.308 0.0363636352
18003  -12.326  57.703  23.395 0.0363636352
18004  -12.090  58.384  21.838 0.0181818176
23469  -12.347  62.834  14.730 0.0181818176
23470  -12.250  61.930  16.006 0.0363636352
23471  -12.060  60.825  17.187 0.0181818176
23487  -20.656  59.486  11.851 0.0545454547
24548  -18.877  55.856  19.135 0.0909090936
24549  -19.974  55.450  20.371 0.0727272704
24550  -19.819  54.196  21.615 0.0909090936
24551  -19.480  53.001  22.740 0.1272727251
24555  -19.877  48.615  30.381 0.0909090936
24572  -22.418  55.236  18.570 0.1090909094
24573  -21.664  56.498  19.181 0.0727272704
25776  -14.843  55.528  21.356 0.0545454547
25777  -13.763  56.554  20.929 0.0545454547
25778  -13.988  56.073  22.399 0.0363636352
25779  -13.073  56.499  23.591 0.0545454547
25780  -12.141  56.902  24.761 0.0545454547
28852  -22.881  52.411  23.059 0.2363636345
28853  -22.189  52.819  23.823 0.1818181872
28854  -22.335  51.465  24.222 0.2727272809
28855  -21.697  50.322  25.183 0.2363636345
28860  -22.567  47.828  30.049 0.1454545408
28872  -22.840  50.899  21.718 0.3090909123
29808  -13.801  51.890  27.047 0.0545454547
29809  -12.958  53.257  26.503 0.0545454547
32302  -15.484  58.035  14.151 0.0545454547
32303  -14.498  58.346  15.278 0.0545454547
32304  -15.530  57.121  15.888 0.0363636352
32305  -15.569  56.268  17.399 0.0363636352
32306  -15.610  55.557  18.867 0.0181818176
32307  -17.824  55.245  19.350 0.0727272704
32308  -16.653  54.962  19.705 0.0727272704
32309  -15.645  55.046  20.385 0.0363636352
32310  -15.816  54.682  22.019 0.0727272704
32311  -15.312  53.463  23.244 0.1090909094
32312  -14.666  52.162  24.471 0.0727272704
32313  -21.129  52.549  23.806 0.1454545408
32314  -20.033  52.201  23.679 0.1272727251
32316  -19.049  49.691  26.549 0.1636363566
32317  -18.397  50.378  25.229 0.1636363566
32318  -17.833  51.296  24.070 0.1272727251
32319  -16.608  51.129  24.639 0.1454545408
32320  -15.509  51.102  25.288 0.0909090936
32321  -14.553  51.351  26.087 0.0909090936
32358  -17.079  57.419  13.718 0.0545454547
34881  -13.596  58.738  16.356 0.0363636352
34882  -12.667  59.318  17.444 0.0363636352
34883  -11.761  59.811  18.595 0.0363636352
34884  -12.794  57.765  20.606 0.0363636352
34885  -11.942  59.087  20.208 0.0363636352
34886  -10.916  60.337  19.748 0.0181818176
41197  -14.299  60.197  13.777 0.0545454547
41198  -13.886  60.419  14.411 0.0545454547
41199  -14.206  59.668  14.445 0.0545454547
41208  -15.280  59.027  13.217 0.0545454547
41211  -14.486  60.591  13.114 0.0545454547
41797  -22.362  54.241  21.781 0.1636363566
41798  -21.876  54.275  22.019 0.1636363566
41799  -22.179  53.884  22.556 0.1454545408
41808  -22.839  53.137  22.052 0.2545454502
41809  -22.793  53.092  21.365 0.2000000030
41810  -22.681  53.765  21.647 0.2000000030
41811  -22.453  54.457  21.141 0.1818181872
42480  -13.801  53.068  24.629 0.0727272704
42481  -13.466  53.765  24.437 0.0545454547
42482  -13.336  53.306  25.127 0.0545454547
44198  -22.127  48.734  23.787 0.3636363745
44202  -23.521  45.132  29.828 0.2181818187
44203  -23.781  45.440  30.342 0.1818181872
44875  -11.190  61.719  17.614 0.0181818176
44877  -10.612  61.823  18.130 0.0181818176
44905  -21.964  59.067  12.271 0.0727272704
46675  -18.636  53.250  22.377 0.1090909094
46676  -18.192  53.702  21.909 0.0727272704
46677  -18.084  53.165  22.519 0.1272727251
46678  -17.506  53.000  22.695 0.1272727251
46679  -17.865  52.517  23.036 0.1454545408
46680  -20.778  49.702  26.527 0.2545454502
46681  -20.424  50.165  25.923 0.1818181872
46682  -20.342  49.586  26.794 0.2181818187
46683  -18.339  48.985  29.417 0.1090909094
46684  -18.084  49.102  28.385 0.1454545408
46685  -17.711  49.185  28.665 0.1272727251
46686  -17.107  49.445  27.987 0.1090909094
46687  -17.373  49.365  29.030 0.0727272704
46688  -17.046  49.590  29.402 0.0545454547
46713  -19.758  56.613  17.912 0.0545454547
48720  -14.537  56.206  18.976 0.0363636352
48721  -14.011  56.798  18.736 0.0363636352
48722  -14.038  56.467  19.538 0.0363636352
54472  -12.850  62.967  13.603 0.0181818176
54473  -12.364  63.149  14.028 0.0181818176
54475  -13.090  60.975  15.568 0.0545454547
54476  -12.744  61.740  15.479 0.0363636352
54477  -12.652  61.211  16.094 0.0363636352
54478  -12.194  61.413  16.589 0.0181818176
54479  -12.498  60.643  16.668 0.0363636352
56275  -20.773  54.028  22.127 0.1272727251
56276  -20.370  54.440  21.569 0.1090909094
56277  -20.256  53.824  22.172 0.1272727251
56278  -19.742  53.602  22.198 0.1090909094
56279  -20.051  53.228  22.723 0.1272727251
56284  -20.593  48.395  30.902 0.0909090936
56286  -19.553  48.766  30.661 0.0909090936
56306  -22.587  53.072  19.708 0.2181818187
56313  -21.829  55.828  20.242 0.1090909094
56314  -22.062  56.058  19.650 0.0727272704
58320  -14.843  55.294  22.119 0.0727272704
58321  -14.396  55.805  21.859 0.0545454547
58322  -14.330  55.463  22.606 0.0727272704
58323  -12.961  55.235  24.231 0.0727272704
58324  -13.281  55.767  23.632 0.0727272704
58325  -12.788  56.026  24.211 0.0727272704
58326  -12.598  56.713  24.178 0.0545454547
58327  -12.334  56.217  24.804 0.0545454547
63472  -22.819  51.602  23.111 0.2727272809
63473  -22.696  52.019  23.776 0.2181818187
63474  -22.606  51.220  23.785 0.2909090817
63476  -21.982  50.169  24.737 0.2545454502
63477  -21.786  49.642  25.417 0.2727272809
63478  -21.494  49.762  25.837 0.2545454502
63489  -22.760  47.649  29.657 0.1818181872
63490  -23.742  45.979  31.411 0.1272727251
63491  -23.419  46.707  31.141 0.1454545408
63513  -22.684  50.042  22.458 0.3090909123
63514  -22.722  50.138  21.824 0.3454545438
63515  -22.805  50.854  22.413 0.3272727132
63516  -22.892  51.658  22.399 0.2727272809
70897  -15.987  57.427  14.580 0.0545454547
70898  -15.472  57.580  14.983 0.0545454547
70899  -16.051  57.024  15.510 0.0363636352
70900  -16.702  55.876  17.613 0.0363636352
70901  -16.080  56.158  17.073 0.0363636352
70902  -16.128  55.840  17.807 0.0363636352
70903  -15.607  55.934  18.140 0.0181818176
70904  -16.168  55.537  18.566 0.0181818176
70905  -18.869  55.386  19.774 0.0909090936
70906  -18.329  55.540  19.212 0.0727272704
70907  -18.337  55.077  19.899 0.0727272704
70908  -17.212  54.397  20.925 0.0909090936
70909  -17.220  54.701  20.180 0.0727272704
70910  -16.672  54.644  20.412 0.0545454547
70911  -16.102  54.948  19.991 0.0545454547
70912  -16.211  54.708  20.757 0.0363636352
70913  -15.786  54.878  21.190 0.0545454547
70914  -16.302  54.526  21.596 0.0727272704
70915  -16.278  52.824  23.153 0.1454545408
70916  -15.958  53.465  22.905 0.1090909094
70917  -15.626  52.804  23.490 0.1090909094
70918  -14.963  52.811  23.844 0.0909090936
70919  -15.323  52.173  24.118 0.0909090936
70920  -21.845  52.176  24.199 0.2000000030
70921  -21.668  52.775  23.800 0.1636363566
70922  -21.339  52.095  24.237 0.1636363566
70923  -19.936  51.064  24.743 0.1454545408
70924  -20.276  51.754  24.195 0.1272727251
70925  -19.715  51.459  24.197 0.1454545408
70926  -19.440  51.886  23.668 0.1272727251
70927  -19.167  51.150  24.246 0.1454545408
70929  -19.506  49.411  27.246 0.1818181872
70931  -17.818  49.721  26.427 0.1272727251
70932  -18.265  49.836  26.165 0.1454545408
70933  -17.894  50.178  25.506 0.1454545408
70934  -18.121  50.746  24.590 0.1454545408
70935  -17.572  50.653  24.842 0.1454545408
70936  -17.255  51.182  24.297 0.1272727251
70937  -16.998  50.605  25.139 0.1454545408
70938  -16.006  50.262  26.719 0.0909090936
70939  -15.982  50.653  25.793 0.0909090936
70940  -15.498  50.718  26.145 0.0909090936
70941  -14.971  51.170  25.663 0.0909090936
70942  -15.052  50.839  26.541 0.0727272704
70943  -14.662  51.041  27.018 0.0545454547
70944  -15.213  50.596  27.519 0.0545454547
71021  -20.489  57.134  15.949 0.0909090936
71023  -20.818  57.327  15.284 0.0909090936
71030  -16.782  57.109  14.432 0.0545454547
71031  -16.236  57.688  13.885 0.0545454547
77040  -14.473  57.823  16.064 0.0363636352
77041  -14.045  58.529  15.843 0.0545454547
77042  -14.007  57.998  16.534 0.0363636352
77043  -13.041  58.120  18.330 0.0363636352
77044  -13.058  58.551  17.589 0.0363636352
77045  -12.587  58.819  18.165 0.0363636352
77046  -12.209  59.571  18.023 0.0363636352
77047  -12.189  59.093  18.767 0.0363636352
77048  -13.413  56.854  21.533 0.0363636352
77049  -13.284  57.128  20.764 0.0363636352
77050  -12.916  57.449  21.384 0.0545454547
77051  -11.663  58.979  21.614 0.0181818176
77052  -11.976  58.748  21.012 0.0363636352
77053  -11.526  59.339  20.800 0.0363636352
77054  -11.410  59.700  19.948 0.0363636352
77055  -11.007  59.972  20.557 0.0181818176
77056  -10.497  60.514  20.324 0.0181818176
77063  -12.689  53.503  27.098 0.0363636352
92588  -13.199  61.859  14.308 0.0363636352
92589  -13.545  61.124  14.354 0.0363636352
92590  -13.498  60.665  15.011 0.0545454547
92591  -13.378  60.181  15.649 0.0545454547
93667  -21.608  55.464  20.816 0.1272727251
93669  -21.483  54.805  21.478 0.1272727251
93670  -21.335  54.191  22.098 0.1272727251
93671  -21.127  53.630  22.705 0.1272727251
93686  -22.762  51.712  20.975 0.2909090817
93687  -22.629  51.777  20.194 0.3090909123
93688  -22.710  52.440  20.834 0.2545454502
93689  -22.675  53.120  20.577 0.2000000030
93690  -22.575  53.849  20.163 0.2000000030
93691  -22.519  54.571  19.744 0.1272727251
93692  -22.526  54.585  20.427 0.1454545408
93693  -22.221  55.195  20.725 0.1454545408
94896  -14.381  54.207  23.409 0.0727272704
94897  -14.108  54.906  23.262 0.0727272704
94898  -13.765  54.276  23.840 0.0727272704
94899  -13.171  54.477  24.273 0.0727272704
94900  -12.702  54.734  24.855 0.0727272704
97987  -22.518  49.958  23.098 0.3636363745
97988  -22.435  50.357  23.681 0.3272727132
97989  -22.282  49.530  23.702 0.3636363745
97996  -23.199  46.791  29.454 0.2545454502
97997  -23.204  46.975  29.942 0.2000000030
97998  -23.529  46.239  30.181 0.1636363566
97999  -23.853  45.722  30.922 0.1454545408
98013  -22.475  49.238  22.534 0.3818181753
102443  -16.661  56.532  16.069 0.0363636352
102445  -17.292  55.948  17.454 0.0363636352
102446  -17.287  55.718  18.169 0.0363636352
102447  -18.808  54.282  21.132 0.0727272704
102448  -18.291  54.592  20.611 0.0727272704
102449  -18.249  54.151  21.244 0.0727272704
102450  -17.686  54.151  21.403 0.0727272704
102451  -17.227  54.052  21.707 0.0909090936
102452  -16.737  54.055  21.999 0.0909090936
102453  -17.156  53.495  22.377 0.1090909094
102454  -16.907  52.892  22.898 0.1454545408
102455  -16.606  52.257  23.502 0.1272727251
102456  -21.144  50.953  25.019 0.2181818187
102457  -20.991  51.449  24.614 0.1818181872
102458  -20.660  50.793  25.199 0.2000000030
102459  -20.134  50.624  25.304 0.1454545408
102460  -19.622  50.399  25.416 0.1636363566
102461  -18.964  48.840  28.868 0.1454545408
102462  -18.786  49.113  27.855 0.1272727251
102463  -18.440  49.060  28.105 0.1454545408
102464  -17.907  49.357  27.366 0.1454545408
102465  -17.386  49.676  26.669 0.1090909094
102466  -16.901  50.110  26.032 0.1454545408
102467  -16.948  49.629  27.025 0.1272727251
102468  -16.514  49.786  27.339 0.1090909094
102469  -16.149  49.979  27.717 0.0727272704
102470  -15.805  50.194  28.107 0.0727272704
102471  -16.406  49.806  28.721 0.0545454547
102515  -21.327  56.869  17.992 0.0727272704
102516  -21.610  57.020  17.359 0.0909090936
102518  -20.210  56.943  16.641 0.0727272704
102519  -19.667  56.854  15.890 0.0727272704
106128  -14.539  56.926  17.486 0.0363636352
106129  -13.991  57.544  17.235 0.0363636352
106130  -14.021  57.164  17.972 0.0363636352
106131  -13.519  57.441  18.507 0.0363636352
106132  -13.061  57.756  19.092 0.0363636352
106133  -12.710  57.424  22.803 0.0363636352
106134  -12.552  57.761  22.029 0.0363636352
106135  -12.206  58.041  22.672 0.0363636352
116202  -12.785  62.175  14.840 0.0181818176
116203  -12.298  62.409  15.381 0.0363636352
116204  -11.784  62.581  15.886 0.0181818176
116205  -11.781  62.114  16.477 0.0363636352
116206  -11.734  61.597  17.094 0.0181818176
116207  -11.577  61.019  17.742 0.0181818176
116240  -20.692  58.435  12.731 0.0909090936
116241  -21.130  58.989  12.273 0.0545454547
116243  -19.801  59.455  11.855 0.0363636352
118718  -18.913  56.163  18.462 0.0545454547
118720  -19.445  55.748  19.753 0.0909090936
118721  -19.421  55.130  20.408 0.0909090936
118722  -20.464  55.077  20.960 0.0727272704
118723  -19.910  54.827  21.008 0.0909090936
118724  -19.367  54.518  21.040 0.0727272704
118725  -19.288  53.941  21.660 0.0909090936
118726  -19.205  53.406  22.267 0.1090909094
118727  -18.965  52.849  22.827 0.1090909094
118736  -19.227  48.741  29.803 0.1272727251
118737  -18.927  48.889  30.046 0.0909090936
118738  -18.652  49.074  30.356 0.0727272704
118774  -22.296  55.963  18.208 0.1090909094
118775  -22.411  55.303  19.341 0.1090909094
118776  -22.165  55.989  18.917 0.0909090936
118777  -21.841  56.597  18.531 0.0909090936
118778  -21.127  56.761  18.626 0.0727272704
121584  -14.692  55.618  20.521 0.0545454547
121585  -14.149  56.197  20.334 0.0363636352
121586  -14.247  56.021  21.085 0.0545454547
121587  -13.889  56.312  21.683 0.0545454547
121588  -13.524  56.586  22.285 0.0545454547
121589  -13.820  55.605  23.118 0.0727272704
121590  -13.545  56.300  22.996 0.0545454547
121591  -13.140  56.858  22.900 0.0363636352
121592  -12.739  57.116  23.523 0.0363636352
121593  -12.305  57.349  24.094 0.0545454547
128782  -22.785  53.131  22.736 0.2363636345
128783  -22.428  53.422  23.130 0.2000000030
128784  -22.614  52.710  23.565 0.2000000030
128785  -22.309  52.162  24.105 0.2000000030
128786  -21.946  51.570  24.501 0.2181818187
128787  -22.290  50.738  24.188 0.2727272809
128788  -21.956  50.894  24.626 0.2545454502
128789  -21.576  50.976  24.865 0.2363636345
128790  -21.301  50.376  25.416 0.2363636345
128791  -21.150  49.776  26.213 0.2727272809
128805  -23.121  47.179  30.396 0.1454545408
128806  -22.923  47.381  30.806 0.1636363566
128833  -22.663  50.363  20.495 0.3636363745
128834  -22.589  49.461  21.314 0.4363636374
128835  -22.712  50.262  21.194 0.3636363745
128836  -22.781  50.995  21.087 0.3454545438
128837  -22.869  51.699  21.727 0.2727272809
128838  -22.893  52.452  22.321 0.2545454502
131376  -13.715  52.249  26.216 0.0727272704
131377  -13.312  52.922  25.942 0.0545454547
131378  -13.373  52.583  26.761 0.0545454547
131379  -13.085  52.851  27.322 0.0545454547
138172  -15.026  58.704  13.891 0.0545454547
138173  -14.557  58.874  14.495 0.0545454547
138174  -14.976  58.195  14.646 0.0545454547
138175  -14.971  57.709  15.502 0.0363636352
138176  -15.003  57.226  16.352 0.0363636352
138177  -16.094  56.589  16.357 0.0363636352
138178  -15.538  56.661  16.671 0.0363636352
138179  -15.034  56.764  17.033 0.0363636352
138180  -15.060  56.398  17.778 0.0363636352
138181  -15.049  56.030  18.505 0.0181818176
138182  -15.045  55.720  19.243 0.0363636352
138183  -18.330  55.899  18.534 0.0545454547
138184  -17.816  55.656  18.691 0.0545454547
138185  -17.283  55.430  18.852 0.0545454547
138186  -17.784  54.847  20.042 0.0727272704
138187  -17.249  55.062  19.497 0.0727272704
138188  -16.716  55.273  19.022 0.0545454547
138189  -16.126  55.198  19.262 0.0545454547
138190  -15.584  55.301  19.625 0.0363636352
138191  -15.108  55.438  20.058 0.0363636352
138192  -15.256  55.256  20.857 0.0545454547
138193  -15.350  55.104  21.681 0.0545454547
138194  -15.274  54.806  22.419 0.0909090936
138195  -16.201  54.104  22.295 0.0727272704
138196  -15.625  54.095  22.646 0.0909090936
138197  -14.990  54.172  23.012 0.0909090936
138198  -14.642  53.499  23.605 0.0727272704
138199  -14.344  52.888  24.223 0.0727272704
138200  -14.152  52.396  24.855 0.0727272704
138201  -21.960  53.349  23.263 0.1454545408
138202  -21.429  53.204  23.290 0.1272727251
138203  -20.884  52.995  23.296 0.1454545408
138204  -20.819  51.909  24.263 0.1636363566
138205  -20.591  52.385  23.755 0.1454545408
138206  -20.338  52.861  23.246 0.1454545408
138207  -19.754  52.603  23.228 0.1272727251
138208  -19.202  52.359  23.259 0.1272727251
138209  -18.680  52.143  23.335 0.1454545408
138210  -19.919  49.476  27.040 0.2000000030
138211  -19.496  49.849  26.341 0.1636363566
138212  -19.144  50.183  25.608 0.1636363566
138213  -18.637  49.513  26.810 0.1454545408
138214  -18.718  50.040  25.869 0.1454545408
138215  -18.896  50.558  24.983 0.1636363566
138216  -18.618  50.932  24.338 0.1454545408
138218  -18.107  51.992  23.431 0.1272727251
138219  -17.546  51.847  23.626 0.1272727251
138220  -16.938  51.727  23.892 0.1272727251
138221  -16.278  51.655  24.202 0.1272727251
138222  -16.455  50.613  25.456 0.1272727251
138223  -16.023  51.095  24.958 0.1090909094
138224  -15.698  51.611  24.495 0.0909090936
138225  -15.081  51.622  24.861 0.0727272704
138226  -14.536  51.736  25.238 0.0909090936
138227  -14.093  51.932  25.640 0.0909090936
138228  -14.161  51.605  26.564 0.0545454547
138336  -15.722  58.320  13.443 0.0545454547
145665  -14.114  59.097  15.126 0.0545454547
145666  -13.684  59.359  15.729 0.0545454547
145667  -13.257  59.585  16.272 0.0363636352
145668  -13.526  58.263  17.045 0.0363636352
145669  -13.091  58.999  16.880 0.0363636352
145670  -12.800  59.837  16.787 0.0363636352
145671  -12.342  60.100  17.313 0.0363636352
145672  -11.851  60.301  17.882 0.0363636352
145673  -11.381  60.504  18.426 0.0363636352
145674  -13.655  56.803  20.136 0.0181818176
145675  -13.153  57.451  19.939 0.0363636352
145676  -12.695  58.114  19.766 0.0363636352
145677  -12.416  58.116  21.208 0.0363636352
145678  -12.336  58.447  20.400 0.0363636352
145679  -12.257  58.790  19.565 0.0363636352
145680  -11.797  59.397  19.350 0.0363636352
145681  -11.344  60.060  19.146 0.0363636352
145683  -10.416  60.898  19.587 0.0181818176
145692  -12.926  53.609  25.699 0.0545454547
145693  -12.565  54.290  25.515 0.0545454547
145694  -12.293  54.989  25.458 0.0545454547
145697  -12.044  55.704  25.433 0.0363636352
145698  -11.909  56.428  25.404 0.0545454547
3  -22.079  41.541  24.060 0.6545454264
175  -26.310  45.020  16.421 0.4181818068
177  -29.409  34.648  23.044 0.5636363626
652  -22.185  47.583  23.372 0.4545454681
654  -23.670  44.339  29.938 0.2181818187
655  -23.335  42.604  18.966 0.6909090877
657  -24.118  36.325  21.855 0.7090908885
658  -27.032  39.013  18.157 0.6909090877
1471  -34.421  36.686  26.698 0.2181818187
1473  -32.301  38.889  20.978 0.4363636374
2038  -30.475  32.441  28.214 0.2545454502
2039  -25.554  32.758  26.356 0.4181818068
2572  -22.178  44.582  23.789 0.5636363626
2573  -22.273  46.117  26.526 0.4181818068
2574  -22.288  43.029  27.096 0.4727272689
2575  -22.785  42.041  21.380 0.6909090877
2576  -22.544  44.986  21.247 0.6000000238
2577  -22.585  38.690  22.724 0.6909090877
2578  -23.593  39.449  20.143 0.7818182111
3407  -25.841  46.987  15.312 0.4181818068
3409  -23.108  51.185  17.641 0.2909090817
3412  -32.117  35.518  24.621 0.3272727132
3413  -33.013  37.512  23.951 0.3818181753
3414  -30.623  36.768  22.042 0.6000000238
3415  -26.383  41.971  17.084 0.5636363626
3416  -28.856  41.136  17.472 0.5636363626
3417  -28.126  44.232  17.145 0.2909090817
4478  -24.083  34.949  26.685 0.4363636374
5788  -24.346  46.629  17.151 0.4181818068
5789  -22.835  45.573  18.955 0.5454545617
5790  -22.333  48.009  20.932 0.4727272689
5791  -26.572  34.882  21.961 0.6727272868
5792  -27.958  36.591  20.380 0.7272727489
5793  -25.394  37.586  19.715 0.7636363506
5794  -24.600  40.403  17.890 0.7272727489
7268  -24.609  49.207  16.610 0.3272727132
7278  -29.512  38.643  19.262 0.6727272868
7279  -31.287  40.926  18.500 0.5090909004
8687  -32.407  34.371  27.123 0.2363636345
8688  -30.035  33.285  25.566 0.4000000060
8689  -28.578  31.893  30.143 0.2545454502
8690  -27.986  31.931  27.042 0.3090909123
8691  -27.129  33.052  24.172 0.5272727013
8692  -24.601  34.144  23.820 0.5636363626
8693  -23.002  36.471  24.558 0.5454545617
8694  -22.447  39.318  26.081 0.4909090996
8941  -23.553  40.789  28.860 0.3454545438
10252  -22.189  43.078  23.919 0.6000000238
10253  -22.011  43.807  25.352 0.5272727013
10254  -21.993  42.335  25.598 0.5818181634
10255  -22.464  41.787  22.625 0.6909090877
10256  -22.478  43.246  22.528 0.5636363626
10257  -22.181  40.063  23.374 0.6545454264
10258  -22.652  40.395  21.997 0.7272727489
11085  -27.176  45.520  15.796 0.3818181753
11087  -26.080  46.082  15.831 0.4000000060
11092  -30.844  35.005  23.774 0.4909090996
11093  -31.327  36.040  23.412 0.5454545617
11095  -26.287  43.419  16.834 0.4181818068
11097  -27.206  44.483  16.713 0.4363636374
11098  -28.088  45.358  16.351 0.3272727132
13485  -23.633  43.134  17.944 0.5818181634
13486  -23.484  44.600  17.965 0.5090909004
13487  -23.126  44.146  19.047 0.6181818247
13488  -22.358  46.254  22.401 0.5272727013
13489  -22.295  46.436  21.173 0.5636363626
13490  -22.275  47.809  22.137 0.5090909004
13492  -25.213  35.435  21.753 0.7090908885
13493  -25.827  36.157  20.806 0.7454545498
13494  -24.723  36.926  20.779 0.8000000119
13496  -24.085  39.880  18.861 0.7272727489
13497  -23.847  41.480  18.299 0.7090908885
13498  -24.388  42.068  17.485 0.5818181634
15983  -23.571  47.582  17.836 0.3818181753
15984  -24.642  48.064  16.947 0.3818181753
15985  -23.773  48.970  17.463 0.3454545438
16000  -32.500  38.097  22.542 0.4000000060
16001  -33.698  38.540  23.503 0.3636363745
16002  -33.505  39.199  22.010 0.4181818068
16004  -33.260  40.000  20.527 0.4181818068
16006  -28.798  37.530  19.756 0.6909090877
16007  -28.293  38.686  18.600 0.6545454264
16008  -29.697  42.315  17.503 0.4545454681
16009  -30.121  40.959  17.942 0.5272727013
16010  -30.920  42.232  17.898 0.4363636374
16011  -32.183  42.209  18.445 0.4000000060
19177  -31.392  33.271  27.577 0.2909090817
19178  -31.265  33.811  26.280 0.3272727132
19179  -30.353  32.807  26.905 0.3636363745
19183  -26.014  32.441  27.769 0.3454545438
19184  -27.142  31.931  28.103 0.2909090817
19185  -26.693  32.218  26.585 0.3454545438
19186  -27.593  32.452  25.577 0.4181818068
19187  -26.182  32.732  25.165 0.4909090996
19188  -25.772  33.424  23.907 0.5454545617
19190  -23.820  36.328  27.190 0.3818181753
19191  -23.542  35.601  25.564 0.5272727013
19192  -23.238  37.013  26.195 0.4181818068
19193  -22.634  37.929  25.268 0.5272727013
19194  -23.157  38.337  26.937 0.4000000060
19801  -22.831  40.010  27.490 0.4181818068
19802  -23.715  39.176  28.341 0.3454545438
23062  -22.143  46.113  23.584 0.4909090996
23063  -22.009  46.898  24.809 0.3818181753
23066  -22.857  43.705  28.564 0.3454545438
23068  -22.923  43.775  20.115 0.6363636255
23069  -22.775  43.497  21.293 0.6363636255
23070  -22.398  44.761  22.520 0.5818181634
23071  -23.166  37.377  22.186 0.7454545498
23072  -23.780  37.835  20.924 0.7818182111
23073  -23.106  39.024  21.415 0.7272727489
23074  -23.113  40.719  20.733 0.7272727489
24574  -33.312  36.123  25.636 0.2363636345
24575  -33.847  37.062  25.321 0.2363636345
24576  -32.612  36.484  24.331 0.4181818068
24577  -31.798  37.092  23.112 0.4545454681
24578  -31.379  37.798  21.419 0.5272727013
24579  -26.618  40.530  17.464 0.6181818247
24580  -27.935  40.052  17.756 0.6000000238
24581  -27.606  41.424  17.210 0.5636363626
24582  -28.415  42.513  17.229 0.4363636374
24583  -29.221  43.952  17.515 0.3272727132
24584  -29.968  45.393  17.776 0.2909090817
26489  -25.127  33.263  27.606 0.3272727132
26490  -24.614  33.757  26.386 0.4363636374
26491  -24.569  34.453  27.820 0.3454545438
26492  -24.358  35.702  28.305 0.3090909123
26493  -24.365  37.033  28.907 0.2909090817
26857  -24.515  38.577  29.364 0.2545454502
28864  -25.213  45.706  16.581 0.4363636374
28865  -24.160  45.141  17.175 0.5454545617
28866  -23.407  46.107  17.943 0.5090909004
28867  -22.809  47.113  18.785 0.4909090996
28868  -22.533  45.284  20.090 0.6363636255
28869  -22.363  46.769  19.946 0.4909090996
28870  -22.482  48.334  19.672 0.4363636374
28873  -27.939  34.584  22.418 0.6181818247
28874  -28.565  35.507  21.650 0.6909090877
28875  -27.167  35.723  21.136 0.7272727489
28879  -24.958  38.906  18.670 0.7818182111
28880  -25.717  39.610  17.863 0.6909090877
28881  -25.357  41.165  17.320 0.6545454264
28882  -25.259  42.692  17.051 0.5636363626
32342  -25.387  46.957  16.345 0.4363636374
32343  -25.369  48.105  16.013 0.3454545438
32345  -23.665  50.073  16.977 0.3090909123
32364  -34.244  38.072  24.982 0.2363636345
32370  -29.336  36.574  21.092 0.6363636255
32371  -30.227  37.566  20.489 0.6000000238
32372  -30.953  38.685  19.929 0.5636363626
32373  -29.129  39.837  18.230 0.6000000238
32374  -30.342  39.803  18.761 0.5636363626
32375  -31.749  39.819  19.541 0.5090909004
32376  -32.614  41.052  19.336 0.4727272689
36315  -33.417  35.626  26.837 0.2181818187
36316  -32.313  35.015  25.802 0.2909090817
36317  -31.133  34.384  24.972 0.3818181753
36318  -29.736  33.895  24.226 0.4727272689
36321  -29.510  31.996  29.016 0.2545454502
36323  -28.315  31.777  28.589 0.2909090817
36324  -29.328  32.104  27.534 0.2909090817
36325  -28.994  32.499  26.143 0.3636363745
36326  -28.662  33.008  24.783 0.4727272689
36327  -28.302  33.699  23.528 0.5636363626
36328  -26.849  33.901  23.076 0.5818181634
36329  -25.493  34.365  22.767 0.6727272868
36330  -24.292  35.123  22.781 0.6545454264
36331  -24.115  34.327  25.188 0.5090909004
36332  -23.643  35.164  24.017 0.5818181634
36333  -23.312  36.206  23.067 0.6545454264
36334  -22.645  37.510  23.579 0.6181818247
36335  -22.195  38.953  24.365 0.6363636255
36336  -22.005  40.400  25.126 0.5636363626
37069  -22.232  41.114  26.592 0.4727272689
37070  -22.734  41.787  28.047 0.3454545438
37071  -23.660  42.506  29.358 0.2545454502
40972  -22.159  42.347  23.976 0.6181818247
40973  -22.044  42.716  24.754 0.6000000238
40974  -21.989  41.943  24.835 0.5818181634
40975  -22.287  41.672  23.320 0.6545454264
40976  -22.331  42.429  23.245 0.6545454264
40977  -22.081  40.785  23.640 0.6545454264
40978  -22.309  40.926  22.975 0.6727272868
41805  -26.826  45.351  16.236 0.4000000060
41806  -26.574  45.745  15.758 0.4181818068
41807  -26.148  45.599  16.096 0.4181818068
41812  -30.144  34.797  23.406 0.5272727013
41813  -30.418  35.341  23.125 0.5454545617
41814  -29.685  35.178  22.696 0.5818181634
41815  -26.291  44.270  16.698 0.4181818068
41816  -26.760  43.947  16.773 0.4000000060
41817  -26.785  44.710  16.565 0.3818181753
41818  -27.254  45.119  16.365 0.4000000060
44197  -22.206  48.345  23.233 0.4181818068
44199  -22.053  47.968  23.897 0.3818181753
44205  -23.472  42.861  18.450 0.6363636255
44206  -23.318  43.581  18.478 0.6000000238
44207  -23.225  43.391  19.009 0.6363636255
44208  -22.249  46.933  22.888 0.4727272689
44209  -22.291  47.031  22.280 0.5636363626
44210  -22.269  47.682  22.762 0.4545454681
44211  -22.313  48.447  22.624 0.4727272689
44212  -24.618  35.854  21.795 0.7272727489
44213  -24.966  36.176  21.291 0.7454545498
44214  -24.395  36.603  21.352 0.7818182111
44217  -23.570  42.024  18.605 0.6727272868
44218  -23.736  42.305  18.113 0.6363636255
46703  -23.256  48.124  18.133 0.4000000060
46704  -23.738  48.318  17.684 0.3454545438
46705  -23.361  48.803  17.948 0.3454545438
46719  -34.647  37.114  26.531 0.2000000030
46720  -32.435  38.464  21.741 0.4727272689
46721  -32.971  38.650  22.295 0.4181818068
46722  -32.917  39.041  21.482 0.4545454681
46723  -33.421  39.595  21.239 0.4545454681
46724  -32.765  39.439  20.713 0.4545454681
46725  -27.221  38.371  18.610 0.7272727489
46726  -27.899  38.191  18.852 0.6909090877
46727  -27.693  38.802  18.318 0.6909090877
46728  -30.088  43.059  17.687 0.4181818068
46729  -30.318  42.265  17.706 0.4545454681
46730  -30.678  43.000  17.824 0.4363636374
46731  -31.312  42.937  17.957 0.3818181753
46732  -31.106  43.771  18.007 0.3636363745
49895  -30.975  32.602  28.551 0.2363636345
49897  -30.953  32.828  27.892 0.2727272809
49898  -30.867  33.026  27.249 0.2909090817
49899  -30.434  32.598  27.534 0.3090909123
49903  -25.763  32.591  27.049 0.3636363745
49904  -26.332  32.256  27.161 0.3272727132
49905  -26.088  32.456  26.444 0.3818181753
49906  -26.433  32.461  25.863 0.3818181753
49907  -25.821  32.708  25.731 0.4363636374
49908  -25.546  33.012  25.034 0.5272727013
49911  -23.542  36.614  26.683 0.4181818068
49912  -23.560  37.297  27.019 0.4181818068
49913  -23.196  37.675  26.571 0.4181818068
49914  -23.574  37.958  27.394 0.4181818068
50522  -23.857  38.390  28.076 0.3454545438
53797  -22.140  45.374  23.684 0.4909090996
53800  -22.080  43.455  26.228 0.4909090996
53802  -22.210  43.807  27.027 0.4181818068
53803  -22.478  44.167  27.767 0.3636363745
53804  -22.536  43.378  27.861 0.4181818068
53805  -23.010  42.154  20.747 0.7090908885
53806  -22.964  42.888  20.727 0.7090908885
53807  -22.806  42.779  21.357 0.6545454264
53808  -22.304  43.884  23.165 0.5454545617
53809  -22.421  43.978  22.525 0.5818181634
53810  -22.251  44.659  23.156 0.5636363626
53811  -22.246  45.422  23.072 0.5636363626
53812  -22.850  38.008  22.427 0.7090908885
53813  -23.116  38.197  21.810 0.7272727489
53814  -22.828  38.839  22.072 0.7454545498
53815  -22.702  41.237  21.639 0.7272727489
53816  -22.881  40.564  21.330 0.7272727489
53817  -22.921  41.388  20.978 0.7272727489
53818  -23.168  41.487  20.401 0.7090908885
56298  -26.145  46.486  15.006 0.3818181753
56302  -25.588  47.351  15.070 0.4181818068
56317  -32.725  35.815  25.099 0.2909090817
56318  -33.051  36.253  24.918 0.3090909123
56319  -32.405  35.988  24.448 0.4000000060
56320  -30.890  36.362  22.778 0.5636363626
56321  -31.529  36.559  23.280 0.5272727013
56322  -31.186  36.910  22.571 0.5454545617
56323  -31.523  37.444  22.296 0.4727272689
56324  -30.985  37.317  21.753 0.5636363626
56325  -26.483  41.247  17.248 0.5818181634
56326  -27.107  40.982  17.335 0.6181818247
56327  -26.992  41.676  17.150 0.5818181634
56330  -28.242  43.348  17.186 0.3272727132
56331  -28.843  43.211  17.349 0.3454545438
56332  -28.637  44.113  17.332 0.2727272809
56333  -29.015  44.827  17.454 0.2545454502
56334  -28.538  44.886  17.162 0.2909090817
56336  -28.473  45.544  16.041 0.3090909123
59507  -25.088  33.644  28.315 0.3090909123
59508  -24.797  33.826  27.678 0.3636363745
59509  -24.819  34.234  28.408 0.3090909123
59511  -24.590  35.496  28.805 0.2909090817
59513  -24.326  36.368  28.534 0.3090909123
60121  -24.628  37.513  29.661 0.2545454502
63480  -22.082  46.512  25.650 0.4181818068
63481  -22.063  47.289  25.433 0.3818181753
63498  -23.180  45.046  18.568 0.5454545617
63499  -23.445  45.331  17.975 0.5272727013
63500  -23.100  45.815  18.452 0.5090909004
63501  -23.064  46.551  18.346 0.4909090996
63502  -22.788  46.329  18.862 0.5272727013
63503  -22.722  44.361  20.662 0.6545454264
63504  -22.733  44.508  20.087 0.6545454264
63505  -22.546  45.120  20.651 0.6363636255
63506  -22.274  47.218  21.100 0.5090909004
63507  -22.276  46.613  20.534 0.5454545617
63508  -22.279  47.399  20.456 0.4545454681
63509  -22.390  47.567  19.816 0.4727272689
63510  -22.353  48.175  20.325 0.4727272689
63512  -22.454  48.798  20.791 0.4181818068
63517  -27.248  34.702  22.195 0.6727272868
63518  -27.542  35.139  21.776 0.6909090877
63519  -26.881  35.283  21.558 0.7090908885
63520  -25.585  36.862  20.260 0.7818182111
63521  -26.202  36.513  20.350 0.7636363506
63522  -25.970  37.178  19.789 0.7636363506
63524  -25.739  37.878  19.224 0.7636363506
63525  -23.662  38.643  20.529 0.7818182111
63527  -23.911  38.901  19.869 0.7636363506
63528  -24.336  40.137  18.360 0.7272727489
63529  -24.491  39.332  18.733 0.7454545498
63530  -24.791  39.632  18.234 0.7090908885
63531  -25.278  39.228  18.154 0.7454545498
63532  -25.130  39.980  17.834 0.6909090877
63533  -25.523  40.380  17.544 0.6727272868
63534  -24.971  40.771  17.583 0.6363636255
63536  -24.777  42.364  17.201 0.6000000238
63538  -25.272  43.517  16.966 0.4909090996
70988  -24.769  46.158  16.820 0.4363636374
70989  -25.346  46.395  16.495 0.4545454681
70990  -24.944  46.849  16.843 0.4363636374
70991  -24.731  48.707  16.822 0.3636363745
70992  -25.131  48.164  16.503 0.3636363745
70993  -25.079  48.750  16.344 0.3454545438
70998  -23.354  50.613  17.276 0.3090909123
71040  -33.447  37.275  24.661 0.3636363745
71041  -34.027  37.547  25.186 0.2727272809
71042  -33.667  37.783  24.406 0.3454545438
71043  -34.166  39.044  23.306 0.3636363745
71055  -28.229  36.053  21.009 0.7090908885
71056  -28.927  36.050  21.373 0.6909090877
71057  -28.596  36.569  20.673 0.7090908885
71058  -29.192  38.082  19.495 0.6727272868
71059  -29.537  37.523  20.122 0.6363636255
71060  -29.883  38.095  19.812 0.6545454264
71061  -30.579  38.128  20.166 0.6000000238
71062  -30.240  38.674  19.550 0.6545454264
71063  -28.386  40.609  17.563 0.5818181634
71064  -28.545  39.904  17.968 0.5818181634
71065  -29.013  40.465  17.760 0.5818181634
71066  -30.694  40.926  18.180 0.5090909004
71067  -30.215  40.374  18.326 0.5818181634
71068  -30.809  40.356  18.605 0.5272727013
71069  -31.027  39.808  19.146 0.5636363626
71070  -31.451  40.399  18.995 0.5454545617
71071  -32.196  40.427  19.364 0.4727272689
71072  -31.935  40.989  18.905 0.4909090996
71085  -29.850  45.866  17.391 0.2545454502
80567  -32.945  35.043  26.985 0.2363636345
80568  -32.859  35.319  26.311 0.2727272809
80569  -32.355  34.689  26.470 0.2545454502
80570  -30.672  33.527  25.924 0.3272727132
80571  -31.216  34.106  25.629 0.3454545438
80572  -30.603  33.821  25.261 0.3818181753
80573  -30.455  34.114  24.587 0.4000000060
80574  -29.923  33.579  24.888 0.4000000060
80582  -29.017  31.835  29.577 0.2545454502
80586  -27.543  31.883  27.545 0.3090909123
80587  -27.709  31.807  28.319 0.2909090817
80588  -28.173  31.816  27.819 0.2909090817
80589  -28.807  31.896  28.003 0.2727272809
80590  -28.664  31.976  27.249 0.3090909123
80591  -29.176  32.277  26.833 0.3090909123
80592  -28.471  32.203  26.528 0.3454545438
80593  -27.391  32.732  24.854 0.4909090996
80594  -28.138  32.703  25.131 0.4363636374
80595  -27.914  32.987  24.444 0.5090909004
80596  -28.478  33.323  24.133 0.4909090996
80597  -27.735  33.357  23.845 0.5636363626
80598  -27.576  33.769  23.294 0.6000000238
80599  -27.017  33.464  23.624 0.5636363626
80600  -25.177  33.749  23.845 0.5454545617
80601  -25.636  33.861  23.326 0.5818181634
80602  -25.014  34.192  23.265 0.5818181634
80603  -24.868  34.684  22.727 0.6727272868
80604  -24.442  34.604  23.281 0.6000000238
80605  -24.305  34.333  26.497 0.4181818068
80607  -24.049  34.628  25.928 0.4727272689
80608  -23.250  36.013  25.047 0.5090909004
80609  -23.532  35.355  24.793 0.5272727013
80610  -23.295  35.812  24.260 0.5454545617
80611  -23.440  35.658  23.498 0.6181818247
80612  -23.080  36.287  23.760 0.6000000238
80613  -22.924  36.820  23.272 0.6363636255
80614  -22.797  36.967  24.073 0.6000000238
80615  -22.539  38.642  25.704 0.5272727013
80616  -22.373  38.432  24.822 0.5636363626
80617  -22.227  39.110  25.236 0.6000000238
80618  -22.061  39.677  24.745 0.6000000238
80619  -22.153  39.799  25.605 0.4909090996
82441  -22.093  40.749  25.844 0.4727272689
82442  -22.279  40.173  26.302 0.4727272689
82443  -23.151  40.405  28.184 0.4000000060
82444  -22.745  40.886  27.746 0.4000000060
82445  -23.115  41.256  28.422 0.3272727132
82446  -23.178  42.149  28.720 0.3454545438
82447  -23.591  41.590  29.075 0.2909090817
92182  -22.206  43.793  23.832 0.5818181634
92183  -22.107  44.205  24.543 0.5454545617
92184  -22.073  43.448  24.651 0.5818181634
92185  -22.022  43.088  25.479 0.5454545617
92186  -22.112  42.689  26.306 0.5090909004
92187  -22.598  41.898  21.981 0.6727272868
92188  -22.651  42.647  21.937 0.6181818247
92189  -22.517  42.550  22.516 0.6545454264
92190  -22.334  43.129  23.162 0.6000000238
92191  -22.364  39.377  23.047 0.7090908885
92192  -22.589  39.538  22.379 0.7090908885
92193  -22.407  40.220  22.676 0.6909090877
92194  -22.497  41.060  22.279 0.6909090877
93683  -26.898  45.781  15.313 0.3636363745
93684  -26.342  46.124  15.345 0.3636363745
93685  -26.013  46.570  15.586 0.3636363745
93694  -31.482  35.236  24.205 0.4363636374
93695  -31.729  35.746  24.003 0.4727272689
93696  -31.078  35.525  23.563 0.5272727013
93697  -30.663  35.865  22.929 0.5272727013
93698  -30.307  36.188  22.242 0.6363636255
93699  -26.328  42.702  16.943 0.5090909004
93700  -26.903  42.382  17.008 0.5090909004
93703  -27.654  44.363  16.953 0.3818181753
93704  -28.095  44.909  16.871 0.3636363745
93705  -27.667  44.969  16.564 0.4000000060
93706  -27.626  45.371  15.974 0.3454545438
98003  -23.555  43.864  17.975 0.5818181634
98004  -23.270  44.337  18.517 0.5636363626
98005  -22.973  44.848  19.039 0.5636363626
98006  -22.446  45.604  21.848 0.5636363626
98007  -22.400  45.726  21.206 0.6000000238
98008  -22.378  46.320  21.817 0.5636363626
98009  -22.266  47.092  21.700 0.5454545617
98010  -22.314  47.872  21.529 0.5090909004
98011  -22.436  48.617  21.404 0.4545454681
98012  -22.398  48.539  22.032 0.4545454681
98014  -25.858  35.130  21.787 0.6909090877
98015  -26.157  35.511  21.368 0.7090908885
98016  -25.534  35.816  21.284 0.7090908885
98017  -25.265  36.535  20.752 0.7818182111
98018  -25.040  37.268  20.228 0.7818182111
98019  -23.542  40.232  19.771 0.7272727489
98020  -23.836  39.673  19.497 0.7272727489
98023  -24.174  40.969  18.052 0.7272727489
98024  -24.481  41.234  17.686 0.6363636255
98025  -24.063  41.745  17.847 0.6000000238
98026  -23.980  42.607  17.676 0.6000000238
102497  -23.898  47.135  17.411 0.4181818068
102498  -24.500  47.355  17.115 0.4000000060
102499  -24.095  47.854  17.377 0.3454545438
102500  -24.229  48.519  17.270 0.3818181753
102501  -24.236  49.144  17.070 0.3454545438
102503  -23.330  51.223  17.110 0.3090909123
102528  -32.685  37.761  23.296 0.4000000060
102529  -33.346  38.022  23.695 0.3818181753
102530  -33.098  38.296  23.036 0.3636363745
102531  -33.596  38.821  22.789 0.4000000060
102532  -34.072  39.354  22.556 0.3818181753
102538  -28.365  37.049  20.042 0.6909090877
102539  -28.111  37.606  19.460 0.6727272868
102540  -28.532  38.091  19.199 0.6727272868
102541  -28.884  38.632  18.954 0.6727272868
102542  -29.309  41.703  17.443 0.5272727013
102543  -29.500  41.034  17.690 0.5454545617
102544  -29.971  41.576  17.640 0.5272727013
102545  -30.576  41.533  17.869 0.4909090996
102546  -31.157  41.550  18.142 0.4545454681
102547  -31.745  41.566  18.465 0.4545454681
102548  -31.572  42.224  18.147 0.4363636374
102549  -31.992  42.902  18.148 0.3454545438
108245  -31.899  33.764  27.315 0.2727272809
108246  -31.837  34.093  26.668 0.2727272809
108247  -31.335  33.515  26.931 0.2909090817
108248  -30.775  33.262  26.594 0.3272727132
108249  -30.189  33.030  26.240 0.3818181753
108254  -28.218  32.027  30.709 0.2363636345
108256  -26.806  32.104  28.697 0.3090909123
108257  -26.578  32.140  27.934 0.3090909123
108258  -26.942  32.025  27.333 0.3272727132
108259  -27.334  32.033  26.781 0.3272727132
108260  -27.761  32.190  26.337 0.3454545438
108261  -27.079  32.248  26.037 0.3636363745
108262  -26.874  32.524  25.331 0.4727272689
108263  -26.644  32.847  24.650 0.5272727013
108264  -26.443  33.206  24.012 0.5454545617
108265  -25.955  33.048  24.518 0.5272727013
108266  -25.344  33.350  24.450 0.5272727013
108267  -24.789  33.719  24.418 0.5272727013
108268  -23.921  35.610  26.933 0.4181818068
108269  -23.814  35.256  26.129 0.4545454681
108270  -23.654  35.929  26.385 0.4363636374
108271  -23.359  36.291  25.855 0.4727272689
108272  -23.037  36.710  25.355 0.4727272689
108273  -22.785  37.172  24.904 0.5454545617
108274  -22.933  37.462  25.731 0.4727272689
108275  -22.860  38.141  26.142 0.4545454681
108276  -22.789  38.840  26.533 0.4181818068
109369  -22.603  39.688  26.778 0.4363636374
109370  -22.991  39.198  27.198 0.4363636374
109371  -23.275  39.559  27.918 0.3636363745
109372  -23.638  39.980  28.651 0.3090909123
115252  -22.175  46.869  23.473 0.4545454681
115253  -22.070  47.247  24.027 0.3636363745
115254  -22.077  46.527  24.156 0.4181818068
115255  -22.030  46.158  24.974 0.4545454681
115256  -22.100  45.754  25.851 0.4545454681
115260  -22.486  44.934  27.637 0.3818181753
115261  -22.820  44.475  28.514 0.3272727132
115262  -23.267  43.993  29.300 0.3272727132
115264  -23.124  43.235  19.569 0.6545454264
115265  -23.050  43.047  20.124 0.6909090877
115266  -22.891  43.613  20.684 0.6545454264
115267  -22.677  44.240  21.266 0.6363636255
115268  -22.644  43.352  21.915 0.6545454264
115269  -22.577  44.115  21.915 0.6181818247
115270  -22.506  44.876  21.915 0.6000000238
115271  -22.373  45.505  22.477 0.5454545617
115272  -22.228  46.175  22.972 0.5272727013
115273  -23.649  36.839  21.970 0.7454545498
115274  -23.947  37.080  21.382 0.7818182111
115275  -23.485  37.609  21.572 0.7636363506
115276  -23.386  38.385  21.181 0.7636363506
115277  -23.354  39.209  20.798 0.7818182111
115278  -22.862  39.699  21.696 0.7454545498
115279  -23.110  39.867  21.052 0.7454545498
115280  -23.336  40.065  20.444 0.7454545498
115281  -23.339  40.840  20.103 0.7090908885
118780  -33.887  36.414  26.192 0.2181818187
118781  -34.149  36.865  26.012 0.2181818187
118782  -33.632  36.582  25.466 0.2363636345
118783  -33.257  36.766  24.806 0.3090909123
118784  -32.821  36.993  24.194 0.4000000060
118785  -31.931  36.246  23.867 0.5090909004
118786  -32.165  36.766  23.743 0.4363636374
118787  -32.359  37.275  23.570 0.4000000060
118788  -32.091  37.592  22.822 0.4363636374
118789  -31.978  37.937  22.001 0.4727272689
118790  -31.848  38.324  21.176 0.4727272689
118791  -26.824  39.744  17.776 0.6727272868
118792  -27.490  39.512  17.956 0.6363636255
118793  -27.279  40.253  17.605 0.6363636255
118794  -27.745  40.772  17.433 0.5636363626
118795  -28.232  41.240  17.296 0.5090909004
118796  -27.453  42.128  17.091 0.5090909004
118797  -28.030  41.938  17.187 0.4909090996
118798  -28.658  41.796  17.293 0.5454545617
118799  -29.064  42.376  17.322 0.4181818068
118800  -29.469  43.096  17.496 0.4000000060
118801  -29.856  43.882  17.723 0.3272727132
118803  -29.556  44.745  17.728 0.3090909123
118804  -29.414  45.430  17.479 0.2545454502
118805  -29.358  45.732  16.970 0.2727272809
118806  -28.518  45.410  16.753 0.3090909123
118807  -28.887  45.594  16.517 0.3090909123
123234  -30.515  32.323  28.912 0.2181818187
123244  -25.532  32.828  27.668 0.3636363745
123245  -25.296  33.001  27.008 0.3818181753
123246  -25.073  33.208  26.356 0.4363636374
123247  -24.872  33.479  26.981 0.4000000060
123248  -24.558  34.051  27.072 0.3818181753
123249  -24.356  34.683  27.235 0.3818181753
123250  -24.646  34.858  28.560 0.3090909123
123251  -24.438  35.098  28.019 0.3818181753
123252  -24.208  35.345  27.483 0.3818181753
123253  -24.096  35.996  27.753 0.3636363745
123254  -24.110  36.661  28.035 0.3090909123
124105  -24.189  38.115  28.635 0.3272727132
124106  -24.441  37.823  29.160 0.2909090817
128793  -21.993  47.619  24.634 0.3818181753
128811  -25.808  44.647  16.631 0.4000000060
128812  -25.710  45.307  16.435 0.4363636374
128815  -24.223  45.907  17.141 0.4909090996
128816  -23.785  44.862  17.527 0.5090909004
128817  -23.783  45.608  17.480 0.5272727013
128818  -23.807  46.396  17.468 0.5272727013
128819  -23.433  46.861  17.865 0.5090909004
128820  -23.133  47.351  18.295 0.4727272689
128821  -22.885  47.942  18.619 0.4363636374
128822  -22.991  43.960  19.568 0.6545454264
128823  -22.767  44.654  19.528 0.6363636255
128824  -22.651  45.403  19.495 0.5818181634
128825  -22.376  45.880  20.615 0.6363636255
128826  -22.445  46.035  20.035 0.5818181634
128827  -22.584  46.158  19.439 0.5272727013
128828  -22.572  46.934  19.355 0.4909090996
128829  -22.609  47.730  19.210 0.4727272689
128830  -22.670  48.514  18.993 0.4181818068
128839  -28.687  34.567  22.692 0.5818181634
128840  -28.975  35.045  22.326 0.6181818247
128841  -28.235  35.041  22.027 0.6727272868
128842  -27.885  35.583  21.348 0.7090908885
128843  -27.588  36.138  20.726 0.7454545498
128844  -26.474  35.919  20.953 0.7454545498
128845  -26.887  36.317  20.498 0.7818182111
128852  -24.862  37.966  19.712 0.7636363506
128853  -24.206  39.118  19.300 0.7636363506
128854  -24.659  38.603  19.182 0.7636363506
128855  -25.140  38.228  19.175 0.7818182111
128858  -26.355  39.276  17.975 0.7090908885
128859  -26.164  40.040  17.619 0.6727272868
128860  -25.965  40.842  17.357 0.6181818247
128861  -25.845  41.569  17.178 0.6181818247
128862  -24.846  41.550  17.365 0.6727272868
128863  -25.284  41.923  17.156 0.6363636255
128864  -25.795  42.305  17.025 0.5636363626
128865  -25.789  43.067  16.931 0.4909090996
128866  -25.800  43.872  16.839 0.4363636374
138284  -25.709  45.920  16.213 0.4363636374
138285  -25.720  46.484  16.046 0.4363636374
138286  -25.708  46.995  15.855 0.4000000060
138287  -25.035  47.490  16.687 0.3636363745
138288  -25.434  47.554  16.182 0.3454545438
138289  -25.585  47.470  15.638 0.4181818068
138294  -23.741  49.554  17.185 0.3454545438
138295  -24.093  49.602  16.788 0.3454545438
138348  -34.364  37.331  25.865 0.2181818187
138349  -34.580  37.802  25.707 0.2181818187
138351  -33.940  38.306  24.217 0.3090909123
138366  -29.297  35.598  22.031 0.6363636255
138368  -30.007  36.662  21.554 0.6181818247
138369  -29.075  37.030  20.399 0.6545454264
138370  -29.774  37.071  20.820 0.6181818247
138371  -30.414  37.208  21.278 0.6000000238
138372  -30.808  37.674  20.914 0.6000000238
138373  -31.198  38.211  20.612 0.5454545617
138374  -31.651  38.758  20.407 0.4727272689
138375  -28.124  39.333  18.142 0.6181818247
138376  -28.691  39.243  18.422 0.6181818247
138377  -29.270  39.222  18.741 0.6181818247
138378  -29.631  40.413  18.064 0.5454545617
138379  -29.714  39.832  18.528 0.5818181634
138380  -29.897  39.233  19.031 0.6363636255
138381  -30.599  39.265  19.333 0.6000000238
138382  -31.336  39.216  19.731 0.5454545617
138383  -32.053  39.300  20.188 0.5090909004
138384  -32.486  39.871  19.955 0.4909090996
138385  -32.872  40.508  19.844 0.4181818068
149918  -33.957  35.859  27.308 0.2000000030
149919  -33.926  36.189  26.741 0.2181818187
149920  -33.361  35.884  26.225 0.2363636345
149921  -32.793  35.568  25.673 0.2545454502
149922  -32.225  35.246  25.154 0.2727272809
149923  -31.791  34.415  26.011 0.2909090817
149924  -31.745  34.705  25.369 0.3090909123
149925  -31.648  34.912  24.742 0.3454545438
149926  -31.002  34.664  24.305 0.4181818068
149927  -30.292  34.431  23.959 0.4727272689
149928  -29.564  34.247  23.617 0.5454545617
149936  -30.069  32.147  29.309 0.2000000030
149937  -29.957  32.168  28.602 0.2545454502
149939  -27.697  32.051  30.458 0.2545454502
149940  -28.027  31.890  29.898 0.2545454502
149942  -27.857  31.822  29.095 0.2727272809
149943  -28.405  31.772  29.348 0.2727272809
149944  -28.920  31.842  28.779 0.2727272809
149945  -29.386  32.016  28.281 0.2545454502
149946  -29.921  32.263  27.868 0.2909090817
149947  -29.844  32.411  27.183 0.3090909123
149948  -29.697  32.620  26.540 0.3454545438
149949  -29.516  32.844  25.845 0.3636363745
149950  -28.297  32.447  25.830 0.4000000060
149951  -28.835  32.742  25.460 0.4000000060
149952  -29.348  33.104  25.158 0.4000000060
149953  -29.186  33.399  24.488 0.4181818068
149954  -29.006  33.746  23.819 0.5272727013
149955  -28.845  34.146  23.248 0.5818181634
149956  -28.123  34.111  22.972 0.5818181634
149957  -27.357  34.204  22.755 0.6181818247
149958  -26.661  34.357  22.533 0.6545454264
149959  -26.319  33.615  23.442 0.5636363626
149960  -26.170  34.073  22.881 0.6363636255
149961  -26.010  34.579  22.328 0.6545454264
149962  -25.339  34.890  22.248 0.6727272868
149963  -24.708  35.268  22.252 0.7090908885
149964  -24.147  35.739  22.312 0.6909090877
149967  -24.288  34.150  24.444 0.5272727013
149968  -23.785  34.929  25.341 0.5090909004
149969  -23.876  34.701  24.588 0.5272727013
149970  -24.071  34.620  23.877 0.5818181634
149971  -23.920  35.096  23.375 0.6000000238
149972  -23.782  35.641  22.893 0.6363636255
149973  -23.664  36.244  22.435 0.6909090877
149974  -23.224  36.773  22.638 0.6545454264
149975  -22.853  37.401  22.837 0.6545454264
149976  -22.574  38.096  23.159 0.6545454264
149977  -22.581  37.689  24.437 0.6181818247
149978  -22.423  38.231  23.967 0.6363636255
149979  -22.313  38.805  23.514 0.6363636255
149980  -22.109  39.492  23.879 0.6363636255
149981  -22.008  40.252  24.219 0.5818181634
149982  -21.995  40.975  24.597 0.6000000238
152173  -21.996  41.344  25.353 0.5454545617
152174  -22.058  41.722  26.118 0.5090909004
152175  -22.243  42.089  26.824 0.4181818068
152176  -22.487  40.539  27.042 0.4181818068
152177  -22.427  41.427  27.313 0.3636363745
152178  -22.494  42.424  27.606 0.4000000060
152179  -22.829  42.761  28.320 0.3636363745
152180  -23.249  43.090  28.985 0.3272727132
152181  -23.668  43.434  29.635 0.2363636345
152182  -24.144  38.852  28.801 0.3272727132
152184  -24.022  40.381  29.350 0.2909090817
656  -22.980  48.662  18.430 0.4181818068
2040  -23.919  37.637  27.915 0.3818181753
5787  -24.284  43.740  17.232 0.6000000238
11094  -29.989  35.714  22.455 0.5818181634
11096  -27.317  42.904  16.981 0.4000000060
13480  -22.787  45.268  28.386 0.3454545438
13495  -23.513  41.003  19.440 0.7090908885
16005  -27.434  37.764  19.161 0.7454545498
19189  -25.003  33.369  25.023 0.5272727013
23064  -22.024  45.416  25.204 0.4727272689
23065  -22.242  44.579  26.883 0.4181818068
23067  -23.129  42.290  20.130 0.7090908885
24566  -22.681  49.789  19.255 0.3818181753
28863  -25.321  44.348  16.833 0.4363636374
28871  -22.583  49.597  20.654 0.4000000060
28876  -26.624  36.949  19.891 0.7636363506
28877  -26.108  38.207  18.740 0.7818182111
28878  -24.372  38.380  19.758 0.7636363506
32315  -18.907  51.616  23.761 0.1272727251
44200  -23.178  44.795  29.227 0.2727272809
44201  -23.091  45.678  29.066 0.2545454502
44215  -23.444  41.789  19.131 0.7090908885
44216  -23.663  41.178  18.815 0.6909090877
49909  -25.261  33.048  25.665 0.4545454681
49910  -23.859  36.969  27.532 0.3636363745
50521  -23.411  38.757  27.621 0.4181818068
53798  -22.063  45.782  24.297 0.4363636374
53799  -22.096  45.003  24.455 0.4727272689
53801  -22.065  44.195  26.141 0.4181818068
56303  -22.650  50.418  19.770 0.3454545438
56305  -22.646  51.122  19.588 0.3090909123
56328  -27.710  43.485  17.008 0.3272727132
56329  -27.857  42.688  17.100 0.4545454681
63495  -24.780  44.039  17.005 0.4727272689
63496  -24.687  44.738  16.954 0.4909090996
63497  -24.201  44.430  17.220 0.5272727013
63511  -22.479  48.949  20.159 0.4545454681
63523  -26.372  37.586  19.328 0.7636363506
63526  -24.065  38.126  20.321 0.7818182111
63535  -24.290  42.923  17.322 0.6181818247
63537  -24.735  43.200  17.121 0.6000000238
80606  -24.355  34.085  25.814 0.4363636374
93701  -26.803  43.160  16.886 0.4000000060
93702  -27.234  43.709  16.871 0.3818181753
97992  -22.505  45.716  27.453 0.3454545438
97994  -22.736  46.073  28.177 0.3272727132
98001  -23.927  43.438  17.548 0.6000000238
98002  -23.811  44.145  17.541 0.5454545617
98021  -23.767  40.431  19.117 0.7090908885
98022  -23.945  40.692  18.540 0.7272727489
102537  -27.669  37.130  19.773 0.7272727489
115257  -22.045  44.599  25.283 0.5090909004
115258  -22.080  44.978  26.021 0.4727272689
115259  -22.280  45.351  26.707 0.4181818068
115263  -23.242  42.445  19.518 0.6909090877
115282  -23.311  41.623  19.775 0.7090908885
123255  -24.188  37.341  28.444 0.3272727132
128813  -25.205  45.046  16.729 0.4545454681
128814  -24.661  45.457  16.876 0.4727272689
128831  -22.584  49.088  19.470 0.4363636374
128832  -22.595  49.695  19.956 0.4363636374
128846  -27.293  36.734  20.113 0.7454545498
128847  -27.029  37.359  19.478 0.7454545498
128848  -26.749  37.970  18.902 0.7818182111
128849  -26.558  38.594  18.411 0.7818182111
128850  -24.230  37.348  20.828 0.7818182111
128851  -24.538  37.642  20.263 0.8000000119
128856  -25.498  38.533  18.683 0.7636363506
128857  -25.894  38.860  18.253 0.7636363506
138217  -18.367  51.439  23.886 0.1272727251
138367  -29.653  36.125  21.795 0.6363636255
149965  -24.786  33.492  25.737 0.4727272689
149966  -24.523  33.798  25.073 0.5272727013
