#!ascii label  , from subject fsaverage vox2ras=TkReg
1397
58  21.117  60.329  6.135 0.0909090936
1629  22.677  60.572  0.953 0.1818181872
1630  16.649  64.583  1.318 0.0363636352
1631  16.696  61.411  -3.187 0.0181818176
1880  23.789  56.718  6.698 0.3636363745
3077  17.796  60.364  5.556 0.0363636352
3675  22.404  57.982  -0.316 0.1272727251
3676  19.774  61.425  -1.287 0.0181818176
3677  19.933  59.194  -2.482 0.0181818176
3679  14.055  60.217  -7.517 0.0181818176
3680  11.324  59.998  -9.934 0.0181818176
4131  25.069  54.990  9.199 0.4181818068
7641  22.499  61.341  3.337 0.1818181872
7642  19.118  62.348  2.908 0.0727272704
7643  19.985  63.531  0.702 0.0727272704
8249  22.857  59.997  9.584 0.0727272704
8256  23.791  55.779  11.734 0.2909090817
8257  24.553  57.967  9.451 0.1636363566
8258  23.354  59.517  6.436 0.2000000030
8259  22.865  58.591  3.673 0.3272727132
8260  22.377  56.798  1.826 0.3090909123
9222  15.115  62.993  3.342 0.0181818176
10757  19.543  60.177  5.852 0.0363636352
11355  21.996  56.747  -0.991 0.0727272704
11356  21.419  58.692  -1.520 0.0363636352
11357  20.865  57.481  -2.154 0.0727272704
14988  15.245  60.724  7.435 0.0363636352
14989  14.895  60.807  9.310 0.0363636352
14990  13.743  61.609  8.129 0.0181818176
14991  12.516  62.486  8.894 0.0181818176
16785  22.932  61.481  2.120 0.1090909094
16786  21.511  62.752  1.966 0.0909090936
16787  21.587  62.481  0.630 0.0909090936
16788  18.291  61.448  -2.142 0.0181818176
16796  12.454  61.818  -7.982 0.0181818176
16797  14.178  61.689  -6.856 0.0181818176
18148  23.507  51.946  12.261 0.4545454681
18150  23.337  53.344  12.593 0.4000000060
18151  23.313  54.735  13.004 0.3272727132
18152  23.763  54.462  11.425 0.4000000060
18153  24.610  55.890  7.995 0.3272727132
18154  25.091  56.630  9.438 0.2727272809
18155  24.493  57.463  7.936 0.2363636345
18156  24.041  58.918  7.956 0.1636363566
18157  23.710  58.255  6.483 0.2727272809
18158  23.230  59.039  4.910 0.2000000030
18159  23.156  57.626  5.162 0.3272727132
18161  22.243  56.011  3.060 0.3818181753
20498  17.900  63.746  2.169 0.0545454547
20499  17.116  62.574  2.982 0.0363636352
20500  16.030  64.030  2.460 0.0363636352
20502  12.536  64.464  3.691 0.0181818176
25047  22.452  59.292  0.173 0.1636363566
25048  21.355  61.219  -0.288 0.0727272704
25049  21.427  60.027  -0.960 0.0545454547
25050  20.046  60.484  -1.940 0.0181818176
25051  18.436  60.642  -2.962 0.0181818176
25055  12.570  60.183  -8.689 0.0181818176
25056  10.931  61.811  -9.198 0.0181818176
25867  24.640  53.962  10.222 0.4909090996
25868  25.050  53.484  8.989 0.5272727013
25869  24.546  54.320  7.891 0.5090909004
25870  23.773  55.214  6.805 0.5272727013
25871  23.047  56.105  5.441 0.4727272689
27276  14.871  65.027  1.788 0.0181818176
33357  21.642  60.738  4.571 0.1454545408
33358  20.056  60.851  4.219 0.0909090936
33359  20.905  61.982  3.106 0.1272727251
33360  19.738  63.470  1.957 0.0545454547
33361  18.372  64.057  0.992 0.0363636352
33362  19.819  62.410  -0.385 0.0363636352
33363  18.356  63.114  -0.190 0.0181818176
33364  16.635  64.053  0.078 0.0181818176
33369  18.190  59.449  -3.571 0.0181818176
33370  16.768  60.782  -4.156 0.0181818176
33371  15.533  60.112  -6.305 0.0181818176
33372  15.581  61.254  -5.528 0.0181818176
33373  15.259  61.773  -4.544 0.0181818176
35065  23.162  56.032  13.265 0.1818181872
35066  23.618  57.079  12.037 0.2000000030
35067  24.626  55.562  10.519 0.3818181753
35068  24.475  56.921  10.696 0.2181818187
35069  23.948  58.102  10.743 0.1636363566
35070  23.664  59.088  9.392 0.1454545408
35071  23.245  59.941  7.963 0.1090909094
35072  22.445  60.288  6.244 0.1454545408
35073  22.769  60.296  4.755 0.1636363566
35074  23.146  60.280  3.393 0.2000000030
35075  22.988  59.713  2.282 0.1818181872
35076  22.587  56.933  3.960 0.3272727132
35077  22.477  57.821  2.623 0.3272727132
35078  22.578  58.610  1.368 0.2000000030
35079  22.635  57.402  0.708 0.2000000030
35080  22.669  56.239  -0.106 0.1454545408
37908  18.280  61.029  4.039 0.0727272704
37909  16.348  61.549  4.079 0.0363636352
37911  14.161  64.274  2.899 0.0181818176
37912  13.538  63.504  4.157 0.0181818176
41476  20.221  60.163  6.813 0.0363636352
41477  20.334  60.219  6.011 0.0545454547
42075  21.709  56.182  -1.351 0.0727272704
42076  21.522  57.173  -1.582 0.0909090936
45709  14.472  61.164  7.776 0.0363636352
45711  13.172  62.098  7.623 0.0181818176
45712  13.418  62.230  6.829 0.0181818176
47505  22.924  61.217  1.511 0.1636363566
47506  22.490  62.129  1.337 0.0909090936
47507  22.274  61.630  0.741 0.1272727251
47512  15.864  61.735  -3.283 0.0181818176
47516  11.549  62.541  -8.247 0.0181818176
47518  11.582  63.025  -7.850 0.0181818176
48867  23.723  51.753  11.591 0.5090909004
48868  23.579  52.487  11.682 0.5090909004
48869  23.400  52.644  12.417 0.4181818068
48873  24.191  56.324  7.333 0.3454545438
48874  24.612  56.676  7.980 0.3090909123
48875  24.152  57.092  7.284 0.3090909123
48876  24.053  57.896  7.196 0.2727272809
48877  23.763  57.498  6.583 0.3636363745
48878  23.460  57.952  5.815 0.2909090817
48879  23.432  57.171  5.928 0.2909090817
51218  17.260  64.232  1.769 0.0363636352
51219  16.946  63.868  2.314 0.0363636352
51220  16.410  64.486  1.985 0.0363636352
57105  22.481  58.659  -0.143 0.1454545408
57106  22.030  59.684  -0.474 0.1272727251
57107  22.091  59.005  -0.684 0.0545454547
57108  20.728  58.968  -2.023 0.0181818176
57109  20.881  59.604  -1.754 0.0181818176
57110  20.065  59.823  -2.242 0.0363636352
57112  19.240  59.999  -2.757 0.0181818176
57118  11.912  60.146  -9.290 0.0181818176
57119  11.764  61.014  -8.911 0.0181818176
57120  11.107  60.930  -9.555 0.0181818176
57122  10.525  60.742  -10.217 0.0181818176
58476  24.162  54.761  7.365 0.5272727013
67998  16.329  60.931  12.473 0.0181818176
68013  11.923  62.817  8.423 0.0181818176
73395  22.031  61.056  3.938 0.1454545408
73396  21.268  61.252  3.770 0.1272727251
73397  21.739  61.790  3.231 0.1272727251
73398  20.773  63.297  1.299 0.0909090936
73399  20.574  63.165  1.924 0.0909090936
73400  19.889  63.674  1.341 0.0545454547
73401  19.037  63.919  1.432 0.0363636352
73402  19.134  63.788  0.780 0.0363636352
73403  20.500  61.362  -0.853 0.0363636352
73404  20.588  61.905  -0.379 0.0727272704
73405  19.754  61.849  -0.861 0.0545454547
73409  17.472  63.570  -0.060 0.0181818176
73424  17.483  60.151  -3.882 0.0181818176
73425  16.800  60.288  -4.557 0.0181818176
73426  14.790  59.346  -7.251 0.0181818176
73427  15.483  59.306  -6.641 0.0181818176
73428  14.839  60.181  -6.914 0.0181818176
73431  14.834  61.910  -5.744 0.0181818176
73432  15.465  61.606  -5.052 0.0181818176
77442  22.402  60.398  9.620 0.0727272704
77492  23.036  54.159  14.128 0.2727272809
77493  23.460  55.255  12.356 0.3090909123
77494  23.212  55.375  13.103 0.2545454502
77495  23.432  55.905  12.487 0.2727272809
77496  23.405  56.554  12.658 0.1818181872
77497  23.733  56.417  11.889 0.2363636345
77498  24.996  54.497  9.733 0.4545454681
77499  24.618  54.745  10.334 0.4000000060
77500  24.958  55.300  9.884 0.4181818068
77501  24.903  57.346  9.473 0.2363636345
77502  24.866  56.832  10.120 0.2727272809
77503  24.628  57.490  10.122 0.1818181872
77504  24.234  57.531  10.724 0.2000000030
77505  24.253  58.043  10.094 0.1454545408
77506  23.855  58.580  10.096 0.1454545408
77507  24.081  58.521  9.375 0.1636363566
77508  23.706  59.237  7.218 0.1818181872
77509  23.661  59.471  7.989 0.1818181872
77510  23.347  59.734  7.222 0.1636363566
77511  22.911  60.156  7.126 0.1272727251
77512  22.954  59.975  6.344 0.2000000030
77513  22.538  60.242  5.459 0.1818181872
77514  23.025  59.870  5.605 0.2000000030
77515  23.091  58.850  4.266 0.2727272809
77516  23.137  59.626  4.133 0.2000000030
77517  23.107  59.448  3.513 0.2545454502
77518  23.147  60.110  2.853 0.2181818187
77519  22.917  59.218  2.942 0.2545454502
77520  22.741  55.723  4.820 0.3818181753
77521  22.760  56.485  4.693 0.4181818068
77522  22.518  56.135  4.107 0.3636363745
77523  22.282  56.437  2.426 0.3818181753
77524  22.346  56.890  2.818 0.3454545438
77525  22.381  57.311  2.204 0.3636363745
77526  22.517  58.230  2.002 0.2545454502
77527  22.455  57.683  1.607 0.2545454502
77528  22.538  57.990  1.042 0.1818181872
77529  22.510  57.060  1.275 0.2363636345
77531  22.777  55.975  0.409 0.2181818187
77532  22.736  55.316  -0.080 0.2000000030
77533  22.460  55.537  -0.521 0.1454545408
84533  19.614  61.539  3.438 0.0727272704
84534  19.203  60.911  4.122 0.1090909094
84535  18.692  61.589  3.452 0.0909090936
84536  16.106  62.780  3.095 0.0545454547
84537  16.663  61.995  3.428 0.0545454547
84538  15.739  62.261  3.616 0.0545454547
84542  14.479  64.694  2.388 0.0181818176
84545  13.061  64.038  3.959 0.0181818176
93091  18.699  60.220  5.669 0.0363636352
94167  22.245  57.368  -0.612 0.1090909094
94168  21.965  58.351  -0.920 0.0545454547
94169  21.761  57.750  -1.232 0.0727272704
94170  21.223  58.079  -1.814 0.0727272704
94171  20.459  58.356  -2.329 0.0363636352
94177  10.772  59.776  -10.642 0.0181818176
100704  16.922  60.477  12.304 0.0181818176
100712  13.087  62.051  8.511 0.0181818176
100713  12.566  62.463  8.068 0.0181818176
103941  22.819  61.549  2.702 0.1636363566
103942  22.094  62.086  2.647 0.1272727251
103943  22.363  62.222  1.984 0.0727272704
103944  21.658  62.786  1.286 0.0727272704
103945  20.746  63.092  0.610 0.0727272704
103946  19.025  61.448  -1.726 0.0181818176
103947  18.964  61.745  -1.285 0.0181818176
103960  13.281  61.045  -7.761 0.0181818176
103961  14.123  60.998  -7.221 0.0181818176
103962  13.323  61.809  -7.417 0.0181818176
103963  13.380  62.425  -7.023 0.0181818176
106399  23.208  54.119  13.510 0.3272727132
106401  23.442  54.600  12.181 0.3454545438
106402  23.786  55.131  11.603 0.3454545438
106403  24.971  55.424  8.619 0.3272727132
106404  25.090  55.803  9.358 0.3818181753
106405  25.003  56.225  8.692 0.3272727132
106406  24.948  57.033  8.689 0.2363636345
106407  24.647  57.785  8.667 0.1818181872
106408  24.292  58.437  8.673 0.1818181872
106409  24.286  58.220  7.917 0.1818181872
106410  23.939  58.632  7.186 0.1818181872
106411  23.640  58.942  6.442 0.2363636345
106412  23.313  59.283  5.670 0.2000000030
106413  23.443  58.631  5.730 0.2181818187
106414  23.224  58.378  5.045 0.2727272809
106415  22.948  58.062  4.415 0.3090909123
106417  22.359  55.660  3.635 0.3818181753
106419  22.249  55.565  2.590 0.3636363745
106420  22.348  55.952  2.003 0.3090909123
106421  22.536  56.240  1.415 0.2727272809
110624  18.532  63.127  2.540 0.0727272704
110625  18.123  62.443  2.935 0.0545454547
110626  17.522  63.204  2.632 0.0363636352
110627  16.548  63.340  2.724 0.0363636352
110628  15.587  63.504  2.883 0.0181818176
119883  22.489  59.923  0.560 0.1818181872
119884  22.150  60.978  0.294 0.1454545408
119885  22.040  60.340  -0.089 0.1636363566
119886  21.338  60.617  -0.707 0.0727272704
119887  20.621  60.876  -1.178 0.0545454547
119888  21.468  59.340  -1.214 0.0545454547
119889  20.761  60.270  -1.458 0.0181818176
119890  19.907  61.057  -1.643 0.0181818176
119891  19.184  61.088  -2.068 0.0181818176
119892  18.396  61.154  -2.593 0.0181818176
119893  17.570  61.086  -3.095 0.0181818176
119898  13.997  59.383  -7.871 0.0181818176
119901  13.252  60.244  -8.065 0.0181818176
119902  12.510  60.994  -8.298 0.0181818176
119903  11.632  61.820  -8.590 0.0181818176
119904  10.765  62.533  -8.866 0.0181818176
119906  10.137  62.463  -9.463 0.0181818176
119907  9.549  62.262  -10.053 0.0181818176
121797  25.068  53.718  9.641 0.4909090996
121798  25.053  54.232  9.076 0.4545454681
121800  24.859  53.956  8.439 0.5090909004
121801  24.899  54.666  8.482 0.4181818068
121802  24.552  55.082  7.921 0.4181818068
121803  24.179  55.543  7.352 0.4909090996
121804  23.782  55.971  6.768 0.4727272689
121805  23.410  56.418  6.052 0.4181818068
121806  23.397  55.670  6.156 0.5272727013
121807  23.057  55.311  5.550 0.4909090996
125081  15.849  64.849  0.889 0.0181818176
125082  15.747  64.887  1.552 0.0181818176
125083  15.014  65.111  1.109 0.0181818176
141225  21.294  60.414  5.329 0.1090909094
141226  20.506  60.384  5.151 0.0727272704
141227  20.859  60.771  4.418 0.0727272704
141228  20.460  61.385  3.609 0.1272727251
141229  20.038  62.204  2.952 0.1272727251
141230  21.222  62.479  2.568 0.1090909094
141231  20.349  62.784  2.500 0.1090909094
141232  19.495  63.030  2.495 0.0727272704
141233  18.844  63.628  2.055 0.0363636352
141234  18.203  64.075  1.633 0.0363636352
141235  17.547  64.301  1.162 0.0363636352
141236  21.481  61.910  0.121 0.1272727251
141237  20.666  62.545  0.083 0.0727272704
141238  19.913  63.002  0.122 0.0545454547
141240  19.101  62.766  -0.330 0.0181818176
141241  19.157  63.350  0.220 0.0363636352
141242  18.366  63.684  0.368 0.0363636352
141243  17.546  64.058  0.548 0.0363636352
141244  16.678  64.418  0.695 0.0363636352
141259  19.056  59.346  -3.016 0.0181818176
141260  18.364  60.081  -3.291 0.0181818176
141261  17.593  60.690  -3.526 0.0181818176
141262  16.770  61.153  -3.704 0.0181818176
141264  16.138  59.211  -6.019 0.0181818176
141265  16.222  59.917  -5.611 0.0181818176
141266  14.892  60.923  -6.605 0.0181818176
141267  15.623  60.773  -5.957 0.0181818176
141268  16.229  60.493  -5.246 0.0181818176
141269  16.196  60.987  -4.844 0.0181818176
141270  16.031  61.329  -4.371 0.0181818176
141271  15.960  61.541  -3.841 0.0181818176
146152  21.502  60.430  7.844 0.0363636352
146153  21.643  60.366  7.024 0.0727272704
146211  23.115  54.784  13.663 0.2545454502
146212  23.044  55.453  13.824 0.2000000030
146213  23.039  56.138  14.002 0.1636363566
146217  24.182  54.249  10.788 0.4363636374
146218  24.178  54.992  10.922 0.4181818068
146219  24.192  55.664  11.043 0.3454545438
146220  24.935  56.099  10.022 0.3454545438
146221  24.620  56.253  10.649 0.3090909123
146222  24.176  56.292  11.158 0.2545454502
146223  24.036  56.953  11.290 0.2000000030
146224  23.856  57.590  11.362 0.1636363566
146227  23.449  59.101  10.150 0.0909090936
146228  23.274  59.558  9.486 0.1272727251
146229  23.891  59.023  8.690 0.1636363566
146230  23.475  59.552  8.712 0.1272727251
146231  23.067  59.973  8.765 0.1090909094
146232  22.751  60.247  7.927 0.0727272704
146233  22.306  60.326  7.078 0.0909090936
146234  21.819  60.411  6.193 0.1090909094
146235  21.933  60.378  5.383 0.1272727251
146236  22.277  60.608  4.681 0.1818181872
146237  22.644  60.798  4.014 0.1454545408
146238  23.101  59.781  4.816 0.1636363566
146239  23.032  60.365  4.018 0.1636363566
146240  22.937  60.901  3.334 0.1818181872
146241  23.186  60.927  2.797 0.2000000030
146242  23.107  60.672  2.205 0.1454545408
146243  22.905  60.198  1.636 0.1636363566
146244  23.086  56.840  5.297 0.3818181753
146245  22.836  57.232  4.566 0.3454545438
146246  22.698  57.752  3.822 0.3454545438
146247  22.397  56.521  3.451 0.3636363745
146248  22.480  57.401  3.255 0.3272727132
146249  22.613  58.266  3.106 0.3636363745
146250  22.672  58.756  2.456 0.2727272809
146251  22.740  59.185  1.805 0.2181818187
146252  22.738  59.558  1.149 0.1818181872
146253  22.559  58.949  0.783 0.1818181872
146254  22.560  58.322  0.457 0.1454545408
146255  22.669  57.713  0.152 0.1636363566
146256  22.691  56.530  0.890 0.2181818187
146257  22.747  56.839  0.368 0.1818181872
146258  22.561  57.105  -0.158 0.1636363566
146259  22.367  56.467  -0.532 0.1272727251
146260  22.109  55.818  -0.919 0.1090909094
154686  19.710  60.385  4.997 0.0727272704
154687  18.887  60.449  4.854 0.0545454547
154688  17.991  60.608  4.737 0.0363636352
154689  17.663  61.758  3.363 0.0727272704
154690  17.308  61.248  3.980 0.0363636352
154695  15.459  64.614  2.174 0.0181818176
154696  15.059  64.160  2.623 0.0181818176
154697  14.661  63.689  3.141 0.0181818176
154698  13.306  64.380  3.298 0.0181818176
154699  13.817  63.862  3.517 0.0181818176
154700  14.239  63.259  3.739 0.0181818176
154701  14.110  62.917  4.328 0.0181818176
55  34.419  49.829  7.749 0.2909090817
1467  36.104  49.290  12.378 0.1272727251
1865  34.715  51.331  -4.532 0.0363636352
2805  33.423  49.774  5.180 0.3090909123
2806  35.345  51.370  4.558 0.1636363566
3418  34.097  48.279  14.051 0.2181818187
6202  33.526  50.525  0.028 0.0909090936
6203  34.117  51.475  2.576 0.0909090936
7263  35.080  49.858  10.115 0.2000000030
7282  33.594  48.225  11.676 0.3090909123
10485  33.978  49.755  6.479 0.2909090817
10486  34.851  50.581  6.173 0.2545454502
10487  35.269  50.839  7.440 0.1818181872
14176  32.609  50.574  1.949 0.1636363566
14177  33.047  50.787  3.046 0.2545454502
15975  35.543  49.548  11.181 0.1636363566
16015  35.185  48.819  13.317 0.2000000030
16016  33.830  48.219  12.870 0.2363636345
16017  34.771  48.821  12.010 0.2181818187
16018  34.352  49.010  10.884 0.3090909123
18050  34.394  52.973  -5.721 0.0181818176
23482  33.749  50.632  4.004 0.2909090817
23483  34.315  50.538  4.950 0.2909090817
23484  35.912  51.307  5.785 0.1636363566
29831  32.523  50.182  0.604 0.1636363566
29832  33.763  51.186  1.440 0.1272727251
29833  35.235  52.035  1.909 0.0727272704
29834  34.793  51.520  3.611 0.1636363566
29835  35.778  52.336  3.132 0.0727272704
32331  34.718  49.910  8.974 0.2181818187
32333  36.047  50.841  9.744 0.1272727251
32382  32.770  47.820  13.776 0.2727272809
41205  34.219  49.801  7.117 0.2727272809
41206  34.652  50.344  7.003 0.2545454502
41207  34.837  50.365  7.609 0.2000000030
41215  34.048  49.260  8.058 0.3272727132
41217  33.854  49.236  7.365 0.3272727132
41218  33.634  49.211  6.728 0.3454545438
44896  32.255  50.419  2.794 0.2363636345
44897  32.547  50.423  3.256 0.2545454502
46695  35.834  49.369  11.732 0.1272727251
46696  36.282  49.709  11.455 0.1090909094
46697  36.538  49.548  12.050 0.0909090936
46736  34.985  48.784  12.663 0.2000000030
46737  35.443  49.055  12.207 0.1454545408
46738  35.144  49.161  11.607 0.2000000030
48768  33.993  51.655  -4.887 0.0363636352
48769  33.830  52.519  -5.481 0.0181818176
48770  34.507  52.098  -5.180 0.0363636352
48771  35.088  52.555  -5.405 0.0181818176
48772  35.222  51.739  -4.810 0.0363636352
54495  33.045  49.828  4.632 0.3272727132
54496  33.537  50.189  4.574 0.2909090817
54497  33.818  50.128  5.049 0.3272727132
54498  35.576  51.085  6.665 0.1090909094
54499  35.358  50.946  6.004 0.2000000030
54500  36.121  51.372  6.419 0.1090909094
54535  33.099  49.320  5.466 0.3454545438
65568  33.219  51.002  2.269 0.1636363566
65569  33.182  50.883  1.663 0.1636363566
65570  33.891  51.331  2.003 0.1090909094
65571  34.477  51.601  1.696 0.0727272704
65572  34.687  51.765  2.269 0.0909090936
65573  34.562  51.000  4.280 0.2363636345
65574  34.297  51.040  3.823 0.2000000030
65575  35.063  51.449  4.065 0.2181818187
65577  36.074  52.261  3.687 0.0727272704
70965  34.874  49.898  9.569 0.2363636345
70966  35.335  50.444  9.402 0.1454545408
70967  35.504  50.385  9.939 0.1454545408
71087  33.393  48.045  13.935 0.2545454502
71088  33.751  48.195  12.265 0.2909090817
71095  34.718  49.382  10.461 0.2727272809
71097  34.510  49.424  9.897 0.2727272809
71098  34.315  49.390  9.351 0.3272727132
92601  33.721  49.730  5.789 0.2909090817
92602  34.138  50.148  5.660 0.2909090817
92603  34.410  50.209  6.328 0.2727272809
92604  35.082  50.713  6.821 0.1454545408
92605  35.773  51.204  7.260 0.1272727251
92626  33.368  49.255  6.107 0.3818181753
99244  32.010  50.185  1.529 0.1818181872
99245  32.093  50.310  2.176 0.1636363566
99246  32.775  50.708  2.524 0.2181818187
99247  33.577  51.124  2.813 0.1636363566
99248  36.169  51.645  4.916 0.1636363566
99249  35.872  51.741  4.381 0.1090909094
102483  35.306  49.726  10.669 0.1818181872
102484  35.744  50.197  10.431 0.1272727251
102485  36.000  49.993  10.917 0.1272727251
102555  34.704  48.565  13.720 0.2181818187
102556  33.966  48.255  13.488 0.2727272809
102557  34.514  48.504  13.084 0.2363636345
102558  34.368  48.481  12.466 0.2727272809
102559  34.156  48.546  11.865 0.2727272809
102560  33.960  48.589  11.289 0.2727272809
102561  34.549  48.909  11.453 0.2363636345
102562  34.909  49.284  11.057 0.2000000030
106215  32.387  53.029  -5.784 0.0181818176
106216  33.096  52.794  -5.655 0.0363636352
106217  33.702  53.348  -5.938 0.0181818176
106218  34.290  53.814  -6.166 0.0181818176
106223  34.138  51.027  0.507 0.0545454547
116230  32.895  50.330  3.702 0.2727272809
116231  33.258  50.218  4.166 0.2727272809
116232  34.067  50.582  4.488 0.2727272809
116233  34.835  50.985  4.743 0.2363636345
116234  34.571  50.505  5.522 0.2909090817
116235  35.092  50.923  5.342 0.2545454502
116236  35.639  51.302  5.116 0.1818181872
131437  33.027  50.382  0.319 0.1454545408
131438  32.567  50.424  1.270 0.1636363566
131439  33.105  50.688  0.993 0.1454545408
131440  33.633  50.901  0.764 0.1090909094
131441  34.310  51.390  1.108 0.0727272704
131444  33.386  50.721  3.526 0.2727272809
131445  33.953  51.147  3.335 0.2181818187
131446  34.492  51.539  3.111 0.1454545408
131447  35.568  51.862  3.900 0.0909090936
131448  35.278  51.939  3.380 0.0727272704
131449  34.956  51.928  2.861 0.0909090936
131451  36.020  52.441  2.173 0.0909090936
138255  34.577  49.860  8.361 0.2727272809
138256  35.008  50.408  8.258 0.1636363566
138257  35.178  50.443  8.826 0.1636363566
138258  35.851  50.933  9.237 0.1272727251
138405  33.285  48.016  13.322 0.2727272809
138418  34.175  49.338  8.727 0.3454545438
145864  34.903  50.731  -3.820 0.0545454547
145873  35.409  51.070  -4.155 0.0363636352
145910  35.489  50.886  8.057 0.1272727251
20483  14.080  62.176  13.903 0.0181818176
27266  12.389  63.494  12.053 0.0181818176
30966  15.399  61.295  13.363 0.0181818176
30967  14.735  62.144  12.418 0.0181818176
67999  16.023  60.843  13.108 0.0181818176
68000  15.739  61.387  12.652 0.0181818176
68001  15.114  61.794  12.901 0.0181818176
68014  11.892  62.904  9.178 0.0181818176
134518  14.792  61.068  13.925 0.0181818176
134519  14.739  61.743  13.655 0.0181818176
134520  14.445  62.191  13.203 0.0181818176
134535  11.971  63.106  9.904 0.0181818176
2666  22.652  56.391  -8.746 0.0181818176
64313  22.838  55.715  -8.161 0.0181818176
77576  27.548  54.975  -7.694 0.0181818176
115644  23.582  55.597  -7.936 0.0181818176
387  30.879  49.342  -1.606 0.1272727251
394  24.484  50.340  6.403 0.6000000238
885  32.125  50.097  3.412 0.2909090817
895  31.234  47.190  11.072 0.4545454681
896  25.891  47.596  10.550 0.6000000238
897  29.012  46.943  6.087 0.6727272868
898  26.557  48.514  2.110 0.4181818068
1879  23.829  53.039  11.163 0.4727272689
1881  22.685  53.261  2.223 0.3454545438
2815  32.904  48.075  9.269 0.4363636374
2816  30.251  46.589  8.340 0.5818181634
2817  32.012  47.844  6.470 0.5090909004
2818  30.715  48.430  4.464 0.5090909004
4128  25.541  48.839  8.385 0.7090908885
4129  24.570  50.067  10.806 0.5636363626
4130  25.099  51.949  8.791 0.5090909004
4132  23.859  53.650  6.766 0.5454545617
4133  22.503  55.298  4.253 0.4000000060
4134  23.133  51.743  4.373 0.5272727013
4135  28.837  48.741  0.240 0.2545454502
4136  25.696  49.059  -0.286 0.2909090817
6201  31.470  49.721  1.132 0.1818181872
6219  29.445  46.708  12.983 0.4000000060
6220  26.857  46.670  12.577 0.4909090996
6221  28.457  46.390  10.520 0.5454545617
6222  27.261  46.578  8.176 0.7636363506
6223  26.152  47.713  6.046 0.6909090877
6224  24.945  48.821  4.042 0.5454545617
6225  27.691  47.806  4.094 0.5454545617
6226  29.447  48.910  2.553 0.4363636374
7281  31.670  47.441  13.456 0.2909090817
8253  24.726  48.373  12.906 0.4545454681
8254  23.659  50.863  13.481 0.4363636374
8255  23.165  53.518  13.972 0.3272727132
8262  24.118  50.067  2.089 0.4000000060
8263  23.574  51.162  -0.081 0.2545454502
10495  33.652  48.798  8.408 0.3636363745
10496  32.483  47.764  7.833 0.4363636374
10497  33.282  48.684  7.028 0.3818181753
10498  32.760  48.823  5.794 0.3818181753
11808  25.038  49.584  7.404 0.6727272868
11809  25.218  50.416  8.593 0.6000000238
11810  24.717  51.166  7.627 0.6000000238
11811  24.568  52.840  7.769 0.5272727013
11812  24.066  51.965  6.606 0.6181818247
11813  23.265  52.760  5.531 0.5272727013
11814  23.717  50.986  5.405 0.5636363626
11815  29.944  48.941  -0.647 0.1818181872
11816  28.223  48.799  -1.074 0.2363636345
14175  31.573  50.031  2.382 0.2363636345
14205  30.281  46.886  12.054 0.4363636374
14206  29.007  46.451  11.802 0.4909090996
14207  29.897  46.578  10.692 0.4727272689
14208  29.676  46.675  7.104 0.6181818247
14209  28.670  46.264  8.157 0.6909090877
14210  28.036  46.551  7.016 0.7272727489
14211  26.642  47.027  7.014 0.7090908885
14212  27.480  46.994  5.992 0.6545454264
14213  26.844  47.498  4.983 0.6363636255
14214  28.343  47.360  5.013 0.6181818247
14215  31.433  49.227  3.849 0.4363636374
14216  29.944  48.688  3.518 0.5272727013
14217  30.821  49.416  2.988 0.3454545438
14218  30.432  49.307  1.843 0.2909090817
18143  26.282  47.007  11.545 0.5454545617
18144  25.709  47.373  12.650 0.4181818068
18145  25.263  47.962  11.657 0.5272727013
18146  24.097  51.529  10.932 0.5090909004
18147  23.841  50.547  12.066 0.4727272689
18149  23.392  52.177  13.786 0.4181818068
18160  22.380  54.264  3.253 0.3636363745
18162  22.413  55.013  2.086 0.3454545438
18163  22.735  55.724  0.935 0.2545454502
18164  22.963  53.915  1.061 0.2909090817
18165  25.691  48.568  3.041 0.4545454681
18166  24.470  49.319  3.062 0.4363636374
18167  25.246  49.048  2.035 0.4181818068
18169  24.436  49.931  -0.261 0.2727272809
23481  32.768  49.870  4.224 0.3272727132
23499  32.168  47.538  10.156 0.4545454681
23500  30.831  46.760  9.658 0.5272727013
23501  31.728  47.200  8.742 0.5090909004
23502  31.208  47.152  7.384 0.5090909004
23503  30.606  47.291  6.197 0.6181818247
23504  29.961  47.671  5.274 0.5636363626
23505  31.397  48.109  5.380 0.4545454681
23506  32.114  49.007  4.652 0.3636363745
25862  25.788  48.215  9.486 0.6363636255
25863  25.124  48.757  10.712 0.5818181634
25864  25.345  49.600  9.655 0.6545454264
25865  25.038  51.007  9.815 0.5454545617
25866  24.724  52.484  10.060 0.5090909004
25872  23.089  54.495  5.597 0.5272727013
25873  22.704  53.553  4.384 0.4909090996
25874  22.786  52.478  3.246 0.4545454681
25875  27.663  48.558  1.104 0.3454545438
25876  26.209  48.836  0.930 0.3818181753
25877  27.168  48.641  -0.152 0.2909090817
29829  31.353  49.363  -0.239 0.1454545408
29830  32.255  49.727  -0.814 0.1454545408
29873  28.123  46.498  12.727 0.4363636374
29874  27.567  46.476  11.600 0.5272727013
29875  27.030  46.738  10.435 0.5636363626
29876  29.381  46.278  9.334 0.6000000238
29877  27.877  46.335  9.285 0.6363636255
29878  26.582  47.053  9.377 0.6363636255
29879  26.169  47.543  8.269 0.7272727489
29880  25.702  48.145  7.251 0.7272727489
29881  25.160  48.914  6.239 0.7090908885
29882  24.522  49.479  5.204 0.6000000238
29883  25.614  48.313  5.052 0.6181818247
29884  26.220  48.110  3.967 0.5272727013
29885  27.090  48.214  3.111 0.5090909004
29886  29.215  47.982  4.306 0.5454545617
29887  28.521  48.298  3.307 0.4909090996
29888  27.995  48.479  2.225 0.4181818068
29889  29.199  48.792  1.388 0.3636363745
29890  30.357  48.998  0.555 0.2363636345
32380  30.550  47.077  13.244 0.3636363745
32381  31.503  47.357  12.240 0.3818181753
32383  32.651  47.802  12.483 0.2909090817
32384  32.526  47.751  11.389 0.4000000060
32385  33.248  48.230  10.558 0.3454545438
32386  33.924  48.954  9.771 0.3636363745
35058  24.451  49.161  11.834 0.5090909004
35059  24.083  49.586  13.166 0.4181818068
35082  23.832  50.049  4.189 0.5272727013
35083  23.451  50.742  3.164 0.4727272689
35084  23.268  51.485  2.128 0.4000000060
35085  24.971  49.564  0.901 0.3454545438
35086  23.956  50.722  0.962 0.3636363745
35087  23.243  52.166  1.133 0.3454545438
35088  23.047  52.712  -0.045 0.2363636345
41216  33.492  48.677  7.664 0.3636363745
42528  24.774  49.974  6.912 0.6545454264
42529  24.842  50.355  7.510 0.6363636255
42530  24.548  50.736  7.012 0.6545454264
42531  24.412  51.593  7.122 0.6363636255
42532  24.234  51.131  6.505 0.6000000238
42533  23.857  51.483  6.016 0.6181818247
42534  24.116  50.648  5.904 0.6181818247
42535  30.453  49.160  -1.114 0.1636363566
42536  29.695  49.060  -1.301 0.1454545408
42537  30.187  49.294  -1.768 0.1090909094
44895  31.820  50.107  2.957 0.2909090817
44925  30.774  47.046  11.571 0.4181818068
44926  30.090  46.747  11.414 0.4545454681
44927  30.578  46.862  10.871 0.4727272689
44928  29.358  46.784  6.577 0.6545454264
44929  28.844  46.535  7.021 0.7090908885
44930  28.532  46.650  6.528 0.6909090877
44931  27.754  46.680  6.515 0.7090908885
44932  28.242  46.896  6.026 0.6909090877
44933  27.931  47.110  5.487 0.6545454264
44934  28.693  47.150  5.582 0.6181818247
44935  31.838  49.665  3.623 0.3272727132
44936  31.145  49.308  3.444 0.3636363745
44937  31.512  49.728  3.217 0.3454545438
44938  31.210  49.776  2.744 0.2727272809
48863  26.038  47.298  11.050 0.5636363626
48864  25.727  47.439  11.592 0.5272727013
48865  25.506  47.757  11.142 0.5818181634
48866  23.927  52.329  11.040 0.5090909004
48870  23.470  53.241  11.792 0.4727272689
48871  23.384  53.950  11.926 0.4181818068
48872  23.783  53.759  11.281 0.4545454681
48880  22.451  53.777  2.738 0.3818181753
48881  22.293  54.651  2.703 0.3636363745
48882  22.526  54.118  2.170 0.3272727132
48883  22.674  54.435  1.552 0.3272727132
48884  22.788  53.599  1.669 0.3272727132
48885  26.108  48.510  2.597 0.4181818068
48886  25.422  48.767  2.542 0.4000000060
48887  25.873  48.713  2.059 0.4181818068
54525  32.536  47.721  9.717 0.4363636374
54526  31.923  47.283  9.434 0.4727272689
54527  32.371  47.584  9.033 0.5090909004
54528  32.259  47.772  7.129 0.4727272689
54529  31.870  47.427  7.578 0.4909090996
54530  31.633  47.470  6.908 0.4909090996
54531  30.943  47.197  6.760 0.5636363626
54532  31.345  47.543  6.299 0.5454545617
54533  31.031  47.656  5.738 0.5090909004
54534  31.700  47.939  5.903 0.5272727013
54536  32.433  48.940  5.223 0.3636363745
54537  32.785  49.399  4.892 0.3454545438
54538  32.437  49.450  4.433 0.3454545438
58463  25.673  48.502  8.901 0.6909090877
58464  25.514  48.890  9.527 0.6545454264
58465  25.487  49.243  9.019 0.6545454264
58466  25.140  51.187  8.685 0.5636363626
58467  25.241  50.744  9.191 0.6181818247
58468  25.161  51.471  9.299 0.5454545617
58469  24.878  51.751  9.934 0.5636363626
58470  25.135  52.238  9.423 0.5090909004
58471  25.121  52.979  9.546 0.4727272689
58472  25.077  52.706  8.881 0.5272727013
58473  24.266  53.237  7.273 0.5090909004
58474  24.570  53.572  7.859 0.5636363626
58475  24.202  54.006  7.355 0.5454545617
58477  23.801  54.447  6.809 0.5636363626
58478  23.393  54.903  6.215 0.5090909004
58479  23.436  54.078  6.238 0.5636363626
58480  23.159  52.270  4.958 0.5272727013
58481  22.976  53.169  4.976 0.4545454681
58482  22.904  52.666  4.416 0.5272727013
58483  22.702  53.004  3.819 0.5090909004
58484  22.936  52.118  3.808 0.5090909004
58485  28.230  48.630  0.679 0.2909090817
58486  27.437  48.614  0.489 0.3454545438
58487  27.960  48.632  0.053 0.3090909123
58489  27.345  48.748  -1.247 0.2909090817
65565  31.461  49.493  0.453 0.1636363566
65566  31.964  49.730  0.189 0.1272727251
65567  32.008  49.962  0.872 0.1818181872
65655  29.041  46.715  13.440 0.3818181753
65656  28.365  46.571  13.290 0.3454545438
65657  28.788  46.575  12.859 0.4000000060
65658  28.755  46.422  11.163 0.5090909004
65659  28.279  46.398  11.684 0.5090909004
65660  27.976  46.413  11.069 0.5272727013
65661  27.282  46.602  11.010 0.5454545617
65662  27.706  46.486  10.462 0.5454545617
65663  30.534  46.631  8.990 0.5818181634
65664  30.078  46.454  9.439 0.5636363626
65665  29.774  46.381  8.820 0.5636363626
65666  27.939  46.345  8.157 0.7272727489
65667  28.266  46.212  8.709 0.6727272868
65668  27.591  46.407  8.724 0.6727272868
65669  27.196  46.623  9.342 0.6545454264
65670  26.969  46.789  8.768 0.7090908885
65671  26.411  47.273  8.825 0.7090908885
65672  26.638  47.029  8.234 0.7636363506
65673  26.408  47.371  6.545 0.6727272868
65674  26.128  47.532  7.131 0.6909090877
65675  25.878  47.871  6.638 0.7272727489
65676  25.430  48.508  6.762 0.7272727489
65677  25.618  48.254  6.135 0.7090908885
65678  25.365  48.544  5.635 0.6909090877
65679  25.910  48.058  5.554 0.6727272868
65680  27.262  47.601  4.494 0.6000000238
65681  26.559  47.814  4.494 0.5636363626
65682  26.955  47.844  4.002 0.5636363626
65683  26.646  48.136  3.547 0.5454545617
65684  27.358  48.030  3.605 0.5272727013
65685  30.361  48.059  4.833 0.5090909004
65686  29.580  47.848  4.773 0.5454545617
65687  29.956  48.242  4.369 0.5454545617
65688  29.653  48.824  3.060 0.4727272689
65689  29.182  48.468  3.398 0.5272727013
65690  28.929  48.591  2.904 0.4545454681
65691  28.273  48.393  2.787 0.4363636374
65692  28.730  48.643  2.372 0.4181818068
65693  28.594  48.604  1.799 0.3818181753
65694  29.298  48.861  1.963 0.3818181753
65695  30.936  49.483  1.510 0.2363636345
65696  30.378  49.135  1.179 0.2545454502
65697  30.930  49.317  0.871 0.2181818187
65698  30.857  49.188  0.182 0.1636363566
71081  30.692  47.117  13.832 0.2909090817
71082  31.123  47.267  13.357 0.3090909123
71083  31.013  47.230  12.733 0.3636363745
71084  31.583  47.410  12.826 0.3636363745
71089  33.220  48.011  12.664 0.2727272809
71090  33.187  47.984  12.073 0.3090909123
71091  32.617  47.762  11.935 0.3272727132
71092  33.065  47.967  11.518 0.3090909123
71093  32.883  47.967  10.942 0.3636363745
71094  33.376  48.202  11.087 0.2909090817
71096  34.146  48.999  10.315 0.2727272809
77198  32.892  50.071  -0.402 0.1090909094
77468  27.152  46.630  13.119 0.3818181753
77470  26.579  46.838  13.103 0.3818181753
77471  25.179  47.854  12.763 0.3818181753
77472  25.486  47.537  13.254 0.3818181753
77473  24.997  47.986  13.418 0.3818181753
77475  24.569  48.501  13.585 0.3818181753
77476  24.794  49.405  10.775 0.5818181634
77477  24.773  48.968  11.267 0.5636363626
77478  24.430  49.602  11.331 0.5454545617
77479  23.716  50.736  12.794 0.4363636374
77480  23.907  50.055  12.610 0.4363636374
77481  23.847  50.219  13.306 0.4181818068
77482  23.969  49.686  13.837 0.4181818068
77483  23.738  50.320  14.005 0.4181818068
77485  23.545  50.951  14.113 0.3818181753
77486  23.286  52.853  13.887 0.3636363745
77530  22.836  55.092  0.439 0.2545454502
77535  24.667  49.095  4.599 0.5636363626
77536  24.146  49.754  4.699 0.5272727013
77537  24.350  49.359  4.109 0.5636363626
77538  24.281  49.710  2.580 0.3818181753
77539  23.905  49.974  3.120 0.4363636374
77540  23.759  50.342  2.622 0.4000000060
77541  23.322  51.089  2.632 0.4363636374
77542  23.661  50.721  2.106 0.4000000060
77543  25.986  48.942  0.328 0.3090909123
77544  25.560  49.146  0.908 0.3454545438
77545  25.344  49.299  0.298 0.3090909123
77546  23.971  50.506  -0.162 0.2727272809
77547  24.255  50.378  0.317 0.2909090817
77548  23.845  50.974  0.469 0.3090909123
77549  23.565  51.418  1.030 0.3636363745
77550  23.483  51.702  0.501 0.3272727132
77551  23.230  52.477  0.524 0.2909090817
77552  23.240  51.909  -0.050 0.2363636345
92619  33.279  48.410  8.817 0.3818181753
92620  32.722  47.917  8.565 0.4545454681
92621  33.101  48.271  8.095 0.4000000060
92622  32.875  48.159  7.382 0.4181818068
92623  32.671  48.188  6.730 0.4363636374
92624  32.404  48.295  6.134 0.4545454681
92625  33.074  48.721  6.412 0.4000000060
94982  25.330  49.198  7.894 0.6727272868
94983  25.368  49.609  8.534 0.6363636255
94984  25.117  49.968  8.002 0.6000000238
94985  24.968  50.776  8.100 0.5818181634
94986  24.917  51.571  8.224 0.5454545617
94987  24.882  52.383  8.283 0.5272727013
94988  24.637  51.987  7.721 0.5454545617
94989  24.341  52.421  7.194 0.5454545617
94990  23.958  52.814  6.677 0.5818181634
94991  23.536  53.214  6.174 0.5818181634
94992  23.676  52.350  6.097 0.5818181634
94993  23.452  51.865  5.496 0.5818181634
94994  23.385  51.343  4.909 0.5272727013
94995  29.421  48.855  -0.180 0.2181818187
94996  28.520  48.712  -0.420 0.2545454502
94997  29.105  48.863  -0.858 0.1818181872
94998  28.798  49.008  -1.551 0.1818181872
99243  31.473  49.906  1.757 0.2000000030
99297  29.844  46.777  12.544 0.4181818068
99298  29.227  46.584  12.410 0.4545454681
99299  29.672  46.641  11.964 0.4727272689
99300  29.427  46.537  11.284 0.4909090996
99301  29.208  46.435  10.598 0.5090909004
99302  29.958  46.617  7.697 0.6727272868
99303  29.427  46.326  8.176 0.6181818247
99304  29.141  46.442  7.588 0.6909090877
99305  28.363  46.383  7.533 0.6909090877
99306  27.589  46.505  7.593 0.7454545498
99307  26.946  46.828  7.619 0.7454545498
99308  27.275  46.719  7.045 0.7636363506
99309  27.034  46.969  6.515 0.6727272868
99310  26.734  47.272  5.993 0.6727272868
99311  26.495  47.619  5.504 0.6909090877
99312  27.166  47.279  5.488 0.6727272868
99313  27.584  47.362  4.949 0.6363636255
99314  28.017  47.570  4.544 0.5636363626
99315  31.080  48.801  4.137 0.4181818068
99316  30.320  48.600  3.996 0.5454545617
99317  30.692  48.950  3.670 0.4727272689
99318  30.382  49.069  3.244 0.4000000060
99319  30.110  49.162  2.760 0.3636363745
99320  29.947  49.147  2.192 0.3454545438
99321  30.555  49.461  2.471 0.3090909123
99322  31.003  49.655  2.121 0.2727272809
106385  26.571  46.782  12.040 0.5454545617
106386  26.280  46.963  12.596 0.4545454681
106387  25.969  47.134  12.084 0.5090909004
106388  25.440  47.628  12.130 0.5272727013
106389  24.988  48.180  12.266 0.5090909004
106390  24.338  50.775  10.855 0.5636363626
106391  24.163  50.309  11.392 0.5272727013
106392  23.911  51.020  11.502 0.5454545617
106393  23.651  51.234  12.195 0.4545454681
106394  23.555  51.427  12.896 0.4181818068
106395  23.514  51.522  13.599 0.4181818068
106396  23.421  52.089  13.017 0.4000000060
106397  23.318  52.739  13.195 0.4181818068
106398  23.272  53.450  13.340 0.3454545438
106400  23.319  54.040  12.795 0.3818181753
106416  22.385  54.789  3.770 0.4363636374
106418  22.283  55.147  3.202 0.4000000060
106422  22.592  55.366  1.501 0.2909090817
106423  22.835  54.782  0.982 0.2909090817
106424  22.938  54.190  0.476 0.2727272809
106425  25.283  48.643  3.511 0.4909090996
106426  24.673  49.081  3.550 0.4727272689
106427  25.046  48.896  3.026 0.4545454681
106428  24.840  49.187  2.544 0.4000000060
106429  24.675  49.507  2.039 0.4000000060
106431  25.005  49.427  -0.330 0.2909090817
116229  32.502  49.981  3.830 0.3090909123
116271  31.724  47.377  10.618 0.4727272689
116272  31.067  46.970  10.370 0.4727272689
116273  31.532  47.134  9.905 0.4545454681
116274  31.272  46.900  9.191 0.5090909004
116275  31.019  46.869  8.517 0.5636363626
116276  32.143  47.502  8.308 0.4545454681
116277  31.512  47.168  8.031 0.5090909004
116278  30.794  46.866  7.838 0.6181818247
116279  30.481  46.901  7.232 0.6000000238
116280  30.169  46.977  6.658 0.5818181634
116281  29.791  47.102  6.128 0.6545454264
116282  29.482  47.290  5.668 0.6181818247
116283  30.281  47.477  5.727 0.5636363626
116284  30.701  47.857  5.287 0.4727272689
116285  31.101  48.246  4.887 0.4545454681
116286  32.061  48.447  5.567 0.4363636374
116287  31.755  48.581  5.044 0.4181818068
116288  31.444  48.667  4.570 0.4181818068
116289  31.782  49.102  4.263 0.4545454681
116290  32.156  49.539  4.027 0.3636363745
121784  25.808  47.863  10.030 0.6000000238
121785  25.474  48.133  10.631 0.6181818247
121786  25.461  48.493  10.111 0.6181818247
121787  25.200  49.183  10.198 0.6181818247
121788  24.996  49.883  10.259 0.6181818247
121789  25.352  50.002  9.130 0.6363636255
121790  25.193  50.300  9.727 0.6181818247
121791  24.830  50.518  10.310 0.6000000238
121792  24.620  51.274  10.423 0.5818181634
121793  24.415  52.015  10.522 0.5454545617
121794  24.283  52.758  10.610 0.5090909004
121795  24.216  53.492  10.696 0.4545454681
121796  24.687  53.205  10.142 0.5090909004
121799  24.867  53.173  8.354 0.4909090996
121808  22.770  54.907  4.954 0.4545454681
121809  23.153  53.649  5.588 0.5272727013
121810  22.841  54.047  4.984 0.4545454681
121811  22.565  54.436  4.334 0.4727272689
121812  22.509  53.887  3.801 0.4181818068
121813  22.548  53.367  3.261 0.4181818068
121814  22.685  52.863  2.709 0.3818181753
121815  27.062  48.548  1.579 0.3818181753
121816  26.349  48.674  1.544 0.4000000060
121817  26.909  48.621  0.965 0.3818181753
121818  26.691  48.715  0.363 0.3090909123
121819  26.426  48.796  -0.232 0.2909090817
121820  27.645  48.658  -0.598 0.2727272809
121821  26.823  48.725  -0.751 0.2727272809
131433  31.145  49.311  -0.912 0.1636363566
131434  31.605  49.501  -1.210 0.1636363566
131435  31.845  49.555  -0.507 0.1454545408
131436  32.408  49.896  -0.104 0.1454545408
131550  27.753  46.527  13.178 0.3636363745
131551  27.486  46.510  12.617 0.4545454681
131552  28.548  46.442  12.275 0.4363636374
131553  27.873  46.415  12.167 0.4909090996
131554  27.215  46.537  12.068 0.5272727013
131555  26.892  46.678  11.509 0.5636363626
131556  26.624  46.911  11.007 0.5636363626
131557  26.369  47.151  10.500 0.5454545617
131558  30.374  46.670  10.147 0.5090909004
131559  29.667  46.447  10.000 0.5454545617
131560  28.939  46.306  9.905 0.5636363626
131561  29.029  46.233  8.722 0.6363636255
131562  28.614  46.226  9.284 0.6363636255
131563  28.173  46.265  9.831 0.6363636255
131564  27.452  46.534  9.894 0.5818181634
131565  26.793  46.898  9.927 0.6181818247
131566  26.229  47.348  9.973 0.6000000238
131567  26.137  47.585  9.438 0.6363636255
131568  25.973  47.803  8.877 0.7090908885
131569  25.810  48.142  8.319 0.7272727489
131570  26.382  47.291  7.671 0.7454545498
131571  25.920  47.840  7.726 0.7636363506
131572  25.607  48.487  7.802 0.7272727489
131573  25.345  48.840  7.342 0.6727272868
131574  25.073  49.242  6.833 0.7090908885
131575  24.823  49.642  6.307 0.6545454264
131576  24.475  49.913  5.803 0.6181818247
131577  24.892  49.210  5.716 0.6545454264
131578  25.051  48.825  5.115 0.5818181634
131579  25.256  48.533  4.518 0.6000000238
131580  26.217  47.894  5.026 0.6545454264
131581  25.906  48.153  4.518 0.6000000238
131582  25.560  48.422  3.998 0.5272727013
131583  25.953  48.348  3.520 0.5090909004
131584  26.387  48.326  3.091 0.4909090996
131585  26.836  48.378  2.633 0.4545454681
131586  29.137  47.468  5.171 0.6000000238
131587  28.790  47.665  4.684 0.5818181634
131588  28.452  47.855  4.204 0.5454545617
131589  29.584  48.359  3.899 0.5090909004
131590  28.856  48.131  3.821 0.5272727013
131591  28.095  48.018  3.721 0.5454545617
131592  27.815  48.208  3.209 0.4909090996
131593  27.573  48.342  2.681 0.4545454681
131594  27.267  48.440  2.122 0.4363636374
131595  27.817  48.520  1.662 0.3818181753
131596  28.441  48.631  1.239 0.3636363745
131597  29.117  48.766  0.832 0.2909090817
131598  29.864  48.999  1.532 0.3272727132
131599  29.782  48.899  0.944 0.2909090817
131600  29.652  48.879  0.407 0.2363636345
131601  30.183  48.976  -0.027 0.2363636345
131602  30.709  49.097  -0.483 0.1636363566
138395  29.607  46.822  13.603 0.3454545438
138397  30.134  46.955  13.740 0.3272727132
138398  29.973  46.889  13.121 0.3636363745
138399  30.410  46.989  12.637 0.3636363745
138400  30.891  47.134  12.147 0.4000000060
138401  31.385  47.294  11.671 0.4000000060
138404  32.196  47.615  13.625 0.2727272809
138406  32.703  47.809  13.146 0.2909090817
138407  32.146  47.594  12.973 0.3090909123
138408  32.106  47.553  12.343 0.3272727132
138409  32.009  47.530  11.797 0.3454545438
138410  31.869  47.523  11.253 0.3818181753
138411  32.336  47.691  10.790 0.3818181753
138412  32.729  47.900  10.370 0.4000000060
138413  33.091  48.176  9.966 0.3818181753
138414  33.785  48.603  10.732 0.3454545438
138415  33.586  48.575  10.184 0.3272727132
138416  33.395  48.511  9.536 0.3636363745
138417  33.766  48.894  9.118 0.3818181753
146184  26.028  47.128  13.117 0.4000000060
146190  25.148  48.377  11.194 0.5818181634
146191  24.857  48.539  11.783 0.5454545617
146192  24.588  48.789  12.385 0.4909090996
146193  24.108  49.855  11.939 0.4909090996
146194  24.235  49.441  12.498 0.4545454681
146195  24.383  48.990  13.054 0.4363636374
146196  24.228  49.080  13.720 0.4181818068
146262  24.080  50.163  5.296 0.5636363626
146263  23.700  50.490  4.789 0.5272727013
146264  23.438  50.857  4.287 0.5272727013
146265  24.100  49.660  3.614 0.5090909004
146266  23.586  50.386  3.675 0.5090909004
146267  23.204  51.249  3.757 0.5090909004
146268  23.083  51.586  3.203 0.5090909004
146269  22.976  51.960  2.662 0.4000000060
146270  22.924  52.372  2.171 0.3818181753
146271  25.687  48.887  1.505 0.4000000060
146272  25.110  49.356  1.510 0.3818181753
146273  24.560  49.832  1.520 0.3818181753
146274  24.761  49.795  0.286 0.2909090817
146275  24.416  50.093  0.905 0.3454545438
146276  24.045  50.384  1.539 0.3636363745
146277  23.604  51.084  1.538 0.4000000060
146278  23.247  51.862  1.623 0.3818181753
146279  22.981  52.721  1.674 0.3454545438
146280  23.113  53.062  1.132 0.2909090817
146281  23.065  53.316  0.522 0.2909090817
265  21.411  55.576  -1.809 0.0727272704
745  23.212  53.379  -6.704 0.0181818176
746  16.881  56.772  -6.730 0.0181818176
1863  29.463  52.763  -6.362 0.0181818176
1882  24.353  49.815  -2.715 0.1636363566
3678  14.625  56.941  -9.498 0.0181818176
4095  29.679  50.607  -4.182 0.0181818176
4096  31.771  52.478  -5.479 0.0181818176
4097  32.672  50.103  -3.041 0.0363636352
4137  27.566  49.074  -2.376 0.1636363566
4138  26.720  50.304  -4.698 0.0181818176
5949  21.263  53.386  -4.255 0.0363636352
5950  19.170  56.536  -4.101 0.0363636352
5951  19.963  54.509  -6.716 0.0181818176
5952  18.632  55.713  -9.403 0.0181818176
7646  16.799  59.714  -4.924 0.0181818176
8261  22.813  54.462  -0.052 0.2000000030
8264  22.208  52.014  -2.218 0.0909090936
8265  23.736  51.331  -4.761 0.0363636352
8266  26.328  52.843  -6.606 0.0181818176
11358  13.701  57.048  -11.091 0.0181818176
11359  12.917  58.381  -9.671 0.0181818176
11775  30.285  49.820  -2.917 0.0363636352
11776  31.168  50.372  -3.595 0.0363636352
11777  31.779  49.773  -2.236 0.0727272704
11817  29.368  49.244  -1.994 0.1090909094
11818  28.685  49.708  -3.263 0.0363636352
13755  22.052  53.060  -5.583 0.0363636352
13756  20.625  54.033  -5.464 0.0363636352
13757  21.664  54.006  -6.781 0.0181818176
13759  20.744  56.049  -9.183 0.0181818176
13760  19.955  56.970  -10.307 0.0181818176
13761  17.925  56.578  -10.574 0.0181818176
16793  17.987  56.728  -5.367 0.0363636352
16794  17.990  58.166  -4.342 0.0363636352
16795  16.783  58.321  -5.769 0.0181818176
18048  33.275  51.981  -5.178 0.0363636352
18168  24.980  49.408  -1.543 0.2727272809
18170  23.743  50.274  -1.421 0.2545454502
18171  22.842  51.522  -1.224 0.1818181872
18172  23.184  50.712  -2.542 0.1090909094
18173  22.739  51.359  -3.564 0.0545454547
18174  23.994  50.429  -3.738 0.0363636352
18175  28.092  51.294  -5.468 0.0181818176
18176  26.505  51.477  -5.641 0.0181818176
18177  27.889  52.583  -6.404 0.0181818176
18178  27.696  54.097  -7.279 0.0181818176
23229  24.455  54.516  -7.451 0.0181818176
23230  22.973  54.953  -7.628 0.0181818176
25052  15.736  56.854  -8.066 0.0181818176
25053  15.474  58.484  -7.013 0.0181818176
25054  14.085  58.507  -8.323 0.0181818176
25803  29.457  51.550  -5.396 0.0181818176
25804  30.548  52.717  -5.906 0.0181818176
25805  30.772  51.501  -4.762 0.0181818176
25806  32.204  51.118  -4.406 0.0363636352
25807  33.612  50.567  -3.859 0.0363636352
25878  26.502  48.880  -1.394 0.2545454502
25879  25.831  49.296  -2.667 0.1818181872
25880  25.362  49.752  -3.830 0.0363636352
25881  26.946  49.574  -3.613 0.0545454547
25882  28.233  50.269  -4.445 0.0181818176
29241  21.021  54.317  -2.870 0.0363636352
29242  20.351  56.148  -3.014 0.0363636352
29243  20.248  54.973  -4.109 0.0363636352
29244  19.279  55.225  -5.275 0.0363636352
29245  18.277  55.392  -6.616 0.0181818176
29246  21.325  55.027  -7.986 0.0181818176
29247  19.384  54.982  -8.147 0.0181818176
29248  17.456  55.704  -8.021 0.0181818176
29249  16.594  56.039  -9.391 0.0181818176
29250  15.788  56.578  -10.838 0.0181818176
33368  19.313  57.891  -3.158 0.0363636352
34946  33.228  49.912  -1.503 0.0545454547
34947  34.108  50.081  -2.256 0.0545454547
34948  35.038  50.362  -3.017 0.0545454547
35081  22.199  54.891  -0.956 0.1272727251
35089  22.350  53.147  -1.036 0.1454545408
35090  21.657  53.656  -1.934 0.0727272704
35091  21.684  52.682  -3.221 0.0545454547
35092  22.432  52.246  -4.571 0.0363636352
35093  23.475  52.391  -5.769 0.0181818176
35094  25.127  50.626  -4.810 0.0363636352
35095  25.005  51.891  -5.769 0.0181818176
35096  24.740  53.059  -6.695 0.0181818176
35097  26.006  54.282  -7.467 0.0181818176
42077  21.176  56.558  -1.965 0.0727272704
42495  30.577  49.492  -2.253 0.0545454547
42496  31.018  49.738  -2.607 0.0545454547
42497  31.314  49.531  -1.926 0.0727272704
42538  29.846  49.480  -2.417 0.0909090936
44475  22.596  53.126  -6.206 0.0181818176
44476  21.861  53.543  -6.198 0.0181818176
44477  22.463  53.714  -6.758 0.0181818176
47513  17.440  56.721  -6.063 0.0181818176
47514  17.398  57.508  -5.543 0.0363636352
47515  16.798  57.544  -6.218 0.0181818176
48765  29.352  53.350  -6.804 0.0181818176
48767  30.005  53.324  -6.637 0.0181818176
48888  24.645  49.601  -2.123 0.2000000030
48889  24.315  49.782  -1.461 0.2363636345
48890  24.006  49.989  -2.079 0.2000000030
48891  23.444  50.464  -2.015 0.1454545408
48892  23.748  50.229  -2.641 0.1090909094
48893  23.506  50.501  -3.158 0.0727272704
48894  24.115  50.081  -3.251 0.0545454547
48895  28.796  51.988  -5.920 0.0181818176
48896  27.995  51.895  -5.923 0.0181818176
48897  28.684  52.569  -6.370 0.0181818176
48898  28.609  53.249  -6.812 0.0181818176
57113  15.175  56.942  -8.764 0.0181818176
57114  14.903  57.674  -8.147 0.0181818176
57115  14.297  57.668  -8.869 0.0181818176
57116  12.130  59.200  -9.759 0.0181818176
57117  12.724  59.281  -9.136 0.0181818176
58365  29.512  51.062  -4.810 0.0181818176
58366  30.098  51.580  -5.080 0.0181818176
58367  30.223  51.090  -4.453 0.0181818176
58368  31.902  50.277  -3.344 0.0363636352
58369  31.657  50.747  -3.987 0.0363636352
58370  32.398  50.567  -3.751 0.0363636352
58371  32.880  50.849  -4.150 0.0363636352
58372  33.132  50.340  -3.443 0.0363636352
58488  27.905  48.926  -1.731 0.2000000030
58490  27.025  48.925  -1.885 0.2181818187
58491  26.174  49.057  -2.035 0.2181818187
58492  26.657  49.136  -2.520 0.2000000030
58493  26.344  49.370  -3.149 0.1636363566
58494  27.212  49.315  -2.990 0.1090909094
58495  29.222  50.148  -3.764 0.0181818176
58496  28.413  49.946  -3.899 0.0181818176
58497  28.976  50.471  -4.343 0.0181818176
58498  28.853  50.870  -4.903 0.0181818176
64305  21.072  53.796  -3.557 0.0363636352
64306  20.657  54.699  -3.512 0.0363636352
64307  20.731  54.160  -4.167 0.0363636352
64308  20.297  54.282  -6.073 0.0363636352
64309  19.946  54.562  -5.381 0.0363636352
64310  19.521  54.769  -5.979 0.0363636352
64311  18.764  55.351  -5.908 0.0363636352
64312  19.100  54.903  -6.647 0.0181818176
64314  22.188  55.033  -7.812 0.0181818176
64315  22.017  55.674  -8.415 0.0181818176
64316  19.669  55.869  -9.351 0.0181818176
64317  20.059  55.412  -8.723 0.0181818176
64318  19.021  55.391  -8.767 0.0181818176
64319  18.384  55.241  -8.083 0.0181818176
64320  17.996  55.529  -8.743 0.0181818176
64321  17.021  55.872  -8.696 0.0181818176
64322  17.604  55.784  -9.410 0.0181818176
64324  16.883  56.517  -10.697 0.0181818176
73418  19.772  56.379  -3.549 0.0363636352
73419  19.864  57.030  -3.079 0.0363636352
73420  19.221  57.231  -3.591 0.0363636352
73421  17.383  58.931  -4.605 0.0363636352
73422  18.038  58.812  -3.934 0.0363636352
73423  17.416  59.559  -4.230 0.0181818176
77183  31.118  52.659  -5.687 0.0181818176
77184  31.156  53.351  -6.112 0.0181818176
77199  32.728  49.803  -1.136 0.0727272704
77200  33.380  50.182  -0.723 0.0909090936
77202  34.338  50.274  -1.419 0.0545454547
77203  34.779  50.307  -1.806 0.0363636352
77204  34.569  50.224  -2.644 0.0545454547
77534  22.522  54.651  -0.525 0.1454545408
77553  22.531  51.759  -1.741 0.1090909094
77554  22.553  52.322  -1.121 0.1636363566
77555  22.203  52.540  -1.595 0.1272727251
77556  21.990  53.352  -1.475 0.1090909094
77557  21.882  52.806  -2.065 0.0727272704
77558  21.587  53.143  -2.540 0.0727272704
77559  21.925  52.302  -2.721 0.0727272704
77560  23.180  51.283  -4.186 0.0363636352
77561  22.541  51.762  -4.069 0.0363636352
77562  23.073  51.771  -4.712 0.0363636352
77563  22.929  52.266  -5.198 0.0363636352
77564  23.622  51.887  -5.267 0.0363636352
77565  26.011  49.966  -4.288 0.0363636352
77566  25.245  50.153  -4.301 0.0363636352
77567  25.911  50.412  -4.773 0.0181818176
77568  26.404  52.171  -6.142 0.0181818176
77569  25.727  51.687  -5.747 0.0181818176
77570  25.638  52.316  -6.254 0.0181818176
77571  24.889  52.437  -6.272 0.0181818176
77572  25.510  52.925  -6.664 0.0181818176
77573  25.344  53.591  -7.094 0.0181818176
77574  26.184  53.529  -7.029 0.0181818176
94172  14.115  56.990  -10.262 0.0181818176
94173  13.713  57.606  -9.595 0.0181818176
94174  13.179  57.562  -10.318 0.0181818176
94175  12.357  58.278  -10.372 0.0181818176
94923  29.986  50.209  -3.578 0.0363636352
94924  30.419  50.558  -3.867 0.0363636352
94925  30.722  50.092  -3.257 0.0363636352
94926  31.477  50.009  -2.931 0.0363636352
94927  32.254  49.944  -2.605 0.0545454547
94999  28.470  49.174  -2.224 0.1090909094
95000  28.103  49.352  -2.812 0.0363636352
95001  29.017  49.453  -2.623 0.0545454547
95002  29.520  49.797  -3.096 0.0181818176
98487  21.598  53.150  -4.916 0.0363636352
98488  20.959  53.765  -4.857 0.0363636352
98489  21.330  53.537  -5.522 0.0363636352
98490  21.075  53.896  -6.145 0.0181818176
98491  20.824  54.252  -6.767 0.0181818176
98493  21.736  56.247  -8.986 0.0181818176
98495  20.340  56.544  -9.814 0.0181818176
98496  19.269  56.280  -9.941 0.0181818176
98497  18.221  56.121  -9.996 0.0181818176
98498  18.897  56.744  -10.481 0.0181818176
103955  18.574  56.660  -4.689 0.0363636352
103956  18.594  57.359  -4.182 0.0363636352
103957  17.977  57.477  -4.830 0.0363636352
103958  17.406  58.258  -5.056 0.0181818176
103959  16.818  59.073  -5.322 0.0181818176
106214  32.534  52.291  -5.314 0.0181818176
106224  34.036  50.599  -0.253 0.0545454547
106430  25.333  49.224  -0.934 0.2909090817
106432  24.674  49.623  -0.895 0.2909090817
106433  24.106  50.095  -0.811 0.2545454502
106434  23.635  50.643  -0.725 0.2363636345
106435  23.245  51.341  -0.650 0.2000000030
106436  23.258  50.853  -1.338 0.2181818187
106437  22.950  51.056  -1.885 0.1454545408
106438  22.654  51.282  -2.408 0.1090909094
106439  22.398  51.595  -2.902 0.0909090936
106440  22.945  51.006  -3.053 0.0909090936
106441  23.356  50.879  -3.668 0.0363636352
106442  23.853  50.850  -4.250 0.0363636352
106443  27.379  50.723  -5.110 0.0181818176
106444  26.633  50.810  -5.183 0.0181818176
106445  27.299  51.347  -5.542 0.0181818176
106446  27.176  52.013  -6.000 0.0181818176
106447  27.100  52.709  -6.474 0.0181818176
106448  26.999  53.437  -6.937 0.0181818176
106449  27.813  53.328  -6.846 0.0181818176
115641  23.844  53.859  -7.131 0.0181818176
115642  23.107  54.117  -7.199 0.0181818176
115643  23.722  54.749  -7.498 0.0181818176
119894  16.286  56.825  -7.375 0.0181818176
119895  16.172  57.602  -6.848 0.0181818176
119896  15.532  57.643  -7.471 0.0181818176
119897  14.763  58.516  -7.648 0.0181818176
119899  13.478  58.445  -9.000 0.0181818176
119900  13.334  59.343  -8.501 0.0181818176
121647  29.470  52.126  -5.867 0.0181818176
121648  30.022  52.707  -6.133 0.0181818176
121649  30.018  52.129  -5.643 0.0181818176
121650  30.599  52.155  -5.369 0.0181818176
121651  31.227  51.972  -5.141 0.0181818176
121652  30.928  50.916  -4.199 0.0363636352
121653  31.423  51.308  -4.560 0.0363636352
121654  31.974  51.787  -4.954 0.0363636352
121655  32.728  51.548  -4.777 0.0363636352
121656  33.434  51.237  -4.559 0.0363636352
121657  34.169  50.933  -4.213 0.0363636352
121822  26.051  48.897  -0.870 0.2909090817
121823  25.714  49.101  -1.499 0.2363636345
121824  25.370  49.286  -2.118 0.2000000030
121825  25.062  49.526  -2.750 0.1272727251
121826  24.817  49.763  -3.307 0.0909090936
121827  25.561  49.530  -3.298 0.0727272704
121828  26.123  49.622  -3.753 0.0545454547
121829  26.850  49.885  -4.187 0.0181818176
121830  27.772  49.547  -3.429 0.0363636352
121831  27.624  49.854  -4.042 0.0181818176
121832  27.497  50.264  -4.596 0.0181818176
121833  28.134  50.751  -4.995 0.0181818176
121834  28.888  51.373  -5.478 0.0181818176
129837  21.177  54.920  -2.308 0.0727272704
129838  20.912  55.928  -2.411 0.0727272704
129839  20.728  55.292  -2.909 0.0363636352
129840  20.240  55.575  -3.526 0.0363636352
129841  19.719  55.742  -4.073 0.0363636352
129842  20.362  54.426  -4.763 0.0363636352
129843  19.770  55.119  -4.676 0.0363636352
129844  19.160  55.858  -4.639 0.0363636352
129845  18.610  55.966  -5.269 0.0363636352
129846  18.029  55.997  -5.924 0.0181818176
129847  17.558  56.021  -6.648 0.0181818176
129848  22.367  54.323  -7.267 0.0181818176
129849  21.529  54.495  -7.394 0.0181818176
129850  20.611  54.569  -7.434 0.0181818176
129851  21.068  55.532  -8.599 0.0181818176
129852  20.381  54.988  -8.102 0.0181818176
129853  19.666  54.707  -7.448 0.0181818176
129854  18.742  54.973  -7.419 0.0181818176
129855  17.873  55.416  -7.350 0.0181818176
129856  17.060  56.102  -7.333 0.0181818176
129857  16.586  56.244  -8.011 0.0181818176
129858  16.091  56.312  -8.705 0.0181818176
129859  15.589  56.443  -9.401 0.0181818176
129860  17.220  56.114  -10.011 0.0181818176
129861  16.174  56.282  -10.067 0.0181818176
129862  15.137  56.574  -10.176 0.0181818176
129863  14.699  56.758  -10.973 0.0181818176
141254  20.568  56.845  -2.551 0.0545454547
141255  20.114  57.724  -2.675 0.0363636352
141256  19.628  58.551  -2.802 0.0363636352
141257  18.649  58.028  -3.716 0.0363636352
141258  18.783  58.658  -3.325 0.0363636352
141263  16.129  58.420  -6.415 0.0181818176
145838  30.578  53.290  -6.378 0.0181818176
145856  32.020  49.655  -1.536 0.0727272704
145857  32.528  49.777  -1.887 0.0727272704
145858  33.016  49.835  -2.288 0.0727272704
145859  33.884  50.217  -1.065 0.0545454547
145860  33.712  49.962  -1.872 0.0545454547
145861  33.414  50.017  -2.672 0.0545454547
145862  33.863  50.187  -3.091 0.0545454547
145863  34.346  50.370  -3.482 0.0363636352
146261  21.779  55.233  -1.352 0.0727272704
146282  22.907  53.572  -0.041 0.2363636345
146283  22.945  52.129  -0.604 0.2000000030
146284  22.722  52.955  -0.574 0.1454545408
146285  22.543  53.794  -0.534 0.1636363566
146286  22.222  54.004  -0.983 0.1454545408
146287  21.863  54.278  -1.398 0.1090909094
146288  21.527  54.587  -1.814 0.0727272704
146289  21.363  53.996  -2.385 0.0727272704
146290  21.318  53.509  -3.026 0.0363636352
146291  21.476  53.006  -3.751 0.0363636352
146292  22.140  51.925  -3.406 0.0727272704
146293  21.966  52.323  -3.927 0.0363636352
146294  21.811  52.774  -4.417 0.0363636352
146295  22.263  52.691  -5.077 0.0363636352
146296  22.735  52.687  -5.731 0.0181818176
146297  23.362  52.866  -6.249 0.0181818176
146298  24.651  50.010  -3.777 0.0363636352
146299  24.533  50.442  -4.276 0.0363636352
146300  24.410  50.934  -4.790 0.0363636352
146301  25.830  51.023  -5.246 0.0181818176
146302  25.065  51.270  -5.275 0.0181818176
146303  24.364  51.553  -5.274 0.0181818176
146304  24.254  52.133  -5.775 0.0181818176
146305  24.142  52.655  -6.262 0.0181818176
146306  23.988  53.232  -6.705 0.0181818176
146307  24.578  53.724  -7.115 0.0181818176
146308  25.208  54.394  -7.476 0.0181818176
146310  26.863  54.219  -7.389 0.0181818176
