#!ascii label  , from subject fsaverage vox2ras=TkReg
2037
14  32.645  18.694  47.165 0.3636363745
871  29.470  3.980  52.387 0.3454545438
1812  32.036  13.986  49.166 0.5090909004
1844  33.409  9.297  54.220 0.3272727132
2618  30.421  22.361  45.429 0.3090909123
2619  32.264  21.055  46.949 0.2727272809
3984  31.628  11.287  50.028 0.5272727013
4051  32.921  11.791  52.031 0.4545454681
4052  31.851  8.794  52.395 0.4000000060
4054  31.490  3.841  54.025 0.2545454502
6175  30.338  6.388  51.845 0.4727272689
8155  33.959  16.623  48.950 0.2727272809
8156  33.601  14.370  50.629 0.4363636374
8157  34.563  12.155  53.335 0.2727272809
8159  31.783  6.366  54.016 0.3272727132
10298  31.440  20.716  46.349 0.4000000060
10299  32.439  19.982  46.996 0.3272727132
10321  33.202  20.425  47.436 0.2363636345
10322  33.313  19.260  47.615 0.2545454502
11731  31.884  10.044  51.209 0.4727272689
11732  31.248  8.737  51.377 0.4000000060
13610  31.233  22.860  46.091 0.2727272809
13611  30.670  23.426  44.835 0.2727272809
17709  32.323  15.220  48.491 0.5272727013
17911  33.056  15.398  49.221 0.4000000060
17912  32.812  14.263  49.987 0.5272727013
17913  33.241  10.638  53.263 0.4181818068
17914  33.717  12.114  52.809 0.3636363745
17915  34.096  10.899  53.956 0.2909090817
17918  30.026  5.249  52.227 0.3636363745
17919  30.993  6.397  52.939 0.3636363745
17920  30.613  5.157  53.340 0.2909090817
17922  32.562  5.223  55.248 0.2545454502
19868  34.480  15.491  50.009 0.2181818187
23144  31.210  21.734  46.318 0.3636363745
23145  32.135  22.113  46.885 0.2545454502
25602  31.861  12.610  49.707 0.5272727013
25723  32.564  12.956  50.612 0.5272727013
25724  32.295  11.515  51.002 0.5090909004
25725  32.507  10.267  52.269 0.4181818068
25726  32.552  8.904  53.415 0.3454545438
25727  29.645  2.481  52.047 0.3090909123
25728  30.246  3.814  53.398 0.3272727132
25729  30.743  2.740  52.547 0.2545454502
29767  30.420  7.549  51.275 0.4000000060
29769  29.519  5.350  51.227 0.4000000060
29770  28.870  4.127  51.340 0.4000000060
34524  32.718  17.476  47.443 0.4363636374
34771  33.353  17.707  47.991 0.2909090817
34772  33.295  16.560  48.496 0.3636363745
34773  33.740  15.533  49.814 0.3090909123
34774  34.417  14.427  51.010 0.3090909123
34775  33.366  13.193  51.408 0.4545454681
34776  34.155  13.408  52.019 0.3272727132
34781  31.113  7.538  52.310 0.3272727132
34782  31.773  7.614  53.357 0.3090909123
34783  32.645  7.775  54.326 0.2909090817
34784  31.448  5.149  54.441 0.3090909123
34785  32.585  6.494  54.977 0.2363636345
37150  34.070  18.069  48.335 0.2181818187
41018  32.085  19.827  46.701 0.3636363745
41019  32.556  19.362  47.053 0.3090909123
41041  32.894  19.570  47.335 0.2909090817
41042  32.986  18.949  47.401 0.2909090817
44330  31.753  23.056  46.302 0.2545454502
44331  31.407  23.439  45.734 0.2363636345
44332  31.911  23.636  45.992 0.2181818187
48425  31.616  13.702  48.821 0.5090909004
48429  32.176  14.635  48.851 0.5090909004
48631  32.546  14.778  49.249 0.4545454681
48632  32.418  14.180  49.547 0.5272727013
48633  33.280  9.890  53.788 0.3272727132
48634  33.627  10.645  53.636 0.3272727132
48635  33.740  10.099  54.099 0.2909090817
48636  34.203  10.227  54.467 0.2181818187
48637  33.820  9.483  54.647 0.2545454502
48638  29.606  4.604  52.311 0.3454545438
48639  30.330  5.166  52.739 0.3636363745
48640  30.037  4.588  52.890 0.3272727132
53930  31.848  20.904  46.667 0.3090909123
53931  31.273  21.236  46.325 0.4000000060
53932  31.726  21.433  46.670 0.3636363745
53933  31.626  21.943  46.634 0.3090909123
53934  32.189  21.588  46.948 0.2909090817
54001  32.660  21.819  47.038 0.2181818187
54002  32.742  21.314  47.116 0.2545454502
54003  33.667  20.091  47.676 0.2181818187
58027  31.411  11.728  49.410 0.5636363626
58028  31.464  12.389  49.260 0.5454545617
58029  31.761  11.960  49.883 0.5454545617
58231  32.114  12.118  50.258 0.5636363626
58232  31.992  11.426  50.443 0.5272727013
58233  31.927  9.472  51.866 0.4181818068
58234  32.194  10.181  51.809 0.4181818068
58235  32.217  9.493  52.342 0.4000000060
58236  32.521  9.672  52.890 0.4181818068
58237  32.180  8.856  52.928 0.3636363745
58238  29.933  1.932  51.389 0.2545454502
58239  30.157  2.495  52.224 0.2909090817
63868  30.839  23.977  44.454 0.2545454502
65436  29.209  4.742  51.338 0.3818181753
76164  32.682  16.878  47.675 0.4181818068
76771  33.026  17.035  48.026 0.3636363745
76772  32.962  16.471  48.281 0.3636363745
76773  33.294  14.913  49.879 0.4181818068
76774  33.402  15.458  49.474 0.3636363745
76775  33.673  14.956  50.226 0.4181818068
76776  34.048  14.998  50.384 0.3454545438
76777  34.019  14.435  50.829 0.3818181753
76778  32.808  12.444  51.263 0.4909090996
76779  32.958  13.174  51.005 0.4545454681
76780  33.157  12.516  51.754 0.4181818068
76781  34.175  12.109  53.133 0.2727272809
76782  33.946  12.832  52.447 0.3272727132
76783  34.360  12.735  52.705 0.2727272809
76784  34.520  13.290  52.228 0.2181818187
76785  34.782  12.709  52.883 0.2181818187
76787  34.967  12.161  53.480 0.2363636345
76793  30.417  7.022  51.598 0.3636363745
76794  30.787  7.587  51.813 0.3454545438
76795  30.712  6.948  52.125 0.3636363745
76796  31.388  6.361  53.494 0.3454545438
76797  31.365  6.975  53.172 0.3272727132
76798  31.819  6.998  53.757 0.3272727132
76799  32.208  7.665  53.872 0.2909090817
76800  32.249  7.060  54.227 0.2727272809
76801  30.750  3.711  53.718 0.3090909123
76802  30.753  4.463  53.949 0.2909090817
76803  31.301  4.465  54.381 0.2727272809
76805  32.502  5.883  55.261 0.2545454502
82643  33.663  17.180  48.462 0.2909090817
82644  33.723  17.891  48.185 0.2545454502
82645  34.031  17.290  48.598 0.2363636345
92263  31.588  20.212  46.366 0.3636363745
92264  31.977  20.380  46.640 0.3272727132
92265  32.328  20.550  46.962 0.3090909123
92305  32.797  20.759  47.197 0.2909090817
92306  32.816  20.181  47.270 0.3090909123
92307  33.247  19.853  47.529 0.2545454502
92308  33.687  19.491  47.793 0.2363636345
94843  31.784  10.716  50.596 0.5090909004
94844  31.550  10.022  50.714 0.4909090996
94845  31.599  9.354  51.304 0.4181818068
94846  31.600  8.795  51.905 0.3636363745
98224  30.756  22.666  45.752 0.2727272809
98225  30.536  22.901  45.162 0.2909090817
98226  30.921  23.212  45.449 0.2727272809
98227  31.115  23.731  45.095 0.2545454502
105967  32.867  15.899  48.542 0.4000000060
105968  32.707  15.329  48.936 0.4545454681
105969  32.936  14.839  49.604 0.4363636374
105970  33.204  14.296  50.291 0.4909090996
105971  33.126  11.232  52.624 0.4363636374
105972  33.365  12.064  52.423 0.4181818068
105973  33.472  11.310  53.106 0.3454545438
105974  33.938  11.401  53.422 0.3272727132
105975  34.349  11.547  53.685 0.2727272809
105976  34.745  11.600  53.924 0.2545454502
105977  34.530  10.947  54.218 0.2181818187
105980  30.229  5.833  52.085 0.4363636374
105981  30.661  6.382  52.387 0.3818181753
105982  30.537  5.788  52.625 0.4181818068
105983  30.919  5.744  53.133 0.3636363745
105984  31.220  5.733  53.732 0.3090909123
105985  32.166  4.030  54.197 0.2181818187
105986  31.981  4.483  54.632 0.2727272809
105987  32.768  4.697  54.894 0.2363636345
109490  34.176  16.070  49.531 0.2181818187
109491  34.295  16.759  49.067 0.2181818187
115438  30.879  21.065  45.997 0.4000000060
115439  30.745  21.575  45.999 0.4000000060
115440  30.683  22.103  45.935 0.3454545438
115441  31.187  22.284  46.253 0.3090909123
115442  31.639  22.500  46.531 0.2909090817
115443  32.115  22.632  46.752 0.2181818187
115541  33.181  20.989  47.343 0.2181818187
121175  31.530  13.046  49.066 0.5090909004
121176  31.926  13.309  49.451 0.5636363626
121459  32.351  13.513  49.836 0.4909090996
121460  32.231  12.813  50.056 0.5090909004
121461  32.441  12.243  50.835 0.4727272689
121462  32.626  11.717  51.485 0.4727272689
121463  32.110  10.770  51.119 0.4909090996
121464  32.429  10.981  51.672 0.4363636374
121465  32.742  11.055  52.179 0.4545454681
121466  32.851  10.413  52.769 0.4000000060
121467  32.906  9.716  53.358 0.3636363745
121468  32.919  9.135  53.904 0.3090909123
121469  29.385  3.212  52.313 0.3636363745
121470  29.820  3.915  52.941 0.3272727132
121471  29.871  3.150  52.784 0.3272727132
121472  30.447  3.120  53.038 0.2909090817
121473  31.059  3.248  53.294 0.2909090817
121475  31.322  2.983  52.666 0.2363636345
121476  31.702  3.481  53.490 0.2545454502
131265  30.157  7.034  51.078 0.4000000060
131266  30.068  6.499  51.341 0.4363636374
131268  29.665  5.946  51.013 0.4727272689
131269  29.954  5.866  51.542 0.4545454681
131270  29.764  5.300  51.739 0.4000000060
131271  29.468  4.729  51.825 0.3636363745
131272  29.093  4.016  51.863 0.3272727132
131281  28.967  3.278  51.837 0.3818181753
131282  29.081  2.478  51.673 0.3454545438
131283  29.417  1.834  51.258 0.3090909123
144606  32.702  18.075  47.279 0.4000000060
145339  33.054  18.206  47.527 0.2727272809
145340  33.052  17.575  47.723 0.3090909123
145341  33.335  17.120  48.223 0.3090909123
145342  33.610  16.589  48.790 0.3090909123
145343  33.178  15.964  48.843 0.3636363745
145344  33.511  16.004  49.125 0.2727272809
145345  33.858  16.093  49.346 0.2545454502
145346  34.100  15.539  49.948 0.3090909123
145347  34.515  14.967  50.505 0.2363636345
145348  34.782  14.365  51.159 0.2545454502
145349  32.685  13.630  50.328 0.5454545617
145350  33.096  13.714  50.668 0.4727272689
145351  33.505  13.798  51.004 0.4363636374
145352  33.530  12.764  52.121 0.3636363745
145353  33.751  13.319  51.732 0.3636363745
145354  33.917  13.878  51.280 0.3818181753
145355  34.304  13.910  51.505 0.3272727132
145356  34.690  13.777  51.682 0.2363636345
145367  30.849  8.137  51.381 0.4181818068
145368  31.181  8.165  51.937 0.4181818068
145369  31.493  8.156  52.397 0.3454545438
145370  31.060  6.948  52.635 0.3818181753
145371  31.369  7.506  52.813 0.3454545438
145372  31.801  8.105  52.914 0.3090909123
145373  32.190  8.281  53.448 0.2909090817
145374  32.554  8.378  53.937 0.3090909123
145375  33.037  8.508  54.298 0.3090909123
145376  30.381  4.540  53.463 0.3272727132
145377  31.009  5.156  53.898 0.2727272809
145378  31.644  5.793  54.291 0.2545454502
145379  31.906  5.178  54.901 0.2909090817
145380  32.014  5.752  54.736 0.2727272809
145381  32.180  6.380  54.534 0.2363636345
145383  33.089  7.922  54.779 0.2181818187
145384  33.478  8.768  54.752 0.2363636345
152416  33.351  18.445  47.775 0.2545454502
152417  33.719  18.692  47.964 0.2363636345
1000  21.207  17.987  56.116 0.2363636345
1002  21.035  22.640  52.455 0.4181818068
2921  21.786  20.401  54.625 0.3272727132
6126  21.537  6.858  58.683 0.3454545438
8652  19.437  28.307  50.490 0.2727272809
8654  20.437  30.478  48.524 0.2909090817
14049  22.105  5.824  59.706 0.2545454502
14518  21.573  21.579  53.523 0.4000000060
14519  21.416  22.010  54.991 0.2909090817
14520  21.282  23.239  53.940 0.3272727132
14522  20.653  24.283  52.844 0.3272727132
19090  19.853  27.989  49.162 0.3636363745
19095  20.170  31.154  47.255 0.2727272809
23686  21.382  17.617  54.776 0.4545454681
23687  21.488  19.171  55.501 0.3818181753
23688  21.630  18.882  54.039 0.4727272689
23689  21.687  19.971  53.102 0.4727272689
29651  21.439  8.036  58.884 0.2909090817
30309  21.163  20.677  55.919 0.2909090817
34464  21.096  16.935  56.487 0.2545454502
34467  21.271  16.688  55.373 0.3636363745
34475  22.569  3.554  59.158 0.2909090817
34476  22.444  4.547  59.524 0.2545454502
36208  19.892  25.340  51.599 0.3454545438
36209  19.661  27.000  51.796 0.2909090817
36210  19.147  28.509  51.917 0.2363636345
36215  21.002  29.733  47.475 0.2909090817
36216  20.622  28.926  48.377 0.2909090817
36217  20.031  29.475  49.581 0.2363636345
36218  19.146  29.813  50.700 0.2545454502
45235  20.929  18.077  56.545 0.2181818187
45237  21.029  18.761  56.357 0.2181818187
45238  21.353  22.143  52.999 0.4181818068
45239  21.503  22.414  53.798 0.3454545438
45240  21.208  22.940  53.212 0.3636363745
45241  21.018  23.751  53.392 0.3090909123
45242  20.859  23.473  52.658 0.3272727132
48373  20.843  13.325  58.296 0.2363636345
48379  20.943  14.454  57.583 0.2181818187
54836  21.503  18.260  54.420 0.4727272689
54837  21.551  18.073  53.725 0.5090909004
54841  21.529  20.480  52.604 0.5090909004
65180  21.734  6.946  59.238 0.2727272809
65181  21.668  7.593  59.386 0.2727272809
65182  21.455  7.432  58.797 0.3090909123
65183  21.339  7.992  58.238 0.3454545438
66588  21.598  19.759  55.064 0.3818181753
66589  21.391  19.939  55.769 0.3090909123
66590  21.580  20.550  55.315 0.3090909123
66591  21.053  22.716  55.122 0.2545454502
66592  20.959  22.045  55.535 0.2363636345
76013  20.850  17.055  56.857 0.2363636345
76021  21.293  16.289  55.636 0.3636363745
76042  22.351  3.516  58.502 0.3272727132
76043  22.279  4.025  58.735 0.2909090817
76044  22.549  4.031  59.364 0.2727272809
76045  22.213  4.570  58.908 0.3090909123
76046  22.104  5.087  59.064 0.3454545438
80299  20.001  24.499  51.449 0.4181818068
80301  19.481  27.545  50.333 0.3454545438
80302  19.519  26.829  50.993 0.3636363745
80303  19.444  27.642  51.101 0.2727272809
80304  19.478  27.761  51.882 0.2727272809
80305  19.333  28.457  51.185 0.2545454502
80317  20.377  30.806  47.905 0.2545454502
80318  20.667  30.496  47.369 0.2727272809
80319  20.761  30.117  48.011 0.2909090817
80320  20.914  29.357  47.984 0.3272727132
80321  20.607  29.713  48.512 0.2909090817
80322  20.329  29.286  48.999 0.2727272809
80323  20.281  30.049  49.084 0.2363636345
80325  19.337  30.388  50.197 0.2363636345
80327  18.731  29.806  51.339 0.2181818187
99015  21.816  6.307  59.142 0.3272727132
99858  21.758  20.973  54.098 0.3272727132
99859  21.676  21.183  54.833 0.2909090817
99860  21.666  21.780  54.346 0.3090909123
99861  21.423  22.634  54.510 0.3090909123
99862  21.097  23.344  54.669 0.3090909123
99864  20.977  24.014  54.129 0.2727272809
99866  20.467  25.023  52.980 0.2363636345
108088  19.665  28.150  49.804 0.2727272809
108096  19.649  31.814  47.088 0.2181818187
108097  19.868  31.462  47.780 0.2545454502
108098  20.052  31.156  48.468 0.2727272809
108100  19.585  31.364  49.068 0.2181818187
116704  21.366  17.828  55.499 0.3454545438
116705  21.342  18.565  55.843 0.3090909123
116706  21.448  18.319  55.156 0.4181818068
116707  21.567  18.992  54.739 0.4545454681
116708  21.670  19.586  54.338 0.4363636374
116709  21.666  18.649  53.311 0.5090909004
116710  21.705  19.405  53.579 0.4545454681
116711  21.744  20.240  53.848 0.4181818068
116712  21.640  20.773  53.308 0.4181818068
116713  21.454  21.259  52.808 0.4181818068
116714  21.141  21.776  52.255 0.4545454681
121101  20.948  12.152  58.595 0.2181818187
130946  21.597  8.267  59.507 0.2363636345
130947  21.390  8.738  59.019 0.2727272809
130948  21.252  8.579  58.334 0.3818181753
132729  21.188  19.292  56.102 0.2727272809
132730  20.952  20.011  56.221 0.2363636345
132731  20.660  20.654  56.197 0.2181818187
132732  21.332  21.329  55.478 0.2727272809
144425  20.888  17.490  56.737 0.2363636345
144426  21.078  17.458  56.330 0.2545454502
144433  21.225  16.386  56.165 0.2545454502
144434  21.234  16.867  56.030 0.2909090817
144435  21.268  17.322  55.761 0.3272727132
144436  21.340  17.162  55.093 0.3818181753
144460  22.799  3.415  59.891 0.2363636345
144461  22.696  4.017  60.063 0.2363636345
144463  22.286  5.141  59.630 0.2727272809
144464  21.928  5.680  59.072 0.3636363745
144465  21.674  6.161  58.597 0.3818181753
149595  20.580  23.124  51.862 0.4181818068
149596  20.430  23.963  52.084 0.3636363745
149597  20.277  24.789  52.254 0.2909090817
149598  20.114  25.599  52.342 0.2909090817
149599  19.611  25.962  50.904 0.3818181753
149600  19.784  26.201  51.687 0.3090909123
149601  19.949  26.368  52.456 0.2363636345
149602  19.654  27.200  52.523 0.2545454502
149603  19.257  27.872  52.561 0.2363636345
149617  20.462  30.848  46.747 0.2545454502
149618  20.934  30.139  46.869 0.2909090817
149623  20.258  28.510  48.797 0.3090909123
149624  19.985  28.775  49.405 0.3090909123
149625  19.664  28.920  50.000 0.2727272809
149626  19.845  30.251  49.680 0.2181818187
149627  19.592  29.670  50.182 0.2363636345
149628  19.319  29.061  50.622 0.2545454502
149629  19.098  29.157  51.279 0.2545454502
43  22.001  16.676  50.753 0.6000000238
215  25.935  15.072  42.674 0.8000000119
216  21.539  25.319  43.942 0.4545454681
364  20.871  8.986  56.740 0.5090909004
365  22.885  8.403  46.956 0.7636363506
366  30.542  8.668  50.335 0.4727272689
695  29.794  16.600  44.666 0.6909090877
696  26.004  19.578  41.515 0.6545454264
697  28.885  21.469  44.062 0.4363636374
846  21.598  4.457  50.256 0.5272727013
847  24.070  4.260  46.922 0.5818181634
848  27.058  7.994  46.546 0.7090908885
849  27.506  4.516  48.739 0.5272727013
1537  22.754  15.509  45.549 0.8363636136
1538  20.273  20.855  46.737 0.6000000238
1539  22.000  19.538  42.415 0.6909090877
1540  23.458  23.815  40.704 0.4363636374
1806  21.063  13.306  53.277 0.6181818247
1807  21.321  4.586  55.577 0.3818181753
1808  21.030  8.974  51.573 0.6545454264
1809  21.928  12.350  48.296 0.7090908885
1810  24.750  11.455  44.793 0.8727272749
1811  28.913  12.088  46.214 0.6909090877
2026  20.287  27.498  47.848 0.4363636374
2615  31.305  17.608  45.811 0.5454545617
2616  29.414  19.126  44.207 0.5636363626
2617  30.730  20.321  45.637 0.4363636374
2766  22.707  2.058  47.621 0.4909090996
2767  24.403  2.211  46.739 0.4909090996
2768  25.977  4.320  47.070 0.5454545617
2769  26.038  2.305  47.312 0.5454545617
2920  21.530  17.328  53.407 0.5636363626
2922  21.574  19.495  51.678 0.5454545617
3520  23.950  15.100  43.460 0.8363636136
3521  22.262  17.425  43.797 0.7454545498
3522  23.801  17.100  42.111 0.7818182111
3523  26.267  21.862  41.017 0.4909090996
3524  24.368  21.465  40.603 0.5454545617
3965  21.336  9.366  59.155 0.2363636345
3967  20.884  11.402  57.279 0.4181818068
3968  21.182  13.629  55.679 0.4363636374
3969  20.866  11.224  54.926 0.6181818247
3972  21.618  2.460  54.615 0.4000000060
3973  22.082  6.531  48.486 0.6545454264
3974  21.228  6.913  50.851 0.6000000238
3975  21.707  8.809  49.082 0.6727272868
3976  21.365  10.923  49.767 0.6727272868
3977  22.329  10.413  47.462 0.7090908885
3978  22.934  11.797  46.199 0.7818182111
3979  23.732  9.865  45.672 0.8363636136
3980  28.974  8.224  48.327 0.6181818247
3981  28.230  9.905  46.471 0.6363636255
3982  30.119  10.497  48.113 0.5818181634
3983  30.419  12.847  47.689 0.5636363626
4443  20.306  23.386  44.896 0.5636363626
4444  19.714  24.290  47.150 0.5454545617
4445  21.147  26.428  45.694 0.4909090996
5857  27.990  15.707  43.415 0.8181818128
5858  25.975  17.326  41.802 0.8181818128
5859  27.950  18.139  42.825 0.6363636255
5860  27.552  20.469  42.742 0.5636363626
5861  27.993  22.894  42.144 0.3818181753
5863  29.525  23.547  42.991 0.2727272809
6129  21.857  2.064  49.580 0.4727272689
6130  22.532  4.339  48.218 0.5636363626
6131  23.559  6.290  46.912 0.6909090877
6132  24.827  8.113  46.035 0.7636363506
6133  25.634  6.253  46.660 0.6545454264
6134  27.573  6.353  47.904 0.5454545617
6135  29.148  6.584  49.918 0.4909090996
6176  28.438  4.257  50.489 0.4545454681
6412  21.960  28.245  44.417 0.3636363745
7423  22.358  16.130  48.080 0.7454545498
7424  21.349  18.695  48.705 0.6000000238
7425  21.498  18.006  46.198 0.6727272868
7426  20.786  20.042  44.430 0.6727272868
7427  21.140  22.454  42.998 0.5818181634
7428  23.898  19.255  41.434 0.7454545498
7429  22.519  21.739  41.410 0.6181818247
7430  22.321  24.534  42.246 0.4181818068
8051  21.316  15.651  54.575 0.4181818068
8052  21.342  15.124  52.051 0.6363636255
8054  22.044  4.459  58.261 0.3454545438
8055  21.188  6.700  56.351 0.5454545617
8056  21.240  4.614  52.840 0.4000000060
8057  21.021  6.933  53.530 0.5636363626
8058  20.746  9.013  54.240 0.6363636255
8059  20.847  11.050  52.368 0.6545454264
8060  21.352  12.895  50.756 0.6545454264
8061  21.969  14.497  49.484 0.6545454264
8062  22.611  13.913  47.132 0.7272727489
8063  23.700  13.373  44.901 0.8727272749
8064  25.630  13.269  43.645 0.8545454741
8065  25.966  9.652  45.383 0.8181818128
8066  27.029  11.567  44.887 0.8545454741
8067  27.687  13.573  44.177 0.7636363506
8068  29.387  14.388  45.490 0.5636363626
8069  31.044  15.463  46.696 0.5636363626
8070  32.588  16.333  47.886 0.4000000060
8650  20.208  21.630  49.380 0.5454545617
8651  19.542  24.944  49.998 0.5090909004
8653  21.452  29.149  46.292 0.3090909123
10295  31.950  18.206  46.533 0.4909090996
10296  31.072  19.024  45.643 0.4727272689
10297  31.711  19.707  46.379 0.4000000060
10447  24.608  1.173  46.506 0.4727272689
10448  25.326  2.341  46.892 0.5090909004
10449  25.367  1.153  46.538 0.4909090996
10471  26.042  0.962  46.869 0.5090909004
10600  21.777  16.993  52.125 0.5454545617
10601  21.747  18.446  52.595 0.5454545617
10602  21.891  18.104  51.163 0.6000000238
11200  24.831  15.042  42.829 0.8181818128
11201  23.878  16.081  42.731 0.8000000119
11202  24.888  16.071  42.181 0.8000000119
11203  26.715  23.019  40.488 0.4181818068
11204  25.736  22.686  40.246 0.4181818068
11645  21.064  9.133  57.893 0.4000000060
11646  21.021  10.325  58.181 0.3454545438
11647  20.847  10.213  56.946 0.4727272689
11648  20.790  11.373  56.068 0.5272727013
11649  20.790  10.174  55.812 0.6000000238
11653  22.399  7.425  47.764 0.7272727489
11654  21.883  7.664  48.795 0.6363636255
11655  22.273  8.607  47.959 0.7272727489
11656  21.954  9.667  48.253 0.6909090877
11657  22.606  9.388  47.172 0.6909090877
11658  22.955  10.101  46.522 0.7636363506
11659  23.322  9.102  46.334 0.7636363506
11660  29.754  8.352  49.355 0.5272727013
11661  29.580  9.311  48.287 0.6000000238
11662  30.481  9.614  49.237 0.5454545617
11663  30.889  10.853  49.066 0.5454545617
11664  31.201  9.920  50.220 0.4909090996
12123  20.868  24.381  44.372 0.5090909004
12124  20.556  24.971  45.277 0.4909090996
12125  21.326  25.853  44.874 0.4909090996
13600  28.884  16.075  43.996 0.7090908885
13601  28.009  16.886  43.032 0.7090908885
13602  28.892  17.432  43.749 0.6727272868
13603  29.176  20.253  44.139 0.5454545617
13604  28.497  19.774  43.448 0.6000000238
13605  28.197  20.843  43.434 0.5272727013
13606  27.589  21.647  42.620 0.4363636374
13607  28.329  22.211  43.159 0.4363636374
13608  28.723  23.208  42.492 0.3454545438
13609  29.109  22.600  43.729 0.3818181753
14053  23.311  3.198  47.218 0.5636363626
14054  22.682  3.336  47.887 0.4909090996
14055  23.246  4.237  47.427 0.5636363626
14056  22.934  5.393  47.446 0.6363636255
14057  23.870  5.313  46.956 0.6181818247
14058  24.573  6.244  46.504 0.6909090877
14059  24.829  5.252  46.775 0.6181818247
14060  26.776  4.395  47.846 0.5272727013
14061  26.775  5.311  47.521 0.5636363626
14062  27.595  5.450  48.367 0.4727272689
14063  28.337  6.470  48.907 0.5454545617
14064  28.305  5.530  49.316 0.5272727013
14131  28.896  5.500  50.311 0.5272727013
14132  27.990  4.384  49.615 0.4909090996
16315  22.510  15.861  46.876 0.8000000119
16316  22.032  17.113  47.141 0.7090908885
16317  22.220  16.781  45.887 0.7636363506
16318  22.029  18.450  43.081 0.7454545498
16319  21.463  18.686  44.109 0.6363636255
16320  21.333  19.789  43.339 0.6545454264
16321  20.853  21.335  43.579 0.6181818247
16322  21.426  21.020  42.634 0.6363636255
16323  25.965  18.434  41.658 0.7272727489
16324  24.893  18.201  41.500 0.7272727489
16325  24.949  19.321  41.336 0.7090908885
16326  23.757  22.603  40.475 0.4727272689
16327  23.408  21.493  40.888 0.5818181634
16328  22.994  22.833  41.001 0.4909090996
16329  22.222  23.113  41.745 0.5090909004
16330  22.869  24.120  41.422 0.4545454681
17659  20.953  14.913  57.233 0.2181818187
17660  21.159  13.436  54.572 0.5636363626
17661  21.281  14.697  55.120 0.4181818068
17662  21.242  14.446  53.851 0.5272727013
17663  21.220  15.349  53.308 0.5454545617
17664  21.209  14.321  52.594 0.6363636255
17668  21.748  3.552  56.459 0.4181818068
17669  22.119  3.550  57.777 0.3454545438
17670  21.551  4.574  56.918 0.3636363745
17671  21.491  5.624  57.334 0.4000000060
17672  21.259  5.655  55.982 0.4363636374
17673  21.565  3.411  51.226 0.4000000060
17674  21.368  3.494  52.420 0.4000000060
17675  21.443  4.553  51.501 0.5272727013
17676  21.120  8.061  51.180 0.6363636255
17677  21.057  6.889  52.161 0.5818181634
17678  20.881  7.949  52.538 0.6363636255
17679  20.876  7.881  53.893 0.5636363626
17680  20.801  8.994  52.866 0.6727272868
17681  20.737  10.097  53.214 0.6909090877
17682  20.929  10.054  51.877 0.6727272868
17683  21.675  11.656  48.931 0.7090908885
17684  21.309  11.917  50.210 0.6363636255
17685  21.530  12.673  49.453 0.6363636255
17686  21.573  13.723  50.109 0.6545454264
17687  21.830  13.444  48.855 0.6727272868
17688  22.291  14.189  48.296 0.6909090877
17689  22.274  13.105  47.736 0.6909090877
17690  23.725  11.540  45.336 0.8545454741
17691  23.347  12.607  45.559 0.8545454741
17692  24.181  12.382  44.724 0.8727272749
17693  24.541  13.242  44.096 0.8909090757
17694  25.212  12.336  44.282 0.9090909362
17695  25.974  8.034  46.112 0.7090908885
17696  25.413  8.873  45.702 0.8000000119
17697  26.581  8.860  45.955 0.7818182111
17698  28.660  10.968  46.401 0.7090908885
17699  27.667  10.719  45.685 0.8545454741
17700  28.077  11.800  45.470 0.7818182111
17701  27.451  12.561  44.575 0.8545454741
17702  28.332  12.838  45.225 0.7454545498
17703  28.560  13.933  44.810 0.6727272868
17704  29.139  13.203  45.934 0.6000000238
17705  31.240  13.420  48.425 0.4909090996
17706  30.683  14.252  47.263 0.5636363626
17707  31.505  14.762  47.921 0.5454545617
17708  31.829  15.866  47.347 0.5090909004
19083  20.782  19.684  47.714 0.6363636255
19084  20.792  20.068  49.104 0.5818181634
19085  20.210  21.256  47.997 0.5454545617
19086  19.871  25.963  47.377 0.5090909004
19087  19.446  24.706  48.433 0.5090909004
19088  19.558  26.345  48.700 0.4363636374
19089  19.466  26.633  50.211 0.4000000060
19092  21.610  28.669  45.234 0.3272727132
19093  20.956  29.937  45.145 0.2909090817
23137  30.587  17.090  45.214 0.6181818247
23138  29.667  17.940  44.378 0.6000000238
23139  30.348  18.489  44.944 0.5454545617
23140  30.067  19.671  44.826 0.4909090996
23141  29.724  20.804  44.869 0.4545454681
23142  29.554  21.892  44.737 0.3818181753
23143  30.404  21.256  45.614 0.4000000060
23410  23.462  2.051  46.982 0.4909090996
23411  24.214  3.226  46.836 0.5454545617
23412  25.021  4.292  46.859 0.5636363626
23413  25.160  3.274  46.854 0.5454545617
23414  25.977  3.292  47.321 0.5272727013
23415  26.723  3.420  48.040 0.5636363626
23455  27.252  3.318  48.844 0.5272727013
23690  21.253  20.980  52.060 0.4909090996
24766  23.274  15.222  44.456 0.8545454741
24767  22.581  16.467  44.662 0.8363636136
24768  23.089  16.221  43.609 0.8000000119
24769  22.893  17.186  42.769 0.7818182111
24770  22.826  18.205  42.233 0.7636363506
24771  25.987  20.800  41.327 0.5636363626
24772  25.128  20.406  41.081 0.6363636255
24773  25.383  21.609  40.691 0.4909090996
24774  24.745  22.567  40.233 0.4545454681
24775  24.210  23.580  39.993 0.4000000060
25569  21.227  10.504  59.485 0.2181818187
25570  20.977  11.542  58.486 0.2727272809
25571  20.925  12.631  57.592 0.2545454502
25572  21.082  13.752  56.797 0.3090909123
25573  20.972  12.574  56.436 0.4909090996
25574  20.980  12.466  55.273 0.5454545617
25575  20.936  12.294  54.067 0.6363636255
25580  21.488  3.509  55.118 0.4000000060
25581  21.750  5.567  49.363 0.6000000238
25582  21.412  5.634  50.598 0.5636363626
25583  21.579  6.822  49.541 0.6181818247
25584  21.449  7.889  49.924 0.6181818247
25585  21.342  8.934  50.293 0.6727272868
25586  21.141  10.005  50.608 0.6545454264
25587  21.490  9.853  49.441 0.6727272868
25588  21.771  10.680  48.583 0.6727272868
25589  22.025  11.447  47.734 0.7090908885
25590  22.357  12.149  47.167 0.7636363506
25591  22.617  11.110  46.773 0.8181818128
25592  23.326  10.806  45.870 0.8363636136
25593  24.215  10.628  45.250 0.8363636136
25594  28.008  8.076  47.421 0.6363636255
25595  27.664  8.890  46.517 0.7454545498
25596  28.656  9.066  47.409 0.6727272868
25597  29.238  10.197  47.303 0.6363636255
25598  29.511  11.296  47.186 0.6727272868
25599  29.699  12.479  46.941 0.6181818247
25600  30.287  11.655  47.997 0.6181818247
25601  31.086  12.059  48.815 0.5454545617
26427  20.062  22.125  45.728 0.6909090877
26428  19.862  22.550  46.891 0.6545454264
26429  20.014  23.891  45.965 0.5818181634
26430  20.303  25.483  46.281 0.5272727013
26431  20.775  26.922  46.710 0.4727272689
29023  27.007  15.337  42.947 0.7818182111
29024  25.955  16.198  42.149 0.7818182111
29025  27.016  16.474  42.452 0.8181818128
29026  27.004  17.628  42.214 0.7818182111
29027  26.945  18.802  42.092 0.6545454264
29028  28.716  18.691  43.623 0.6000000238
29029  27.814  19.276  42.727 0.6000000238
29030  26.823  19.998  41.982 0.6000000238
29031  26.820  21.157  41.919 0.5454545617
29032  27.091  22.331  41.545 0.4000000060
29033  27.609  23.460  40.856 0.3454545438
29038  29.842  22.986  44.266 0.3090909123
29652  21.247  7.872  57.718 0.4545454681
29656  21.677  2.197  50.778 0.4545454681
29657  21.801  3.317  49.987 0.4545454681
29658  22.158  2.103  48.439 0.5090909004
29659  22.135  3.275  48.869 0.4909090996
29660  22.007  4.473  49.177 0.5454545617
29661  22.288  5.524  48.331 0.6363636255
29662  22.684  6.477  47.538 0.6727272868
29663  23.265  7.399  46.881 0.7454545498
29664  23.751  8.139  46.404 0.7454545498
29665  24.176  7.265  46.442 0.7272727489
29666  25.276  7.207  46.327 0.6545454264
29667  26.363  7.166  46.659 0.6181818247
29668  25.774  5.236  46.928 0.6363636255
29669  26.673  6.290  47.190 0.6000000238
29670  27.404  7.179  47.353 0.5818181634
29671  28.283  7.267  48.185 0.5454545617
29672  29.054  7.396  49.256 0.5090909004
29673  29.828  7.591  50.269 0.4727272689
29768  29.776  6.505  50.829 0.4363636374
29771  27.606  3.121  49.628 0.4727272689
29772  28.022  2.841  50.452 0.4181818068
29773  28.643  2.510  51.172 0.3454545438
30316  22.054  26.813  44.465 0.4181818068
30317  22.283  27.731  43.601 0.3636363745
32761  22.275  16.432  49.362 0.6727272868
32762  21.936  17.721  49.754 0.6727272868
32763  21.936  17.393  48.486 0.6909090877
32764  21.418  18.283  47.453 0.6000000238
32765  20.849  19.347  46.488 0.6909090877
32766  21.765  17.670  44.931 0.7090908885
32767  21.079  19.020  45.256 0.6727272868
32768  20.459  20.411  45.554 0.6181818247
32769  20.414  21.747  44.619 0.6181818247
32770  20.691  22.870  43.930 0.5818181634
32771  21.218  23.908  43.448 0.5090909004
32772  24.893  17.096  41.742 0.7818182111
32773  23.856  18.158  41.751 0.7818182111
32774  22.910  19.374  41.777 0.7454545498
32775  24.041  20.377  41.048 0.6727272868
32776  23.072  20.436  41.311 0.6545454264
32777  22.189  20.669  41.862 0.6727272868
32778  21.728  22.098  42.134 0.6000000238
32779  21.659  23.526  42.565 0.5272727013
32780  21.847  24.885  43.083 0.4181818068
34465  21.215  14.869  56.259 0.3272727132
34466  21.305  15.831  55.794 0.3090909123
34468  21.347  16.440  54.040 0.4727272689
34469  21.425  16.206  52.771 0.6000000238
34470  21.687  15.866  51.481 0.6363636255
34477  21.777  5.629  58.525 0.3636363745
34478  21.385  6.714  57.563 0.4545454681
34479  21.072  7.859  56.592 0.5636363626
34480  21.548  2.325  53.337 0.4000000060
34481  21.363  3.509  53.753 0.3818181753
34482  21.220  4.640  54.177 0.4000000060
34483  21.168  5.764  51.816 0.5454545617
34484  21.122  5.755  53.189 0.5454545617
34485  21.157  5.738  54.543 0.5272727013
34486  21.038  6.794  54.967 0.5636363626
34487  20.946  7.915  55.309 0.5636363626
34488  20.872  9.000  55.617 0.6000000238
34489  20.715  10.126  54.563 0.6545454264
34490  20.728  11.173  53.616 0.6727272868
34491  20.869  12.216  52.786 0.6545454264
34492  21.027  11.006  51.086 0.6727272868
34493  21.021  12.016  51.508 0.6545454264
34494  21.160  13.171  52.023 0.6545454264
34495  21.326  14.009  51.335 0.6181818247
34496  21.599  14.795  50.782 0.6000000238
34497  22.054  15.558  50.215 0.7090908885
34498  22.284  15.281  48.893 0.7272727489
34499  22.549  15.005  47.587 0.7636363506
34500  22.852  14.701  46.391 0.8545454741
34501  22.693  12.854  46.598 0.8000000119
34502  23.098  13.625  45.903 0.8363636136
34503  23.267  14.434  45.206 0.8363636136
34504  23.865  14.228  44.190 0.8545454741
34505  24.757  14.104  43.406 0.8363636136
34506  25.832  14.104  43.160 0.8000000119
34507  24.322  8.955  45.785 0.7636363506
34508  24.821  9.711  45.451 0.8727272749
34509  25.349  10.566  45.017 0.8363636136
34510  27.138  9.738  45.804 0.7636363506
34511  26.467  10.566  45.166 0.8363636136
34512  25.905  11.486  44.647 0.8727272749
34513  26.439  12.389  44.194 0.8909090757
34514  26.715  13.313  43.748 0.8363636136
34515  26.912  14.315  43.369 0.8000000119
34516  27.891  14.698  43.766 0.7636363506
34517  28.792  15.095  44.419 0.7818182111
34518  29.627  15.468  45.086 0.6545454264
34519  29.920  13.663  46.576 0.5454545617
34520  30.170  14.839  46.121 0.5818181634
34521  30.460  15.996  45.650 0.6545454264
34522  31.266  16.513  46.183 0.6181818247
34523  31.981  16.946  46.847 0.4727272689
36202  21.444  19.104  50.151 0.5818181634
36203  20.920  20.509  50.529 0.5272727013
36204  20.461  22.091  50.877 0.4727272689
36205  19.599  22.971  48.204 0.6000000238
36206  19.679  23.328  49.709 0.5272727013
36207  20.144  23.684  51.304 0.4727272689
36211  21.825  27.310  45.221 0.4000000060
36212  21.607  27.806  46.107 0.3818181753
36213  21.142  28.383  47.217 0.3818181753
41015  32.315  18.481  46.844 0.4363636374
41016  31.861  18.935  46.453 0.4363636374
41017  32.200  19.235  46.749 0.3454545438
41168  24.988  1.190  46.450 0.4909090996
41320  21.950  16.861  51.369 0.5636363626
41321  21.902  17.571  51.664 0.5818181634
41322  21.983  17.379  50.954 0.6181818247
41920  25.384  15.036  42.695 0.8181818128
41921  24.881  15.572  42.484 0.8000000119
41922  25.412  15.572  42.370 0.8000000119
41923  26.943  23.543  40.114 0.3454545438
41924  26.469  23.388  40.009 0.3818181753
42365  20.899  9.149  57.314 0.4909090996
42366  20.919  9.718  57.422 0.4545454681
42367  20.842  9.682  56.829 0.5272727013
42368  20.763  10.227  56.348 0.5636363626
42369  20.812  9.594  56.265 0.6000000238
42373  22.691  7.879  47.338 0.7636363506
42374  22.385  8.064  47.793 0.7636363506
42375  22.584  8.470  47.505 0.7272727489
42376  22.433  9.043  47.534 0.7090908885
42377  22.781  8.933  47.071 0.7454545498
42378  22.965  9.289  46.755 0.7454545498
42379  23.083  8.766  46.662 0.7454545498
42380  30.172  8.531  49.806 0.4727272689
42381  30.158  8.990  49.302 0.4909090996
42382  30.509  9.123  49.793 0.4727272689
42383  30.816  9.731  49.693 0.5272727013
42384  30.887  9.271  50.288 0.4909090996
42451  31.281  9.355  50.806 0.5090909004
42452  30.953  8.727  50.856 0.4909090996
42843  21.167  24.899  44.137 0.4727272689
42844  20.999  25.126  44.614 0.5090909004
42845  21.383  25.601  44.409 0.4545454681
44320  29.341  16.311  44.415 0.6909090877
44321  28.925  16.739  43.833 0.7272727489
44322  29.358  16.980  44.247 0.7272727489
44323  28.979  20.796  44.161 0.4909090996
44324  28.696  20.523  43.755 0.5272727013
44325  28.579  21.128  43.717 0.4909090996
44326  28.180  21.513  43.361 0.4909090996
44327  28.555  21.828  43.602 0.4545454681
44328  28.692  22.408  43.381 0.4363636374
44329  28.953  22.033  43.934 0.4000000060
44773  23.646  3.711  47.070 0.5636363626
44774  23.314  3.778  47.335 0.5454545617
44775  23.598  4.304  47.153 0.5636363626
44776  23.532  4.754  47.177 0.5818181634
44777  23.966  4.797  46.903 0.6000000238
44778  24.351  5.280  46.719 0.6000000238
44779  24.496  4.782  46.830 0.6000000238
44780  27.226  4.489  48.265 0.5090909004
44781  27.211  4.937  48.104 0.5090909004
44782  27.597  5.017  48.596 0.5090909004
44783  27.974  5.516  48.891 0.5090909004
44784  27.870  5.002  49.057 0.5090909004
44851  28.227  5.005  49.528 0.5272727013
44852  27.806  4.465  49.181 0.5090909004
47035  22.709  15.680  46.208 0.8545454741
47036  22.454  16.333  46.371 0.8000000119
47037  22.520  16.178  45.739 0.8181818128
47038  21.980  18.989  42.744 0.6909090877
47039  21.677  19.088  43.214 0.6727272868
47040  21.646  19.683  42.843 0.6181818247
47041  21.361  20.417  42.969 0.6363636255
47042  21.665  20.270  42.499 0.6363636255
47043  25.994  19.010  41.609 0.6727272868
47044  25.457  18.838  41.498 0.7090908885
47045  25.483  19.378  41.439 0.6909090877
47046  23.528  23.184  40.609 0.4363636374
47047  23.336  22.665  40.796 0.4909090996
47048  23.230  23.332  40.858 0.4727272689
47049  22.872  23.479  41.167 0.4909090996
47050  23.167  24.002  41.007 0.4727272689
48380  21.139  13.396  53.904 0.6181818247
48381  21.225  13.946  54.193 0.6000000238
48382  21.187  13.879  53.542 0.5818181634
48383  21.209  14.383  53.256 0.5818181634
48384  21.158  13.854  52.963 0.6181818247
48388  21.536  4.061  56.036 0.3636363745
48389  21.649  4.072  56.703 0.3454545438
48390  21.469  4.573  56.260 0.3636363745
48391  21.425  5.050  56.485 0.4181818068
48392  21.333  5.126  55.766 0.4000000060
48393  21.628  3.902  50.759 0.4545454681
48394  21.396  3.934  51.328 0.4545454681
48395  21.476  4.483  50.962 0.5090909004
48396  21.062  8.388  51.397 0.6363636255
48397  21.041  7.890  51.887 0.6181818247
48398  20.977  8.499  51.993 0.6363636255
48399  20.869  8.494  52.720 0.6363636255
48400  20.837  9.008  52.224 0.6727272868
48401  20.890  9.570  52.369 0.6545454264
48402  20.981  9.562  51.731 0.6909090877
48403  21.785  12.048  48.585 0.6727272868
48404  21.603  12.181  49.191 0.6727272868
48405  21.702  12.570  48.841 0.6727272868
48406  21.710  13.060  49.166 0.6727272868
48407  21.864  12.933  48.527 0.6909090877
48408  22.065  13.272  48.258 0.6727272868
48409  22.092  12.761  48.015 0.7090908885
48410  24.177  11.465  44.948 0.8545454741
48411  23.963  11.956  44.996 0.8545454741
48412  24.496  11.935  44.705 0.8727272749
48413  24.732  12.372  44.480 0.8909090757
48414  25.031  11.852  44.558 0.8727272749
48415  26.525  7.983  46.299 0.7090908885
48416  26.265  8.424  46.025 0.7636363506
48417  26.824  8.378  46.243 0.7272727489
48418  28.803  11.535  46.305 0.7272727489
48419  28.353  11.388  45.916 0.7818182111
48420  28.504  11.910  45.852 0.8000000119
48421  28.217  12.330  45.347 0.8181818128
48422  28.622  12.443  45.718 0.7454545498
48423  28.731  13.031  45.523 0.6727272868
48424  29.007  12.651  46.099 0.7090908885
48426  31.363  14.102  48.172 0.5272727013
48427  31.746  14.370  48.528 0.5272727013
48428  31.917  14.976  48.224 0.5090909004
49803  20.487  20.239  47.228 0.6181818247
49804  20.466  20.459  47.834 0.6363636255
49805  20.217  21.054  47.312 0.5818181634
49806  20.105  26.776  47.592 0.4363636374
49807  19.668  26.196  48.024 0.4727272689
49808  19.842  26.941  48.220 0.4545454681
49809  19.709  27.166  48.919 0.4181818068
49810  20.046  27.700  48.439 0.4363636374
53920  30.957  17.331  45.514 0.6000000238
53921  30.496  17.774  45.053 0.6000000238
53922  30.889  17.985  45.377 0.5636363626
53923  30.907  19.714  45.614 0.4545454681
53924  30.610  19.413  45.236 0.4909090996
53925  30.447  20.003  45.223 0.4727272689
53926  29.904  20.243  44.856 0.4909090996
53927  30.243  20.542  45.254 0.4727272689
53928  30.052  21.021  45.299 0.4363636374
53929  30.547  20.773  45.627 0.4000000060
54373  23.972  1.594  46.715 0.4727272689
54374  23.590  1.569  46.830 0.4727272689
54375  23.915  2.125  46.778 0.4909090996
54376  23.800  2.675  46.869 0.4727272689
54377  24.235  2.669  46.758 0.5454545617
54378  24.668  3.242  46.725 0.5272727013
54379  24.767  2.743  46.784 0.5454545617
54380  25.578  2.357  47.042 0.5272727013
54381  25.642  2.841  47.114 0.5272727013
54382  25.968  2.836  47.344 0.5454545617
54383  26.391  3.337  47.614 0.5090909004
54384  26.389  2.819  47.680 0.5454545617
54452  26.296  2.255  47.519 0.5090909004
54835  21.428  17.501  54.057 0.4727272689
54838  21.731  18.986  52.113 0.5636363626
54839  21.733  19.225  52.871 0.5090909004
54840  21.613  19.727  52.390 0.5272727013
54842  21.353  20.235  51.837 0.5272727013
56635  23.544  15.171  43.924 0.8363636136
56636  23.195  15.762  44.025 0.8181818128
56637  23.501  15.637  43.490 0.8181818128
56638  23.816  16.607  42.397 0.7818182111
56639  23.395  16.618  42.721 0.8000000119
56640  23.328  17.144  42.448 0.7636363506
56641  22.815  17.680  42.479 0.7454545498
56642  23.313  17.656  42.177 0.7636363506
56643  26.090  21.336  41.183 0.5090909004
56644  25.690  21.158  40.984 0.5454545617
56645  25.819  21.730  40.831 0.5090909004
56646  25.459  23.095  39.848 0.3636363745
56647  25.218  22.604  40.210 0.4363636374
56648  24.898  23.081  40.014 0.4000000060
56649  24.473  23.063  40.078 0.4181818068
56650  24.685  23.521  39.669 0.3636363745
57972  21.280  9.938  59.326 0.2181818187
57973  20.879  10.870  57.710 0.4181818068
57974  20.985  10.940  58.351 0.3090909123
57975  20.931  11.459  57.854 0.3454545438
57976  20.957  12.088  57.990 0.2909090817
57977  20.905  12.021  57.438 0.3454545438
57978  20.933  12.599  56.998 0.4000000060
57979  20.928  12.040  56.810 0.4545454681
57980  20.830  11.355  55.505 0.5818181634
57981  20.907  11.904  55.675 0.5818181634
57982  20.905  11.869  55.075 0.5636363626
57983  20.990  12.338  54.690 0.6181818247
57984  20.885  11.743  54.495 0.6181818247
57990  21.751  2.434  55.293 0.3636363745
57991  21.620  2.993  55.590 0.3818181753
57992  21.554  2.954  54.871 0.3818181753
57993  21.863  6.044  48.908 0.6545454264
57994  21.687  6.117  49.517 0.6363636255
57995  21.804  6.576  49.101 0.6363636255
57996  21.767  8.246  48.964 0.6727272868
57997  21.654  7.869  49.335 0.6545454264
57998  21.551  8.355  49.501 0.6363636255
57999  21.426  8.431  50.122 0.6000000238
58000  21.487  8.836  49.669 0.6363636255
58001  21.391  9.422  49.839 0.6181818247
58002  21.568  9.350  49.241 0.6545454264
58003  22.101  10.056  47.828 0.6727272868
58004  21.844  10.176  48.390 0.7090908885
58005  21.979  10.559  48.000 0.6909090877
58006  21.904  11.055  48.189 0.6909090877
58007  22.142  10.927  47.589 0.7090908885
58008  22.266  11.243  47.239 0.7818182111
58009  22.441  10.762  47.074 0.7636363506
58010  23.319  9.941  46.057 0.8000000119
58011  23.132  10.491  46.108 0.8181818128
58012  23.514  10.354  45.751 0.8363636136
58013  23.726  10.696  45.498 0.8545454741
58014  23.992  10.254  45.449 0.8727272749
58015  28.494  8.090  47.854 0.6545454264
58016  28.321  8.623  47.442 0.6909090877
58017  28.777  8.635  47.882 0.6181818247
58018  29.855  9.878  48.209 0.6000000238
58019  29.425  9.733  47.794 0.6000000238
58020  29.674  10.291  47.723 0.6181818247
58021  29.420  10.784  47.260 0.6363636255
58022  29.839  10.873  47.653 0.6363636255
58023  29.935  11.471  47.585 0.6545454264
58024  30.228  11.076  48.080 0.6181818247
58025  31.299  11.088  49.485 0.5272727013
58026  30.999  11.441  48.948 0.5636363626
59403  20.122  22.817  45.257 0.6000000238
59404  19.998  23.045  45.833 0.6181818247
59405  20.166  23.648  45.416 0.5636363626
59406  20.835  25.684  45.501 0.4545454681
59407  20.467  25.247  45.799 0.5090909004
59408  20.756  25.987  45.989 0.4545454681
59409  20.529  26.189  46.489 0.4727272689
59410  21.002  26.646  46.236 0.4909090996
63835  27.515  15.502  43.147 0.8181818128
63836  27.034  15.918  42.692 0.8181818128
63837  27.525  16.063  42.917 0.8000000119
63838  27.989  17.504  42.909 0.7090908885
63839  27.502  17.292  42.603 0.8000000119
63840  27.479  17.860  42.493 0.7090908885
63841  26.991  18.222  42.134 0.6727272868
63842  27.443  18.442  42.432 0.6363636255
63843  29.542  18.544  44.280 0.6181818247
63844  29.211  18.306  44.044 0.6181818247
63845  29.052  18.941  43.982 0.5818181634
63846  28.019  20.093  43.112 0.5636363626
63847  28.164  19.556  43.143 0.6000000238
63848  27.693  19.898  42.737 0.5818181634
63849  27.352  19.598  42.359 0.6000000238
63850  27.257  20.247  42.330 0.6000000238
63851  26.785  20.574  41.953 0.5818181634
63852  27.160  20.835  42.399 0.5636363626
63853  27.728  22.283  42.436 0.3818181753
63854  27.376  22.040  42.115 0.3818181753
63855  27.584  22.649  41.869 0.3818181753
63856  27.375  22.908  41.283 0.4000000060
63857  27.840  23.208  41.541 0.3272727132
63859  28.183  23.363  41.781 0.3272727132
63860  29.165  23.355  42.720 0.3090909123
63862  29.342  23.775  42.370 0.2909090817
63865  29.960  22.114  45.101 0.3636363745
63866  29.659  22.467  44.585 0.3818181753
63867  30.086  22.681  44.884 0.3090909123
63869  30.471  23.712  44.141 0.2545454502
65184  21.405  7.361  58.159 0.3818181753
65188  21.812  1.488  49.898 0.4727272689
65189  21.739  1.529  50.550 0.4181818068
65190  21.766  2.165  50.160 0.4727272689
65191  21.750  2.757  50.392 0.4727272689
65192  21.866  2.790  49.767 0.4545454681
65194  22.266  1.401  48.316 0.4909090996
65195  22.481  2.148  47.979 0.4727272689
65196  22.574  3.831  48.080 0.5090909004
65197  22.336  3.251  48.373 0.4909090996
65198  22.343  3.834  48.532 0.5272727013
65199  22.082  3.875  48.987 0.5272727013
65200  22.186  4.468  48.614 0.5818181634
65201  22.139  4.969  48.738 0.6000000238
65202  22.407  4.997  48.239 0.6000000238
65203  23.246  5.887  47.141 0.6727272868
65204  22.815  5.922  47.488 0.6181818247
65205  23.016  6.417  47.148 0.6727272868
65206  22.935  6.893  47.248 0.7272727489
65207  23.347  6.874  46.827 0.7272727489
65208  23.635  7.255  46.564 0.7272727489
65209  23.835  6.770  46.674 0.7454545498
65210  25.110  6.247  46.573 0.6909090877
65211  24.910  6.710  46.411 0.6363636255
65212  25.510  6.715  46.460 0.6181818247
65213  25.887  7.130  46.386 0.6181818247
65214  25.990  6.719  46.672 0.6000000238
65215  25.481  4.296  47.016 0.5818181634
65216  25.364  4.736  46.866 0.6000000238
65217  25.916  4.835  47.152 0.5636363626
65218  27.180  5.862  47.721 0.5636363626
65219  26.737  5.816  47.382 0.5636363626
65220  27.063  6.329  47.543 0.5636363626
65221  27.067  6.769  47.307 0.5636363626
65222  27.483  6.765  47.611 0.5454545617
65223  27.833  7.183  47.700 0.5818181634
65224  27.920  6.793  48.055 0.5636363626
65225  28.708  6.480  49.369 0.4909090996
65226  28.716  6.929  49.107 0.5454545617
65227  29.049  6.957  49.583 0.4909090996
65228  29.433  7.458  49.754 0.5090909004
65229  29.486  7.069  50.123 0.4727272689
65431  29.834  7.001  50.619 0.4363636374
65432  29.449  6.497  50.353 0.4909090996
65433  28.682  4.891  50.365 0.4909090996
65434  29.177  5.412  50.691 0.4545454681
65435  28.919  4.796  50.860 0.4363636374
65437  28.663  4.184  50.917 0.4181818068
65438  27.059  2.542  48.686 0.5090909004
65439  27.378  3.180  49.212 0.5090909004
65440  27.332  2.459  49.026 0.5090909004
65442  27.788  2.192  49.918 0.4181818068
65443  28.083  2.019  50.240 0.3636363745
65444  28.356  2.720  50.867 0.3818181753
65445  28.434  1.820  50.538 0.3636363745
65446  28.883  1.727  50.935 0.3454545438
66604  22.469  27.063  43.678 0.3818181753
71980  22.262  16.261  48.702 0.7090908885
71981  22.061  16.912  48.915 0.6727272868
71982  22.186  16.766  48.287 0.7272727489
71983  21.796  17.552  46.696 0.6727272868
71984  21.756  17.669  47.276 0.6545454264
71985  21.501  18.158  46.798 0.6545454264
71986  21.172  18.767  46.937 0.6363636255
71987  21.191  18.639  46.326 0.6545454264
71988  22.403  16.922  44.214 0.7818182111
71989  22.160  17.046  44.791 0.7636363506
71990  21.986  17.504  44.353 0.7636363506
71991  21.104  19.376  44.264 0.6545454264
71992  21.230  18.819  44.673 0.6181818247
71993  20.925  19.506  44.824 0.6181818247
71994  20.745  19.617  45.395 0.6545454264
71995  20.632  20.251  44.965 0.6363636255
71996  20.404  21.104  45.079 0.6727272868
71997  20.586  20.863  44.505 0.6727272868
71998  20.978  21.914  43.299 0.6181818247
71999  20.722  22.097  43.752 0.6363636255
72000  20.842  22.671  43.464 0.5818181634
72001  20.928  23.403  43.679 0.5454545617
72002  21.134  23.185  43.214 0.5636363626
72003  25.964  16.738  41.974 0.8181818128
72004  25.449  16.643  41.953 0.7818182111
72005  25.435  17.199  41.761 0.8000000119
72006  24.387  18.698  41.478 0.7636363506
72007  24.371  18.088  41.572 0.7636363506
72008  23.879  18.698  41.598 0.7636363506
72009  23.365  18.782  41.764 0.7636363506
72010  23.436  19.311  41.559 0.7636363506
72011  24.706  21.001  40.847 0.6000000238
72012  24.592  20.447  41.013 0.6545454264
72013  24.231  20.933  40.845 0.6181818247
72014  22.940  21.589  41.088 0.5818181634
72015  23.224  20.956  41.078 0.6181818247
72016  22.760  21.049  41.346 0.6000000238
72017  22.600  20.503  41.562 0.6363636255
72018  22.312  21.227  41.632 0.6545454264
72019  21.931  21.382  41.990 0.6363636255
72020  22.096  21.887  41.754 0.6363636255
72021  22.238  23.816  42.004 0.4727272689
72022  21.924  23.287  42.173 0.4727272689
72023  21.958  24.052  42.394 0.4727272689
72024  21.738  24.162  42.829 0.4545454681
72025  22.077  24.676  42.667 0.4181818068
72026  22.303  25.375  42.936 0.4181818068
72027  22.526  25.230  42.451 0.4181818068
76014  21.060  16.498  56.609 0.2545454502
76015  21.149  13.732  56.294 0.4181818068
76016  21.151  14.331  56.531 0.3090909123
76017  21.232  14.242  55.967 0.4181818068
76018  21.319  15.151  54.826 0.3818181753
76019  21.277  15.271  55.474 0.3090909123
76020  21.329  15.670  55.259 0.3636363745
76022  21.341  16.193  54.950 0.4000000060
76023  21.291  16.603  54.678 0.4181818068
76024  21.223  16.050  54.278 0.5090909004
76025  21.254  15.270  52.667 0.6000000238
76026  21.241  15.810  53.045 0.5818181634
76027  21.325  15.653  52.408 0.5818181634
76028  21.521  16.046  52.117 0.6000000238
76029  21.442  15.496  51.768 0.5818181634
76041  22.103  3.999  58.020 0.3454545438
76047  21.952  5.081  58.468 0.3272727132
76048  21.331  6.158  56.855 0.4727272689
76049  21.474  6.177  57.482 0.4000000060
76050  21.286  6.740  56.931 0.4909090996
76051  21.227  7.278  57.112 0.5454545617
76052  21.131  7.321  56.504 0.5272727013
76055  21.572  2.263  52.688 0.4000000060
76056  21.274  4.032  52.611 0.4181818068
76057  21.368  3.495  53.159 0.4181818068
76058  21.281  4.044  53.329 0.4181818068
76059  21.291  4.128  53.953 0.4181818068
76060  21.217  4.635  53.464 0.4181818068
76061  21.339  6.288  50.661 0.5818181634
76062  21.319  5.766  51.157 0.5636363626
76063  21.214  6.339  51.344 0.6000000238
76064  20.972  6.859  52.881 0.5818181634
76065  21.079  6.303  52.685 0.5636363626
76066  21.061  6.316  53.383 0.5636363626
76067  21.116  5.617  53.890 0.5090909004
76068  21.094  6.228  54.081 0.5454545617
76069  21.132  6.285  54.718 0.5454545617
76070  20.979  6.767  54.280 0.5636363626
76071  20.819  8.451  54.078 0.6181818247
76072  20.835  7.910  54.613 0.6000000238
76073  20.785  8.495  54.745 0.6000000238
76074  20.879  8.448  55.456 0.6181818247
76075  20.785  9.007  54.922 0.6363636255
76076  20.757  9.530  55.074 0.6181818247
76077  20.733  9.621  54.366 0.6181818247
76078  20.763  10.665  52.737 0.6545454264
76079  20.685  10.658  53.409 0.6545454264
76080  20.764  11.202  52.973 0.6363636255
76081  20.830  11.727  53.187 0.6545454264
76082  20.821  11.671  52.577 0.6545454264
76083  21.207  10.503  50.178 0.6727272868
76084  21.111  10.497  50.836 0.6727272868
76085  21.201  11.001  50.407 0.6727272868
76086  21.292  12.432  50.422 0.6727272868
76087  21.151  12.003  50.879 0.6545454264
76088  21.221  12.490  51.121 0.6727272868
76089  21.059  12.594  51.779 0.6363636255
76090  21.205  13.045  51.305 0.6727272868
76091  21.233  13.577  51.690 0.6363636255
76092  21.342  13.453  51.000 0.6181818247
76093  21.753  14.116  49.808 0.6181818247
76094  21.603  14.228  50.438 0.6181818247
76095  21.802  14.630  50.174 0.6181818247
76096  21.797  15.154  50.559 0.6363636255
76097  22.053  15.055  49.851 0.6727272868
76098  22.199  15.476  49.474 0.7090908885
76099  22.166  14.873  49.156 0.6909090877
76100  22.411  14.036  47.681 0.7090908885
76101  22.394  14.538  47.949 0.7454545498
76102  22.576  14.466  47.362 0.7090908885
76103  22.614  14.903  47.014 0.8181818128
76104  22.732  14.304  46.758 0.7818182111
76105  22.658  11.958  46.704 0.7636363506
76106  22.520  12.494  46.872 0.7636363506
76107  22.800  12.279  46.399 0.8000000119
76108  23.558  12.976  45.244 0.8727272749
76109  23.173  13.086  45.744 0.8363636136
76110  23.399  13.495  45.403 0.8545454741
76111  23.196  14.035  45.553 0.8545454741
76112  23.498  13.889  45.067 0.8727272749
76113  23.532  14.321  44.721 0.8545454741
76114  23.781  13.832  44.532 0.8727272749
76115  25.067  13.245  43.812 0.8727272749
76116  24.656  13.664  43.745 0.8545454741
76117  25.181  13.693  43.512 0.8545454741
76118  25.238  14.189  43.234 0.8181818128
76119  25.751  13.660  43.401 0.8181818128
76120  24.326  8.099  46.164 0.7636363506
76121  24.035  8.511  46.043 0.7636363506
76122  24.631  8.550  45.965 0.7454545498
76123  25.735  9.273  45.492 0.7818182111
76124  25.098  9.313  45.529 0.8363636136
76125  25.366  9.668  45.360 0.8545454741
76126  25.101  10.105  45.222 0.8363636136
76127  25.633  10.068  45.244 0.8363636136
76128  27.964  9.428  46.513 0.7272727489
76129  27.419  9.298  46.114 0.7636363506
76130  27.719  9.779  46.053 0.7272727489
76131  27.337  11.139  45.237 0.8545454741
76132  27.065  10.627  45.368 0.8181818128
76133  26.750  11.049  45.058 0.8727272749
76134  26.187  10.970  44.880 0.8545454741
76135  26.464  11.482  44.745 0.8727272749
76136  26.186  11.924  44.405 0.8909090757
76137  26.716  11.974  44.562 0.8727272749
76138  27.590  13.070  44.397 0.7818182111
76139  27.102  12.992  44.172 0.8000000119
76140  27.213  13.444  43.977 0.8181818128
76141  26.809  13.821  43.548 0.8000000119
76142  27.316  13.950  43.755 0.7818182111
76143  27.396  14.485  43.543 0.7818182111
76144  27.791  14.146  43.981 0.7636363506
76145  28.986  14.159  45.144 0.6000000238
76146  28.673  14.511  44.610 0.7090908885
76147  29.088  14.726  44.946 0.6909090877
76148  29.177  15.263  44.753 0.6909090877
76149  29.512  14.970  45.285 0.6909090877
76150  30.068  12.676  47.323 0.5818181634
76151  29.790  13.085  46.785 0.5454545617
76152  30.164  13.274  47.119 0.5272727013
76153  30.858  14.889  46.986 0.5818181634
76154  30.455  14.590  46.693 0.5636363626
76155  30.626  15.227  46.441 0.6000000238
76156  30.332  15.427  45.884 0.6363636255
76157  30.786  15.760  46.156 0.5818181634
76158  30.895  16.283  45.901 0.6181818247
76159  31.181  16.012  46.432 0.5818181634
76160  32.189  15.996  47.617 0.5090909004
76161  31.951  16.403  47.080 0.5272727013
76162  32.284  16.600  47.397 0.4545454681
76163  32.350  17.218  47.195 0.4909090996
80283  21.672  18.212  49.269 0.6181818247
80284  21.700  18.406  49.990 0.6363636255
80285  21.396  18.882  49.432 0.6181818247
80286  20.481  20.853  49.227 0.5636363626
80287  20.860  20.318  49.758 0.5272727013
80288  20.579  21.061  49.931 0.5636363626
80289  20.687  21.281  50.736 0.5454545617
80290  20.313  21.866  50.136 0.4727272689
80291  19.790  23.429  47.048 0.6000000238
80292  19.763  22.734  47.541 0.6181818247
80293  19.587  23.633  47.665 0.5818181634
80294  19.422  24.849  49.180 0.5090909004
80295  19.501  23.992  49.057 0.5454545617
80296  19.556  24.115  49.841 0.4909090996
80297  19.863  23.481  50.499 0.5090909004
80298  19.795  24.358  50.649 0.4545454681
80300  19.712  25.184  50.768 0.4727272689
80306  22.147  27.564  44.496 0.4000000060
80307  21.944  27.120  44.794 0.4363636374
80308  21.989  27.824  44.832 0.4181818068
80309  21.576  28.898  45.721 0.3090909123
80310  21.735  28.237  45.700 0.3818181753
80311  21.596  28.497  46.227 0.3636363745
80312  21.433  28.050  46.666 0.3818181753
80313  21.406  28.755  46.820 0.3818181753
92257  31.623  17.899  46.160 0.5454545617
92258  31.207  18.317  45.702 0.5090909004
92259  31.550  18.653  46.058 0.5090909004
92260  31.402  19.377  46.004 0.4363636374
92261  31.212  20.052  45.982 0.4363636374
92262  31.050  20.567  45.974 0.4000000060
92531  24.453  1.673  46.608 0.4727272689
92532  24.845  2.233  46.750 0.5090909004
92533  24.990  1.780  46.679 0.5090909004
92534  25.263  1.790  46.718 0.5090909004
92535  25.698  1.764  46.934 0.5272727013
92575  25.993  1.720  47.071 0.5272727013
92806  21.653  17.217  52.730 0.5636363626
92807  21.684  17.952  53.019 0.5636363626
92808  21.740  17.745  52.372 0.5818181634
92809  21.833  18.243  51.925 0.5818181634
92810  21.768  18.820  51.400 0.6181818247
93886  24.364  15.032  43.127 0.8000000119
93887  23.914  15.602  43.059 0.8000000119
93888  24.370  15.577  42.797 0.7818182111
93889  24.319  16.093  42.435 0.8000000119
93890  24.339  16.536  42.157 0.8000000119
93891  26.473  22.434  40.809 0.4363636374
93892  26.015  22.280  40.622 0.4727272689
93893  26.215  22.846  40.357 0.4000000060
93894  25.958  23.217  39.914 0.4000000060
93895  25.679  23.607  39.448 0.3636363745
94687  21.207  9.161  58.531 0.3636363745
94688  21.117  9.782  58.703 0.2727272809
94689  21.053  9.738  58.023 0.4000000060
94690  20.907  10.303  57.545 0.4545454681
94691  20.866  10.776  57.105 0.4545454681
94692  20.863  11.405  56.649 0.4909090996
94693  20.789  10.814  56.481 0.4909090996
94694  20.766  10.762  55.936 0.5636363626
94695  20.806  10.754  55.342 0.6000000238
94701  22.220  7.017  48.122 0.6545454264
94702  21.943  7.140  48.617 0.6181818247
94703  22.187  7.650  48.189 0.6545454264
94704  22.055  8.120  48.362 0.7090908885
94705  21.914  8.687  48.555 0.7090908885
94706  21.828  9.237  48.692 0.6909090877
94707  22.105  9.172  48.088 0.7090908885
94708  22.300  9.532  47.690 0.7090908885
94709  22.448  9.908  47.288 0.7272727489
94710  22.624  10.297  46.929 0.7818182111
94711  22.784  9.722  46.841 0.7272727489
94712  23.129  9.594  46.401 0.7818182111
94713  23.521  9.495  45.945 0.8181818128
94714  29.328  8.284  48.858 0.5272727013
94715  29.293  8.766  48.317 0.6363636255
94716  29.679  8.847  48.850 0.5636363626
94717  30.028  9.444  48.762 0.5636363626
94718  30.285  10.073  48.690 0.6000000238
94719  30.468  10.688  48.614 0.5636363626
94720  30.726  10.228  49.156 0.5454545617
94721  31.086  10.406  49.581 0.5272727013
94722  31.455  10.589  50.140 0.5090909004
95547  20.548  23.897  44.616 0.5454545617
95548  20.432  24.241  45.055 0.5272727013
95549  20.688  24.677  44.831 0.4909090996
95550  20.952  25.397  45.067 0.4909090996
95551  21.216  26.155  45.282 0.4909090996
98206  28.444  15.867  43.699 0.7636363506
98207  28.003  16.299  43.213 0.7636363506
98208  28.479  16.457  43.474 0.7454545498
98209  28.450  17.135  43.390 0.7090908885
98210  28.392  17.792  43.287 0.6727272868
98211  29.293  19.708  44.170 0.5454545617
98212  28.956  19.471  43.920 0.5818181634
98213  28.829  19.987  43.804 0.5636363626
98214  28.356  20.286  43.448 0.5636363626
98215  27.922  20.646  43.132 0.5454545617
98216  27.513  21.028  42.699 0.5636363626
98217  27.880  21.260  43.040 0.5090909004
98218  27.954  21.895  42.893 0.4363636374
98219  28.148  22.518  42.648 0.4000000060
98220  28.379  22.977  42.367 0.3818181753
98221  28.517  22.740  42.869 0.4181818068
98222  28.945  22.909  43.054 0.3818181753
98223  29.337  23.074  43.355 0.3272727132
99020  21.857  1.473  49.391 0.4727272689
99021  23.045  2.701  47.361 0.4909090996
99022  22.718  2.704  47.754 0.4727272689
99023  23.032  3.252  47.578 0.5272727013
99024  22.935  3.725  47.668 0.5454545617
99025  22.862  4.346  47.775 0.5818181634
99026  22.724  4.867  47.769 0.6000000238
99027  23.096  4.847  47.488 0.6000000238
99028  23.370  5.332  47.163 0.6363636255
99029  23.664  5.841  46.870 0.6727272868
99030  23.983  6.326  46.617 0.6727272868
99031  24.190  5.787  46.653 0.6545454264
99032  24.714  5.740  46.656 0.6363636255
99033  25.221  5.759  46.727 0.6545454264
99034  26.369  4.279  47.433 0.5818181634
99035  26.387  4.827  47.293 0.5636363626
99036  26.834  4.856  47.657 0.5272727013
99037  27.240  5.376  47.902 0.5090909004
99038  27.600  5.877  48.177 0.5454545617
99039  27.937  6.370  48.388 0.5454545617
99040  27.962  5.963  48.648 0.4909090996
99041  28.381  6.016  49.124 0.4909090996
99042  28.731  6.052  49.595 0.5090909004
99163  29.059  5.994  50.057 0.5090909004
99164  28.659  5.495  49.762 0.5636363626
99165  28.442  4.950  49.987 0.4909090996
99166  28.199  4.388  50.025 0.4545454681
103093  22.448  15.986  47.429 0.8000000119
103094  22.209  16.627  47.606 0.7454545498
103095  22.328  16.492  47.000 0.7818182111
103096  22.105  16.928  46.526 0.7272727489
103097  21.863  17.372  46.018 0.6909090877
103098  22.125  17.933  43.405 0.7636363506
103099  21.835  18.026  43.944 0.7090908885
103100  21.742  18.532  43.564 0.7454545498
103101  21.372  19.218  43.708 0.6181818247
103102  21.052  19.957  43.811 0.6727272868
103103  20.782  20.712  43.952 0.6363636255
103104  21.051  20.593  43.426 0.6545454264
103105  21.096  21.185  43.091 0.6545454264
103106  21.229  21.738  42.790 0.6181818247
103107  25.955  17.842  41.700 0.7454545498
103108  25.427  17.733  41.615 0.7818182111
103109  25.452  18.256  41.558 0.7272727489
103110  24.916  18.738  41.445 0.7454545498
103111  24.424  19.226  41.354 0.7090908885
103112  24.023  21.996  40.497 0.5090909004
103113  23.874  21.474  40.738 0.5454545617
103114  23.578  22.059  40.720 0.5090909004
103115  23.158  22.152  40.940 0.5272727013
103116  22.744  22.283  41.192 0.5636363626
103117  22.322  22.426  41.556 0.5818181634
103118  22.591  22.986  41.368 0.4909090996
103119  22.530  23.621  41.608 0.4909090996
103120  22.568  24.304  41.848 0.4545454681
103121  22.697  24.992  42.087 0.4181818068
103122  22.907  24.781  41.620 0.4363636374
105513  20.999  15.478  57.021 0.2181818187
105514  21.198  13.618  55.106 0.5090909004
105515  21.275  14.221  55.384 0.4545454681
105516  21.247  14.101  54.787 0.5454545617
105517  21.258  14.532  54.501 0.4909090996
105518  21.268  15.020  54.200 0.4181818068
105519  21.261  15.479  53.881 0.4727272689
105520  21.235  14.920  53.543 0.5272727013
105521  21.218  14.876  52.954 0.6000000238
105522  21.289  14.703  52.294 0.6181818247
105528  21.977  3.008  56.857 0.3636363745
105529  22.158  2.952  57.533 0.3272727132
105530  21.920  3.479  57.145 0.3818181753
105531  21.854  4.117  57.341 0.3454545438
105532  21.796  4.602  57.572 0.3636363745
105533  21.765  5.094  57.750 0.3636363745
105534  21.521  5.104  57.154 0.3818181753
105535  21.333  5.593  56.697 0.4363636374
105536  21.246  6.145  56.164 0.5090909004
105537  21.543  2.886  51.612 0.4181818068
105538  21.565  2.898  52.257 0.4000000060
105539  21.470  3.400  51.793 0.4000000060
105540  21.433  4.022  51.994 0.4363636374
105541  21.244  4.647  52.141 0.4727272689
105542  21.202  7.520  50.995 0.6000000238
105543  21.108  6.893  51.474 0.6000000238
105544  21.064  7.424  51.674 0.6000000238
105545  20.993  7.482  52.312 0.6000000238
105546  20.948  7.442  53.061 0.5818181634
105547  20.941  7.301  53.728 0.5818181634
105548  20.925  7.931  53.190 0.6181818247
105549  20.782  8.460  53.365 0.6545454264
105550  20.803  9.088  53.508 0.6545454264
105551  20.709  9.569  53.694 0.6545454264
105552  20.771  9.571  53.044 0.6727272868
105553  20.815  10.065  52.591 0.6909090877
105554  20.869  10.478  52.129 0.6545454264
105555  21.511  11.254  49.375 0.6363636255
105556  21.294  11.423  49.967 0.6545454264
105557  21.435  11.810  49.507 0.6909090877
105558  21.417  12.318  49.781 0.6727272868
105559  21.456  12.798  50.052 0.6363636255
105560  21.445  13.337  50.377 0.6727272868
105561  21.556  13.194  49.739 0.6727272868
105562  21.734  13.585  49.465 0.6909090877
105563  21.875  13.917  49.183 0.6545454264
105564  22.084  14.303  48.915 0.6545454264
105565  22.082  13.800  48.614 0.6545454264
105566  22.284  13.628  47.999 0.6909090877
105567  22.413  13.468  47.411 0.7454545498
105568  23.310  11.622  45.804 0.8363636136
105569  23.119  12.168  45.902 0.8363636136
105570  23.511  12.026  45.498 0.8545454741
105571  23.665  12.355  45.149 0.8727272749
105572  23.939  12.848  44.790 0.8909090757
105573  24.116  13.262  44.457 0.8545454741
105574  24.404  12.800  44.434 0.8727272749
105575  24.922  12.790  44.186 0.8909090757
105576  25.413  12.796  43.971 0.8727272749
105577  25.432  8.037  46.039 0.7272727489
105578  25.126  8.499  45.869 0.7454545498
105579  25.745  8.475  45.888 0.7454545498
105580  26.012  8.842  45.754 0.7636363506
105581  26.306  9.212  45.614 0.8181818128
105582  28.472  10.410  46.436 0.6909090877
105583  27.982  10.297  46.018 0.7636363506
105584  28.176  10.845  45.973 0.7818182111
105585  27.891  11.236  45.614 0.8181818128
105586  27.561  11.633  45.120 0.8363636136
105587  27.276  12.068  44.722 0.8727272749
105588  27.752  12.155  44.988 0.8545454741
105589  27.911  12.682  44.844 0.8000000119
105590  28.007  13.208  44.667 0.7272727489
105591  28.101  13.748  44.494 0.7272727489
105592  28.451  13.397  45.025 0.6909090877
105593  28.843  13.626  45.339 0.5818181634
105594  29.271  13.795  45.707 0.5454545617
105595  30.830  13.172  48.082 0.5272727013
105596  30.534  13.549  47.485 0.5272727013
105597  30.984  13.870  47.830 0.5454545617
105598  31.134  14.504  47.575 0.5636363626
105599  31.292  15.097  47.304 0.5454545617
105600  31.443  15.643  47.023 0.5636363626
105601  31.672  15.321  47.624 0.5454545617
105602  32.081  15.518  47.917 0.5272727013
105603  32.463  15.778  48.160 0.4363636374
108075  21.057  19.207  48.208 0.6545454264
108076  21.080  19.386  48.906 0.6363636255
108077  20.758  19.901  48.363 0.6000000238
108078  20.515  20.688  48.524 0.6000000238
108079  20.163  21.484  48.679 0.5636363626
108080  19.705  25.160  47.214 0.5272727013
108081  19.531  24.517  47.747 0.5454545617
108082  19.548  25.411  47.891 0.5272727013
108083  19.418  25.519  48.557 0.5090909004
108084  19.437  25.666  49.315 0.4909090996
108085  19.508  25.792  50.102 0.4727272689
108086  19.455  26.524  49.432 0.4181818068
108087  19.557  27.355  49.616 0.4181818068
108089  21.514  28.880  44.347 0.3454545438
108090  21.775  28.453  44.835 0.3636363745
108091  21.477  29.027  44.798 0.3090909123
108092  21.390  29.252  45.210 0.3090909123
108093  21.215  29.492  45.723 0.3090909123
115423  30.172  16.890  44.927 0.6000000238
115424  29.784  17.295  44.495 0.6363636255
115425  30.112  17.515  44.751 0.6363636255
115426  30.003  18.207  44.639 0.6000000238
115427  29.854  18.840  44.564 0.5272727013
115428  30.745  18.719  45.301 0.5090909004
115429  30.216  19.136  44.876 0.5272727013
115430  29.746  19.424  44.542 0.5454545617
115431  29.619  19.970  44.502 0.5090909004
115432  29.471  20.503  44.472 0.5090909004
115433  29.330  21.085  44.459 0.4545454681
115434  29.205  21.680  44.459 0.4000000060
115435  29.598  21.330  44.828 0.4000000060
115436  29.942  21.555  45.233 0.4000000060
115437  30.334  21.804  45.609 0.3636363745
116059  23.192  1.491  47.070 0.4909090996
116060  23.124  2.158  47.240 0.4909090996
116061  23.427  2.655  47.115 0.4909090996
116062  23.811  3.218  47.009 0.5272727013
116063  24.200  3.783  46.915 0.5454545617
116064  24.562  4.256  46.847 0.5636363626
116065  24.670  3.787  46.853 0.5454545617
116066  25.067  3.775  46.847 0.5636363626
116067  25.536  3.782  46.890 0.5636363626
116068  25.225  2.815  46.926 0.5272727013
116069  25.590  3.358  47.093 0.5272727013
116070  25.966  3.830  47.259 0.5454545617
116071  26.359  3.837  47.580 0.5636363626
116072  26.829  3.870  47.872 0.5454545617
116073  27.114  3.994  48.399 0.5272727013
116167  27.384  3.896  48.781 0.5090909004
116168  26.939  3.286  48.318 0.5272727013
116171  26.274  1.546  47.376 0.5090909004
119224  23.022  15.419  44.996 0.8363636136
119225  22.685  16.015  45.059 0.8545454741
119226  22.923  15.874  44.503 0.8363636136
119227  22.832  16.313  44.102 0.7818182111
119228  22.688  16.793  43.630 0.7636363506
119229  23.465  16.109  43.090 0.7818182111
119230  22.967  16.717  43.123 0.7818182111
119231  22.529  17.308  43.245 0.8000000119
119232  22.434  17.775  42.917 0.7818182111
119233  22.371  18.309  42.653 0.7454545498
119234  22.412  18.819  42.335 0.7090908885
119235  25.988  20.151  41.434 0.6000000238
119236  25.521  20.005  41.336 0.6727272868
119237  25.592  20.601  41.144 0.6000000238
119238  25.239  21.035  40.901 0.6000000238
119239  24.902  21.544  40.701 0.4909090996
119240  25.539  22.150  40.499 0.4909090996
119241  25.041  22.089  40.498 0.4909090996
119242  24.557  22.039  40.435 0.4727272689
119243  24.233  22.602  40.337 0.4545454681
119244  23.976  23.115  40.275 0.4181818068
121098  21.132  10.355  58.877 0.2727272809
121099  21.113  10.971  58.998 0.2363636345
121102  20.917  12.721  58.157 0.2545454502
121103  20.949  13.263  57.717 0.2909090817
121104  20.996  13.894  57.371 0.2545454502
121105  20.963  13.214  57.181 0.3818181753
121106  21.026  13.186  56.605 0.4000000060
121107  21.103  13.152  56.058 0.4545454681
121108  20.910  11.938  56.218 0.5636363626
121109  21.015  12.529  55.840 0.5272727013
121110  21.069  13.098  55.467 0.4727272689
121111  21.116  12.975  54.899 0.5454545617
121112  21.043  12.886  54.284 0.6181818247
121113  21.023  12.802  53.666 0.6181818247
121122  21.725  2.979  56.242 0.4000000060
121123  21.531  3.543  55.772 0.4000000060
121124  21.402  3.979  55.372 0.4000000060
121125  21.664  5.072  49.828 0.5454545617
121126  21.562  5.104  50.415 0.5636363626
121127  21.586  5.549  49.913 0.5818181634
121128  21.476  6.211  50.067 0.6181818247
121129  21.376  6.758  50.235 0.6000000238
121130  21.702  7.227  49.179 0.6727272868
121131  21.490  7.290  49.774 0.6181818247
121132  21.344  7.370  50.384 0.6000000238
121133  21.315  7.958  50.547 0.6363636255
121134  21.239  8.462  50.716 0.6363636255
121135  21.139  8.994  50.882 0.6363636255
121136  21.064  9.481  51.064 0.6363636255
121137  21.204  9.507  50.503 0.6363636255
121138  21.297  9.946  50.026 0.6363636255
121139  21.476  10.392  49.600 0.6909090877
121140  21.725  9.768  48.805 0.6909090877
121141  21.577  10.277  48.989 0.6727272868
121142  21.571  10.788  49.199 0.6727272868
121143  21.738  11.202  48.785 0.7090908885
121144  21.875  11.517  48.427 0.6909090877
121145  21.991  11.917  48.080 0.7454545498
121146  22.180  12.260  47.713 0.7272727489
121147  22.204  11.790  47.430 0.7636363506
121148  22.422  11.587  46.948 0.7818182111
121149  22.757  11.462  46.513 0.7818182111
121150  22.797  10.599  46.647 0.7818182111
121151  22.968  10.956  46.336 0.8181818128
121152  23.159  11.278  46.016 0.8181818128
121153  23.564  11.167  45.627 0.8363636136
121154  23.966  11.095  45.233 0.8363636136
121155  24.482  11.062  44.984 0.8363636136
121156  27.544  7.983  46.888 0.6909090877
121157  27.363  8.415  46.530 0.7818182111
121158  27.865  8.454  46.912 0.7090908885
121159  28.166  8.941  46.911 0.7272727489
121160  28.489  9.473  46.883 0.6727272868
121161  29.076  9.184  47.866 0.6545454264
121162  28.968  9.622  47.352 0.6363636255
121163  28.797  9.986  46.872 0.6363636255
121164  29.014  10.576  46.802 0.6727272868
121165  29.165  11.151  46.739 0.7272727489
121166  29.255  11.709  46.690 0.6909090877
121167  29.299  12.253  46.575 0.6363636255
121168  29.609  11.869  47.075 0.6545454264
121169  29.992  12.080  47.484 0.6000000238
121170  30.334  12.246  47.876 0.6181818247
121171  30.604  11.269  48.534 0.5636363626
121172  30.701  11.821  48.431 0.5636363626
121173  30.748  12.471  48.279 0.5272727013
121174  31.151  12.728  48.673 0.5090909004
123099  20.113  21.448  46.210 0.6545454264
123100  20.063  21.675  46.816 0.6363636255
123101  19.965  22.373  46.279 0.7090908885
123102  19.894  23.273  46.357 0.5818181634
123103  19.921  24.117  46.530 0.6000000238
123104  20.241  24.434  45.611 0.5272727013
123105  20.150  24.721  46.109 0.5454545617
123106  19.952  24.924  46.670 0.5272727013
123107  20.059  25.723  46.818 0.4909090996
123108  20.290  26.474  47.021 0.4909090996
123109  20.516  27.210  47.236 0.4545454681
129241  26.478  15.224  42.788 0.7818182111
129242  25.951  15.665  42.395 0.7818182111
129243  26.501  15.743  42.426 0.7818182111
129244  26.508  16.317  42.278 0.8181818128
129245  26.497  16.829  42.070 0.8181818128
129246  27.529  16.654  42.735 0.7818182111
129247  27.016  17.078  42.333 0.8000000119
129248  26.487  17.382  41.940 0.7636363506
129249  26.489  17.990  41.843 0.7272727489
129250  26.515  18.613  41.805 0.6727272868
129251  26.481  19.169  41.761 0.6545454264
129252  29.312  17.670  44.121 0.6727272868
129253  28.802  18.069  43.693 0.6727272868
129254  28.316  18.380  43.214 0.6181818247
129255  28.618  19.253  43.530 0.6000000238
129256  28.248  18.961  43.175 0.6000000238
129257  27.855  18.704  42.756 0.6181818247
129258  27.407  19.019  42.387 0.6181818247
129259  26.883  19.365  42.068 0.6181818247
129260  26.424  19.763  41.746 0.6363636255
129261  26.391  20.354  41.703 0.6000000238
129262  26.435  20.917  41.605 0.5636363626
129263  26.494  21.493  41.468 0.4909090996
129264  27.241  21.386  42.276 0.5272727013
129265  26.935  21.746  41.768 0.4545454681
129266  26.706  22.109  41.279 0.4000000060
129267  26.958  22.703  40.980 0.4181818068
129268  27.181  23.227  40.651 0.3636363745
129274  28.541  23.480  42.012 0.2727272809
129280  29.309  22.268  44.269 0.4000000060
129281  29.483  22.804  43.995 0.3090909123
129282  29.694  23.302  43.641 0.2545454502
129283  30.277  23.230  44.499 0.2909090817
129284  30.049  23.496  43.900 0.2545454502
130949  21.091  8.504  57.773 0.4363636374
130950  21.028  8.488  57.228 0.5090909004
130957  21.624  1.598  51.180 0.4545454681
130958  21.556  2.281  51.364 0.4545454681
130959  21.598  2.844  50.973 0.4909090996
130960  21.659  3.354  50.556 0.4363636374
130961  21.674  3.917  50.102 0.4727272689
130962  22.176  0.750  48.612 0.4909090996
130963  22.053  1.589  48.713 0.4727272689
130964  22.028  2.189  48.994 0.4727272689
130965  22.411  2.720  48.156 0.4909090996
130966  22.226  2.771  48.672 0.4909090996
130967  21.982  2.711  49.231 0.4909090996
130968  21.949  3.327  49.414 0.4909090996
130969  21.849  3.948  49.569 0.4909090996
130970  21.751  4.528  49.659 0.5090909004
130971  21.857  4.975  49.236 0.5454545617
130972  21.969  5.527  48.810 0.6181818247
130973  22.183  6.031  48.430 0.6545454264
130974  22.621  5.465  47.899 0.6363636255
130975  22.465  5.983  47.908 0.6727272868
130976  22.309  6.551  48.006 0.6545454264
130977  22.559  6.996  47.593 0.6727272868
130978  22.830  7.434  47.250 0.7090908885
130979  23.052  7.848  46.964 0.7636363506
130980  23.290  8.259  46.642 0.7454545498
130981  23.493  7.766  46.643 0.7636363506
130982  23.979  7.638  46.332 0.7818182111
130983  24.479  7.688  46.230 0.7272727489
130984  24.377  6.804  46.445 0.6909090877
130985  24.738  7.163  46.270 0.6909090877
130986  25.110  7.581  46.142 0.6727272868
130987  25.645  7.625  46.198 0.6909090877
130988  26.201  7.568  46.360 0.6545454264
130989  26.765  7.574  46.571 0.6727272868
130990  24.925  4.731  46.787 0.6000000238
130991  25.309  5.251  46.762 0.6181818247
130992  25.710  5.751  46.784 0.6545454264
130993  26.343  5.313  47.226 0.5818181634
130994  26.234  5.772  47.053 0.6000000238
130995  26.147  6.240  46.827 0.6181818247
130996  26.605  6.680  46.815 0.5636363626
130997  26.967  7.142  46.866 0.6000000238
130998  27.254  7.571  46.894 0.6181818247
130999  27.687  7.589  47.383 0.6000000238
131000  28.160  7.612  47.789 0.6000000238
131001  28.627  7.732  48.281 0.5454545617
131002  28.309  6.832  48.579 0.5636363626
131003  28.678  7.293  48.729 0.5272727013
131004  28.989  7.782  48.805 0.5272727013
131005  29.393  7.865  49.335 0.5272727013
131006  29.806  7.962  49.792 0.5272727013
131007  30.180  8.132  50.360 0.4909090996
131263  30.558  8.109  50.852 0.4909090996
131264  30.170  7.524  50.773 0.4363636374
131267  29.316  5.965  50.549 0.5272727013
131273  27.577  3.841  49.219 0.4909090996
131274  27.751  3.775  49.645 0.4363636374
131275  27.998  3.687  50.077 0.4363636374
131276  27.604  2.337  49.486 0.4545454681
131277  27.851  2.987  49.996 0.4545454681
131278  28.176  3.616  50.491 0.4363636374
131279  28.384  3.493  50.919 0.3818181753
131280  28.645  3.390  51.396 0.3818181753
132747  21.934  25.793  43.815 0.4000000060
132748  21.771  26.054  44.218 0.4363636374
132749  22.196  26.535  44.067 0.4181818068
132750  22.300  27.279  44.097 0.3818181753
132751  22.103  28.010  44.012 0.3636363745
132754  21.743  28.643  43.898 0.3454545438
139495  22.125  16.562  50.077 0.6363636255
139496  22.070  17.225  50.237 0.6545454264
139497  22.106  17.030  49.606 0.6909090877
139498  21.893  17.581  49.137 0.6727272868
139499  21.627  18.003  48.597 0.6545454264
139500  21.977  17.246  47.801 0.6727272868
139501  21.687  17.844  48.002 0.6545454264
139502  21.396  18.477  48.098 0.6000000238
139503  21.120  18.944  47.592 0.6000000238
139504  20.844  19.490  47.088 0.6909090877
139505  20.541  20.011  46.615 0.6181818247
139506  22.348  16.614  45.244 0.7818182111
139507  21.994  17.221  45.413 0.7090908885
139508  21.665  17.779  45.564 0.7090908885
139509  21.567  18.193  44.510 0.6727272868
139510  21.436  18.249  45.095 0.6545454264
139511  21.267  18.495  45.692 0.6727272868
139512  20.954  19.126  45.840 0.6545454264
139513  20.610  19.899  46.004 0.6181818247
139514  20.320  20.652  46.109 0.6000000238
139515  20.223  21.279  45.635 0.6909090877
139516  20.235  21.917  45.170 0.6363636255
139517  20.286  22.543  44.745 0.6000000238
139518  20.614  21.479  44.098 0.6181818247
139519  20.464  22.349  44.230 0.6000000238
139520  20.498  23.119  44.427 0.5636363626
139521  20.734  23.658  44.130 0.5636363626
139522  21.025  24.159  43.895 0.5272727013
139523  21.341  24.638  43.671 0.4727272689
139524  25.446  16.112  42.098 0.8000000119
139525  24.880  16.567  41.950 0.7818182111
139526  24.343  17.048  41.936 0.7818182111
139527  24.877  17.673  41.615 0.7818182111
139528  24.339  17.585  41.721 0.8000000119
139529  23.833  17.625  41.929 0.7636363506
139530  23.325  18.254  41.971 0.8000000119
139531  22.842  18.798  42.016 0.7636363506
139532  22.435  19.374  42.040 0.7090908885
139533  25.019  19.889  41.231 0.6909090877
139534  24.497  19.799  41.188 0.6909090877
139535  23.952  19.807  41.256 0.6909090877
139536  23.712  20.927  40.963 0.6000000238
139537  23.579  20.387  41.157 0.6727272868
139538  23.469  19.851  41.350 0.6909090877
139539  22.973  19.878  41.546 0.7090908885
139540  22.504  19.955  41.788 0.6909090877
139541  22.091  20.097  42.132 0.6727272868
139542  21.789  20.834  42.201 0.6545454264
139543  21.538  21.575  42.338 0.6000000238
139544  21.396  22.271  42.526 0.5818181634
139545  21.981  22.616  41.932 0.5636363626
139546  21.617  22.781  42.316 0.5818181634
139547  21.383  22.978  42.753 0.5636363626
139548  21.415  23.692  42.998 0.5454545617
139549  21.527  24.419  43.240 0.4909090996
139550  21.699  25.132  43.528 0.4363636374
139551  22.091  25.616  43.357 0.4545454681
144427  21.035  14.367  57.018 0.2545454502
144428  21.097  14.912  56.778 0.2727272809
144429  21.154  15.442  56.526 0.3090909123
144430  21.305  14.760  55.688 0.3818181753
144431  21.268  15.326  55.999 0.3272727132
144432  21.201  15.930  56.344 0.2909090817
144437  21.326  17.064  54.389 0.4545454681
144438  21.392  16.863  53.748 0.5272727013
144439  21.253  15.905  53.668 0.4909090996
144440  21.369  16.314  53.423 0.5272727013
144441  21.468  16.773  53.078 0.5636363626
144442  21.606  16.616  52.443 0.6000000238
144443  21.749  16.428  51.794 0.6181818247
144444  21.882  16.258  51.165 0.6181818247
144457  22.380  3.003  58.238 0.3090909123
144466  21.689  5.620  57.932 0.3454545438
144467  21.589  6.196  58.091 0.3636363745
144468  21.515  6.743  58.098 0.4000000060
144469  21.301  7.218  57.650 0.4727272689
144470  21.101  7.839  57.138 0.5454545617
144471  20.977  8.447  56.629 0.5272727013
144474  21.627  2.360  54.068 0.4000000060
144476  21.393  2.971  53.539 0.4000000060
144477  21.507  2.975  54.238 0.4000000060
144478  21.404  3.465  54.458 0.3454545438
144479  21.280  4.052  54.648 0.4000000060
144480  21.273  4.600  54.848 0.4000000060
144481  21.374  5.174  50.999 0.5454545617
144482  21.301  5.224  51.705 0.5454545617
144483  21.171  5.203  52.310 0.4727272689
144484  21.070  6.318  51.992 0.5636363626
144485  21.128  5.798  52.481 0.5454545617
144486  21.181  5.090  53.050 0.5090909004
144487  21.153  5.189  53.681 0.4545454681
144488  21.125  5.112  54.405 0.4181818068
144489  21.248  5.124  55.046 0.4727272689
144490  21.163  5.690  55.264 0.5090909004
144491  21.089  6.168  55.487 0.5272727013
144492  21.076  6.744  55.683 0.5272727013
144493  20.951  7.365  54.434 0.5818181634
144494  20.944  7.267  55.190 0.5636363626
144495  21.048  7.305  55.827 0.5818181634
144496  21.002  7.894  56.017 0.5818181634
144497  20.926  8.426  56.167 0.5454545617
144498  20.865  8.992  56.209 0.5818181634
144499  20.810  9.542  55.725 0.6000000238
144500  20.771  10.153  55.226 0.6000000238
144501  20.723  10.653  54.765 0.6545454264
144502  20.720  10.115  53.923 0.6727272868
144503  20.709  10.676  54.104 0.6727272868
144504  20.755  11.244  54.267 0.6545454264
144505  20.809  11.764  53.827 0.6363636255
144506  20.897  12.208  53.417 0.6363636255
144507  21.001  12.779  52.994 0.6363636255
144508  21.034  10.027  51.302 0.6545454264
144509  20.947  10.528  51.459 0.6363636255
144510  20.949  11.008  51.700 0.6545454264
144511  21.149  11.481  50.627 0.6545454264
144512  20.979  11.500  51.299 0.6545454264
144513  20.909  11.497  51.954 0.6727272868
144514  20.944  12.037  52.138 0.6545454264
144515  21.008  12.640  52.400 0.6181818247
144516  21.095  13.255  52.619 0.6363636255
144517  21.168  13.701  52.269 0.6181818247
144518  21.272  14.142  51.979 0.6545454264
144519  21.313  14.556  51.721 0.6363636255
144520  21.453  13.898  50.684 0.6181818247
144521  21.454  14.448  51.047 0.6181818247
144522  21.442  14.966  51.434 0.6000000238
144523  21.590  15.352  51.150 0.5818181634
144524  21.814  15.710  50.863 0.6545454264
144525  22.034  16.081  50.502 0.6909090877
144526  22.216  15.971  49.845 0.6727272868
144527  22.233  15.848  49.163 0.7272727489
144528  22.381  15.702  48.515 0.7090908885
144529  22.381  14.755  48.547 0.6909090877
144530  22.442  15.168  48.212 0.7272727489
144531  22.454  15.582  47.808 0.7636363506
144532  22.572  15.422  47.238 0.8181818128
144533  22.652  15.302  46.630 0.8363636136
144534  22.821  15.107  45.993 0.8545454741
144535  22.333  12.640  47.429 0.7090908885
144536  22.497  12.981  47.149 0.7090908885
144537  22.689  13.358  46.828 0.7818182111
144538  22.993  12.656  46.035 0.8363636136
144539  22.839  13.207  46.277 0.8181818128
144540  22.840  13.756  46.532 0.7818182111
144541  22.953  14.177  46.171 0.8545454741
144542  23.025  14.567  45.808 0.8727272749
144543  23.020  14.991  45.375 0.8727272749
144544  23.291  14.828  44.882 0.8545454741
144545  23.535  14.802  44.322 0.8363636136
144546  23.908  14.652  43.833 0.8545454741
144547  24.233  13.710  44.054 0.8727272749
144548  24.299  14.137  43.711 0.8545454741
144549  24.341  14.616  43.401 0.8181818128
144550  24.800  14.568  43.121 0.8000000119
144551  25.309  14.585  42.998 0.8000000119
144552  25.880  14.575  42.906 0.8000000119
144553  23.549  8.673  46.258 0.7636363506
144554  23.787  9.063  45.895 0.8000000119
144555  24.017  9.421  45.680 0.8000000119
144556  24.858  8.964  45.734 0.7636363506
144557  24.609  9.355  45.602 0.8000000119
144558  24.254  9.791  45.525 0.8181818128
144559  24.501  10.173  45.394 0.8727272749
144560  24.739  10.532  45.184 0.8545454741
144561  25.072  11.010  44.912 0.8363636136
144562  27.109  8.836  46.189 0.7636363506
144563  26.851  9.260  45.884 0.7636363506
144564  26.568  9.676  45.576 0.7818182111
144565  27.408  10.189  45.741 0.7818182111
144566  26.818  10.149  45.503 0.8000000119
144567  26.198  10.096  45.286 0.8181818128
144568  25.919  10.520  45.050 0.8363636136
144569  25.620  11.036  44.825 0.8363636136
144570  25.289  11.455  44.731 0.8545454741
144571  25.514  11.875  44.512 0.8727272749
144572  25.748  12.385  44.213 0.9090909362
144573  25.973  12.829  43.945 0.8909090757
144574  26.925  12.458  44.383 0.8545454741
144575  26.599  12.855  43.976 0.8545454741
144576  26.151  13.265  43.679 0.8363636136
144577  26.265  13.733  43.369 0.8181818128
144578  26.342  14.227  43.140 0.8000000119
144579  26.433  14.741  42.972 0.8000000119
144580  26.959  14.814  43.146 0.8000000119
144581  27.471  15.029  43.366 0.7636363506
144582  27.948  15.199  43.580 0.7818182111
144583  28.222  14.315  44.301 0.7636363506
144584  28.299  14.825  44.119 0.7636363506
144585  28.376  15.340  43.923 0.7818182111
144586  28.850  15.564  44.175 0.7454545498
144587  29.270  15.793  44.574 0.6727272868
144588  29.738  16.028  44.868 0.6727272868
144589  29.413  12.825  46.422 0.5818181634
144590  29.548  13.426  46.253 0.5636363626
144591  29.643  14.016  46.073 0.5454545617
144592  30.280  13.900  46.917 0.5272727013
144593  30.057  14.237  46.356 0.5636363626
144594  29.776  14.605  45.828 0.6363636255
144595  29.924  15.179  45.567 0.6545454264
144596  30.087  15.763  45.306 0.6909090877
144597  30.164  16.335  45.114 0.6727272868
144598  30.548  16.567  45.404 0.6000000238
144599  30.952  16.801  45.689 0.6000000238
144600  31.340  17.026  45.954 0.6000000238
144601  31.565  16.164  46.767 0.5636363626
144602  31.619  16.697  46.534 0.6000000238
144603  31.638  17.272  46.321 0.5636363626
144604  31.981  17.566  46.667 0.5090909004
144605  32.381  17.807  47.003 0.4909090996
149578  21.936  17.889  50.494 0.6545454264
149579  21.712  18.588  50.703 0.5818181634
149580  21.455  19.269  50.880 0.5818181634
149581  21.146  19.581  49.620 0.5818181634
149582  21.161  19.784  50.317 0.5818181634
149583  21.255  19.994  51.089 0.5454545617
149584  21.042  20.723  51.228 0.5090909004
149585  20.899  21.499  51.486 0.5090909004
149586  20.729  22.297  51.676 0.4545454681
149587  19.981  21.914  47.420 0.5818181634
149588  19.914  22.087  48.120 0.5818181634
149589  19.895  22.249  48.812 0.5454545617
149590  19.518  23.847  48.330 0.5272727013
149591  19.624  23.120  48.955 0.5818181634
149592  19.927  22.487  49.550 0.4909090996
149593  20.070  22.678  50.324 0.4909090996
149594  20.291  22.894  51.096 0.4545454681
149605  21.709  26.387  44.641 0.4181818068
149606  21.597  26.609  45.087 0.4545454681
149607  21.547  26.852  45.481 0.4363636374
149608  21.812  27.992  45.275 0.4000000060
149609  21.783  27.533  45.677 0.4181818068
149610  21.391  27.102  45.929 0.4727272689
149611  21.252  27.345  46.446 0.4363636374
149612  20.993  27.642  46.932 0.4181818068
149613  20.757  27.989  47.490 0.3818181753
149616  21.084  29.834  46.245 0.3090909123
149619  21.227  29.431  46.870 0.3272727132
149620  21.155  29.011  47.387 0.3636363745
149621  20.924  28.637  47.807 0.3272727132
149622  20.507  28.212  48.128 0.3636363745
2791  27.094  1.842  48.475 0.5090909004
14134  27.606  1.536  49.270 0.4181818068
23456  26.580  2.143  47.903 0.5272727013
54451  26.605  2.774  47.934 0.5272727013
65441  27.876  1.351  49.547 0.3636363745
99167  27.206  1.106  48.239 0.4727272689
99168  27.403  1.668  48.912 0.4727272689
99169  27.458  0.945  48.576 0.4545454681
116169  26.925  2.751  48.407 0.5272727013
116170  26.841  2.023  48.176 0.4909090996
116172  26.626  1.489  47.676 0.4727272689
116173  26.890  1.273  47.942 0.4545454681
