#!ascii label  , from subject fsaverage vox2ras=TkReg
26
7543  37.675  23.212  40.002 0.3454545438
13686  36.803  21.402  47.122 0.3454545438
13687  36.731  20.327  47.771 0.3636363745
16571  37.695  23.162  43.049 0.3454545438
16575  37.787  22.730  41.011 0.3454545438
16576  38.044  22.084  40.086 0.3454545438
29144  37.004  22.581  46.498 0.3636363745
29145  37.740  21.503  46.385 0.3818181753
44406  36.262  20.843  47.715 0.3636363745
64097  36.567  22.543  46.837 0.3454545438
64098  37.211  20.869  47.231 0.3454545438
64099  37.259  21.449  46.800 0.3818181753
64100  37.716  20.961  46.878 0.3818181753
64101  38.257  20.987  46.449 0.3454545438
64102  38.240  20.502  46.920 0.3454545438
98364  36.754  20.859  47.455 0.3454545438
98365  37.217  20.391  47.555 0.3636363745
103563  37.726  22.963  40.492 0.3454545438
103564  37.850  22.594  40.015 0.3454545438
129575  36.918  22.000  46.792 0.3454545438
129576  37.314  22.005  46.429 0.3636363745
129577  37.765  22.017  46.022 0.3454545438
129578  38.216  21.463  46.004 0.3636363745
129580  39.352  20.432  46.050 0.3454545438
140465  38.550  21.390  41.580 0.3454545438
152435  37.199  19.798  47.965 0.3454545438
