#!ascii label  , from subject fsaverage vox2ras=TkReg
503
2040  37.131  36.471  25.791 0.2000000030
2125  41.060  34.151  28.497 0.2000000030
2574  40.897  39.358  24.879 0.1636363566
2577  35.892  41.186  23.638 0.1454545408
4681  39.138  35.364  27.261 0.2909090817
4682  38.640  34.025  29.202 0.2181818187
6553  37.572  32.844  30.991 0.2727272809
8941  39.821  37.420  26.156 0.2000000030
8942  41.679  35.842  26.878 0.1636363566
8943  43.523  33.946  27.362 0.1636363566
8944  40.003  32.969  30.339 0.2545454502
8945  42.737  32.504  29.460 0.2363636345
10255  38.344  42.327  23.661 0.1636363566
10257  37.110  41.151  23.726 0.1818181872
12362  37.493  33.873  29.232 0.2727272809
19194  37.480  37.388  25.062 0.2000000030
19801  38.901  37.876  25.350 0.1818181872
19802  38.383  36.943  25.899 0.2000000030
19803  40.137  34.740  27.972 0.2000000030
19804  40.404  35.666  27.260 0.2363636345
19805  41.404  34.884  27.626 0.1818181872
19806  42.650  34.851  27.023 0.1454545408
19807  42.302  33.919  27.957 0.1636363566
19808  38.214  31.944  31.000 0.2727272809
19809  38.847  32.943  30.645 0.2727272809
23066  41.844  38.519  25.130 0.1636363566
26493  36.946  35.622  26.662 0.2727272809
26857  38.043  36.013  26.626 0.2909090817
26858  37.928  35.111  27.390 0.3090909123
26859  38.977  34.518  28.151 0.2545454502
26860  39.785  34.083  28.905 0.2363636345
28862  45.101  34.536  25.984 0.0909090936
30649  36.929  33.328  30.206 0.2181818187
30650  36.287  32.573  31.026 0.2363636345
36335  36.822  39.792  23.874 0.2181818187
36336  38.240  39.823  24.170 0.1636363566
37069  39.381  38.934  24.833 0.1272727251
37070  40.380  38.303  25.518 0.1636363566
37071  41.339  37.661  26.038 0.1454545408
37072  39.323  36.405  26.666 0.2727272809
37073  40.812  36.697  26.667 0.2000000030
37074  42.161  36.825  26.246 0.1636363566
37075  42.984  35.874  26.290 0.1090909094
37076  43.936  34.878  26.426 0.1272727251
37077  44.937  33.885  26.840 0.1090909094
37078  38.155  33.517  30.106 0.2727272809
37079  39.338  33.582  29.934 0.2727272809
37080  40.519  33.548  29.443 0.2363636345
37083  41.879  33.328  29.008 0.2181818187
37084  43.133  33.171  28.437 0.2000000030
37085  44.486  33.009  27.843 0.1272727251
40973  39.887  40.933  24.161 0.1454545408
40977  37.866  41.072  23.813 0.1818181872
40978  37.677  41.759  23.715 0.1636363566
49910  36.640  36.388  25.610 0.2727272809
49912  36.744  36.845  25.215 0.2363636345
49913  36.903  37.314  24.878 0.2363636345
49914  37.254  36.922  25.406 0.2181818187
50521  37.936  37.181  25.471 0.2000000030
50522  37.681  36.698  25.816 0.2000000030
50523  40.628  34.484  28.263 0.1818181872
50524  40.764  34.808  27.826 0.1818181872
50525  41.265  34.490  28.053 0.1636363566
50526  41.877  34.372  27.777 0.1454545408
50527  41.682  34.020  28.241 0.1454545408
53804  41.386  38.932  25.031 0.2000000030
60121  37.415  35.369  27.047 0.3090909123
60123  38.251  34.209  28.774 0.2727272809
60124  38.414  34.435  28.293 0.2727272809
60125  38.838  34.234  28.656 0.2363636345
60126  39.401  34.285  28.538 0.2545454502
60127  39.207  34.055  29.088 0.2181818187
63492  44.472  35.636  25.255 0.1090909094
63494  44.601  35.107  25.801 0.0909090936
66714  35.404  32.544  30.752 0.2181818187
67321  35.965  32.759  30.662 0.2363636345
67322  35.686  32.341  31.094 0.2363636345
80615  37.235  38.475  24.315 0.1636363566
80616  36.731  39.159  23.999 0.2000000030
80617  37.400  39.174  24.114 0.2000000030
80618  37.550  39.833  23.974 0.2181818187
80619  38.069  39.168  24.307 0.1818181872
82442  38.619  38.738  24.658 0.1454545408
82443  39.349  37.664  25.767 0.2000000030
82444  39.651  38.109  25.480 0.1818181872
82445  40.114  37.862  25.842 0.2000000030
82446  40.854  38.000  25.807 0.1636363566
82447  40.589  37.584  26.161 0.1636363566
82448  38.530  35.732  26.935 0.3090909123
82449  38.658  36.253  26.634 0.2545454502
82450  39.218  35.868  26.926 0.2727272809
82451  41.063  35.773  27.102 0.2000000030
82452  40.592  36.187  26.959 0.2181818187
82453  41.263  36.298  26.811 0.2000000030
82454  41.493  36.807  26.547 0.1818181872
82455  41.907  36.340  26.566 0.1636363566
82456  42.578  36.366  26.271 0.1454545408
82457  42.330  35.871  26.597 0.1818181872
82458  43.071  34.399  27.140 0.1818181872
82459  43.275  34.845  26.710 0.1454545408
82460  43.763  34.433  26.854 0.1454545408
82461  44.444  34.347  26.596 0.1090909094
82462  44.253  33.943  27.058 0.1454545408
82463  37.243  33.124  30.658 0.2363636345
82465  37.885  33.167  30.490 0.2727272809
82467  39.096  33.299  30.347 0.2727272809
82468  39.692  33.245  30.125 0.2545454502
82469  39.936  33.541  29.676 0.2545454502
82470  40.252  33.262  29.893 0.2363636345
82477  41.638  33.032  29.505 0.2000000030
82478  42.296  32.926  29.267 0.2181818187
82479  42.511  33.251  28.765 0.2000000030
82480  42.920  32.810  28.978 0.2181818187
82481  44.722  31.934  28.620 0.1636363566
82482  44.259  32.524  28.397 0.1818181872
82483  44.958  32.411  28.108 0.1454545408
82484  45.170  32.928  27.598 0.0727272704
82485  45.646  32.299  27.831 0.0909090936
82487  46.041  31.631  28.073 0.0909090936
92184  40.494  41.147  23.971 0.1272727251
92192  36.282  41.820  23.647 0.1272727251
95979  37.664  34.129  28.770 0.2909090817
95980  38.066  33.961  29.299 0.2363636345
108275  37.068  37.859  24.579 0.1636363566
108276  37.682  37.892  24.770 0.1818181872
109369  38.409  38.146  24.907 0.1454545408
109370  38.175  37.649  25.174 0.1636363566
109371  38.636  37.416  25.607 0.2000000030
109372  39.031  37.206  26.083 0.2181818187
109373  39.650  35.033  27.639 0.2363636345
109374  39.753  35.492  27.260 0.2727272809
109375  40.239  35.126  27.572 0.2181818187
109376  40.905  35.269  27.438 0.2181818187
109377  41.497  35.347  27.215 0.1818181872
109378  42.161  35.354  26.946 0.1636363566
109379  42.027  34.835  27.331 0.1454545408
109380  42.490  34.361  27.463 0.1454545408
109381  42.904  33.961  27.645 0.1818181872
109383  38.243  32.876  30.759 0.3090909123
109393  43.772  31.744  29.389 0.2181818187
109395  45.171  31.279  28.815 0.1454545408
115278  36.220  42.424  23.632 0.1272727251
115280  36.161  43.623  23.485 0.1090909094
123254  36.540  35.978  26.040 0.2727272809
123255  37.059  36.039  26.202 0.2545454502
124105  37.596  36.255  26.220 0.2181818187
124106  37.508  35.814  26.630 0.2545454502
124107  37.970  35.554  27.000 0.3090909123
124108  38.486  35.204  27.320 0.2909090817
124110  38.463  34.774  27.790 0.2909090817
124111  39.053  34.898  27.707 0.2727272809
124112  39.541  34.628  28.075 0.2181818187
124113  39.982  34.392  28.420 0.1818181872
124114  40.411  34.164  28.706 0.2181818187
128810  45.642  34.037  26.164 0.0909090936
133657  36.605  33.463  29.730 0.2545454502
133659  36.592  32.973  30.627 0.2363636345
133660  36.952  32.720  31.038 0.2727272809
133663  37.270  32.322  31.156 0.2909090817
149972  34.231  39.714  23.404 0.2000000030
149976  35.766  40.538  23.634 0.1636363566
149978  36.234  39.836  23.721 0.2000000030
149979  36.312  40.493  23.697 0.1818181872
149980  36.935  40.479  23.763 0.1818181872
149981  37.711  40.468  23.875 0.1818181872
149982  38.434  40.443  24.071 0.1636363566
152176  39.149  38.363  25.070 0.1454545408
152177  39.922  38.584  25.207 0.1636363566
152178  40.637  38.823  25.201 0.1454545408
152179  41.126  38.457  25.421 0.1454545408
152180  41.609  38.061  25.628 0.1454545408
152181  42.001  37.639  25.791 0.1272727251
152182  38.169  36.466  26.234 0.2363636345
152183  38.822  36.744  26.353 0.2363636345
152184  39.534  36.952  26.445 0.2181818187
152185  39.865  36.034  26.980 0.2727272809
152186  40.065  36.583  26.724 0.2181818187
152187  40.313  37.107  26.453 0.1818181872
152188  41.064  37.247  26.387 0.1636363566
152189  41.740  37.256  26.207 0.1454545408
152191  42.821  36.833  25.890 0.1090909094
152192  43.227  36.359  25.912 0.1090909094
152194  42.780  35.377  26.636 0.1454545408
152195  43.414  35.323  26.329 0.1090909094
152196  44.058  35.284  26.054 0.0909090936
152198  45.049  34.210  26.422 0.0909090936
152200  37.245  33.638  29.748 0.2363636345
152201  37.826  33.697  29.779 0.2545454502
152202  38.408  33.834  29.723 0.2545454502
152203  38.528  33.271  30.422 0.2727272809
152204  38.744  33.644  30.137 0.2727272809
152205  38.985  33.850  29.630 0.2363636345
152206  39.577  33.835  29.436 0.2545454502
152207  40.177  33.845  29.180 0.2181818187
152208  40.797  33.840  28.977 0.2363636345
152216  41.225  33.447  29.250 0.2545454502
152217  41.470  33.716  28.727 0.2000000030
152218  42.104  33.621  28.483 0.2363636345
152219  42.722  33.572  28.191 0.2000000030
152220  43.341  33.547  27.899 0.1454545408
152221  43.561  32.705  28.683 0.1818181872
152222  43.808  33.048  28.129 0.1636363566
152223  44.030  33.519  27.574 0.1272727251
152224  44.716  33.473  27.321 0.1090909094
462  36.237  33.563  29.241 0.2545454502
30366  35.693  32.889  30.265 0.2181818187
42875  35.704  33.452  29.113 0.2727272809
133658  36.302  33.138  30.190 0.2363636345
461  28.445  32.401  28.080 0.2000000030
1013  32.314  31.877  28.292 0.2181818187
2038  29.069  34.357  23.117 0.3090909123
2039  33.528  35.690  24.222 0.2727272809
4471  27.012  36.874  28.046 0.2000000030
4472  27.092  34.413  26.299 0.2363636345
4473  26.843  35.028  23.671 0.2909090817
4474  28.501  32.977  25.475 0.2363636345
4476  32.909  33.620  26.002 0.2181818187
4477  34.877  34.553  26.781 0.2727272809
4478  35.271  36.101  25.072 0.2727272809
4479  36.893  34.854  27.416 0.3090909123
6429  30.264  31.490  27.980 0.2181818187
8689  30.634  32.743  25.431 0.2909090817
8690  31.439  34.994  23.449 0.3272727132
8692  33.717  38.175  23.197 0.2545454502
8693  35.589  38.569  23.936 0.2545454502
12151  27.342  34.306  27.610 0.2000000030
12152  27.774  33.330  27.158 0.2181818187
12153  27.668  33.558  25.859 0.2545454502
12154  28.469  32.618  26.861 0.2000000030
12155  35.211  33.326  29.002 0.2727272809
12156  34.628  33.740  27.699 0.3272727132
12157  35.509  33.954  27.934 0.3454545438
12158  35.807  34.705  27.101 0.3272727132
12159  36.652  34.210  28.269 0.3454545438
12361  37.804  34.403  28.297 0.3272727132
19149  25.034  41.807  27.693 0.2000000030
19168  26.295  36.852  26.587 0.2363636345
19169  26.466  38.178  27.643 0.2181818187
19175  27.907  34.515  23.303 0.3454545438
19180  31.280  31.576  28.117 0.2000000030
19181  30.398  31.981  26.714 0.2727272809
19182  31.495  32.230  26.865 0.2909090817
19183  33.269  34.726  25.021 0.2727272809
19184  32.167  34.275  24.614 0.3090909123
19185  32.607  35.465  23.774 0.3272727132
19186  31.860  36.254  22.819 0.3090909123
19187  32.811  36.552  23.155 0.2909090817
19189  33.552  36.846  23.531 0.2545454502
19190  36.180  36.261  25.433 0.2545454502
19191  35.459  37.253  24.341 0.2909090817
19192  36.399  37.328  24.694 0.2545454502
19193  36.667  38.576  24.140 0.2363636345
26479  26.842  35.594  27.066 0.2000000030
26482  26.894  34.637  24.958 0.2545454502
26483  27.677  33.937  24.508 0.2909090817
26484  28.665  33.517  24.251 0.2727272809
26485  33.358  32.444  28.556 0.2363636345
26486  32.618  32.690  27.208 0.2545454502
26487  33.635  33.225  27.464 0.2727272809
26488  33.893  34.137  26.341 0.2545454502
26489  34.201  35.081  25.512 0.2363636345
26490  34.328  35.916  24.581 0.2909090817
26491  35.041  35.251  25.917 0.2727272809
26492  35.962  35.478  26.277 0.2909090817
30356  29.170  31.654  29.141 0.2000000030
30357  29.273  31.714  27.987 0.2363636345
30359  30.980  31.264  29.318 0.2181818187
30360  31.980  31.420  29.444 0.2545454502
30363  32.990  31.876  29.592 0.2363636345
30364  33.996  32.287  29.811 0.2727272809
30365  34.839  32.595  30.102 0.2909090817
36305  26.712  39.387  28.714 0.1818181872
36306  25.886  40.628  28.281 0.2000000030
36319  29.352  32.077  26.640 0.2727272809
36320  29.474  32.681  25.349 0.3272727132
36321  29.798  33.497  24.215 0.3272727132
36322  31.777  33.118  25.641 0.2545454502
36323  30.994  33.796  24.307 0.3272727132
36324  30.223  34.532  23.180 0.3454545438
36331  34.465  37.051  23.927 0.2909090817
36332  34.599  38.465  23.650 0.2363636345
36334  35.697  39.885  23.645 0.2000000030
42868  28.444  32.350  28.730 0.2000000030
42870  28.104  32.767  28.184 0.2181818187
42873  28.098  32.962  27.008 0.1818181872
42876  35.386  33.671  28.475 0.3090909123
42877  35.906  33.807  28.589 0.3090909123
42878  36.080  34.144  28.112 0.3272727132
42879  36.464  33.893  28.740 0.2909090817
43081  37.099  34.041  28.717 0.3272727132
43082  36.873  33.761  29.228 0.2727272809
49867  25.722  42.359  28.893 0.1818181872
49868  25.175  42.373  28.158 0.1818181872
49895  28.445  34.353  23.157 0.3272727132
49900  31.832  31.685  28.202 0.2181818187
49901  31.382  31.873  27.500 0.2363636345
49902  31.925  32.065  27.620 0.2363636345
49903  33.441  35.224  24.583 0.2727272809
49904  32.965  35.111  24.322 0.3090909123
49905  33.103  35.580  24.009 0.3090909123
49906  32.752  35.996  23.465 0.3090909123
49907  33.153  36.117  23.674 0.2909090817
49908  33.156  36.715  23.345 0.2909090817
49909  33.524  36.248  23.844 0.2727272809
49911  36.282  36.776  25.051 0.2727272809
59488  27.247  34.365  26.938 0.2181818187
59489  27.097  34.927  27.319 0.2181818187
59490  26.935  34.993  26.618 0.2545454502
59491  26.609  35.605  26.349 0.2363636345
59492  26.757  35.024  25.946 0.2545454502
59493  26.596  35.100  25.281 0.2545454502
59494  26.971  34.528  25.623 0.2363636345
59495  28.071  33.230  25.635 0.2545454502
59496  27.649  33.728  25.181 0.2545454502
59497  28.107  33.446  24.945 0.2727272809
59498  28.175  33.687  24.343 0.2727272809
59499  28.576  33.234  24.840 0.2727272809
59500  33.850  32.703  28.674 0.2545454502
59501  33.494  32.809  28.014 0.2545454502
59502  33.993  33.090  28.126 0.2727272809
59503  34.765  34.137  27.188 0.3090909123
59504  34.259  33.911  27.000 0.3272727132
59505  34.407  34.368  26.549 0.2727272809
59506  34.069  34.628  25.867 0.2363636345
59507  34.529  34.793  26.136 0.2363636345
59508  34.623  35.183  25.727 0.2727272809
59509  34.956  34.900  26.350 0.2545454502
59510  36.305  34.811  27.285 0.2909090817
59511  35.830  35.062  26.638 0.3272727132
59512  36.363  35.192  26.844 0.3090909123
59513  36.440  35.608  26.497 0.3090909123
59514  36.923  35.225  27.042 0.3272727132
60122  37.449  34.985  27.419 0.2909090817
66692  29.512  31.509  29.763 0.2000000030
66693  29.613  31.433  29.113 0.2181818187
66698  31.515  31.266  29.353 0.2363636345
66707  33.326  31.882  30.231 0.2363636345
66709  33.835  32.017  30.326 0.2727272809
66711  34.609  32.275  30.588 0.2727272809
80538  27.277  36.831  28.754 0.1818181872
80540  27.217  37.501  28.630 0.1818181872
80541  26.088  38.779  27.420 0.2000000030
80542  26.619  38.845  28.194 0.2000000030
80543  26.182  39.418  27.983 0.1818181872
80544  26.276  39.994  28.492 0.1818181872
80545  25.753  40.025  27.742 0.2000000030
80560  26.412  35.410  23.960 0.3272727132
80575  29.761  31.541  27.935 0.2363636345
80576  29.332  31.850  27.328 0.2363636345
80577  29.851  31.700  27.367 0.2545454502
80578  30.506  32.326  26.063 0.2727272809
80579  29.938  32.300  25.989 0.2727272809
80580  30.081  32.644  25.334 0.2909090817
80581  29.610  33.064  24.785 0.3272727132
80582  30.205  33.064  24.757 0.3090909123
80583  32.765  33.132  26.619 0.2363636345
80584  32.198  32.880  26.376 0.2545454502
80585  32.355  33.376  25.792 0.2545454502
80586  31.797  34.611  23.986 0.3454545438
80587  31.556  34.008  24.449 0.3272727132
80588  31.211  34.378  23.857 0.3272727132
80589  30.623  34.169  23.730 0.3090909123
80590  30.820  34.735  23.282 0.3272727132
80591  30.427  35.146  22.782 0.3090909123
80592  31.033  35.381  22.935 0.3272727132
80605  34.792  35.987  24.839 0.3090909123
80606  34.383  36.406  24.199 0.3454545438
80607  34.887  36.515  24.451 0.3272727132
80608  35.556  37.899  24.106 0.2727272809
80609  35.056  37.870  23.947 0.2727272809
80610  35.100  38.580  23.817 0.2363636345
80611  34.660  39.218  23.608 0.2181818187
80612  35.104  39.261  23.740 0.2363636345
80613  35.174  39.898  23.649 0.2000000030
80614  35.625  39.235  23.788 0.2363636345
95599  27.496  33.772  27.347 0.2000000030
95600  27.401  33.851  26.701 0.2363636345
95601  27.288  33.943  26.065 0.2545454502
95602  27.718  33.430  26.522 0.2363636345
95603  28.071  33.061  26.329 0.2181818187
95604  28.457  32.744  26.167 0.2545454502
95605  34.758  33.096  28.922 0.2727272809
95606  34.477  33.341  28.237 0.2727272809
95607  34.943  33.517  28.403 0.3090909123
95608  35.088  33.901  27.871 0.3272727132
95609  35.217  34.281  27.387 0.3454545438
95610  35.320  34.643  26.949 0.3090909123
95611  35.693  34.332  27.524 0.3272727132
95612  36.230  34.468  27.734 0.3090909123
95613  36.783  34.514  27.830 0.2909090817
95977  37.377  34.633  27.828 0.3272727132
95978  37.240  34.323  28.251 0.3272727132
108228  26.686  36.889  27.344 0.2363636345
108229  26.795  37.539  27.881 0.2181818187
108230  26.352  37.517  27.099 0.2363636345
108232  25.648  38.838  26.675 0.2545454502
108241  27.360  34.729  23.470 0.3272727132
108250  30.769  31.515  28.050 0.2181818187
108251  30.361  31.702  27.387 0.2545454502
108252  30.864  31.759  27.421 0.2545454502
108253  30.945  32.052  26.778 0.2545454502
108254  31.063  32.443  26.113 0.2727272809
108255  33.074  34.198  25.498 0.2181818187
108256  32.541  33.935  25.297 0.2363636345
108257  32.745  34.521  24.810 0.2727272809
108258  32.405  34.906  24.130 0.3090909123
108259  32.036  35.234  23.595 0.3090909123
108260  31.634  35.624  23.089 0.3090909123
108261  32.256  35.861  23.292 0.3090909123
108262  32.375  36.405  22.981 0.3090909123
108266  33.209  37.337  23.130 0.2909090817
108268  35.733  36.215  25.280 0.2909090817
108269  35.374  36.648  24.687 0.3272727132
108270  35.834  36.732  24.883 0.2727272809
108271  35.934  37.288  24.532 0.2545454502
108272  36.038  37.883  24.239 0.2545454502
108273  36.109  38.548  24.026 0.2363636345
108274  36.532  37.918  24.388 0.2363636345
123218  27.126  36.237  28.241 0.2000000030
123219  27.168  34.904  28.008 0.1818181872
123220  27.076  35.595  27.787 0.2000000030
123221  26.882  36.238  27.546 0.2000000030
123222  26.584  36.224  26.835 0.2363636345
123223  26.289  36.228  26.098 0.2363636345
123227  26.497  35.192  24.624 0.2545454502
123228  26.848  34.782  24.304 0.3272727132
123229  27.248  34.046  25.381 0.2545454502
123230  27.243  34.226  24.716 0.2545454502
123231  27.271  34.454  24.077 0.3090909123
123232  27.770  34.202  23.885 0.3272727132
123233  28.295  33.995  23.738 0.3090909123
123234  28.858  33.913  23.672 0.3272727132
123235  32.846  32.144  28.406 0.2181818187
123236  32.456  32.284  27.755 0.2363636345
123237  32.997  32.530  27.834 0.2363636345
123238  33.144  32.991  27.326 0.2727272809
123239  33.248  33.420  26.704 0.2181818187
123240  34.128  33.500  27.563 0.2727272809
123241  33.732  33.662  26.865 0.2363636345
123242  33.379  33.898  26.140 0.2181818187
123243  33.580  34.479  25.720 0.2181818187
123244  33.749  34.960  25.240 0.2363636345
123245  33.854  35.408  24.779 0.2727272809
123246  33.908  35.841  24.346 0.2727272809
123247  34.270  35.481  25.033 0.2545454502
123248  34.694  35.542  25.270 0.2909090817
123249  35.149  35.620  25.495 0.2909090817
123250  35.368  34.965  26.501 0.2909090817
123251  35.490  35.339  26.098 0.2727272809
123252  35.626  35.757  25.698 0.2909090817
123253  36.077  35.866  25.863 0.2909090817
124109  37.924  34.703  27.807 0.2909090817
132860  28.801  31.976  28.573 0.2181818187
132861  28.879  32.032  27.990 0.2000000030
132862  29.226  31.650  28.551 0.2000000030
132863  29.688  31.455  28.517 0.2181818187
132864  30.151  31.356  28.557 0.2363636345
132866  30.485  31.282  29.241 0.2363636345
132867  30.638  31.326  28.641 0.2363636345
132868  31.150  31.368  28.718 0.2181818187
132869  31.682  31.441  28.789 0.2363636345
132870  32.155  31.606  28.872 0.2363636345
132878  32.484  31.618  29.484 0.2545454502
132879  32.679  31.833  28.971 0.2545454502
132880  33.223  32.130  29.099 0.2545454502
132881  33.722  32.390  29.204 0.2727272809
132882  34.160  32.589  29.291 0.2727272809
132883  34.226  32.126  30.434 0.2727272809
149887  26.961  38.207  28.464 0.2000000030
149888  27.121  38.829  29.001 0.1818181872
149889  27.146  39.334  29.526 0.1636363566
149891  26.433  40.570  28.998 0.1818181872
149892  26.067  41.182  28.721 0.2000000030
149893  25.440  41.216  27.999 0.2000000030
149929  28.915  32.141  27.422 0.2181818187
149930  28.909  32.304  26.762 0.2181818187
149931  28.888  32.512  26.056 0.2545454502
149932  29.849  31.984  26.678 0.2727272809
149933  29.382  32.362  25.976 0.2545454502
149934  28.965  32.795  25.400 0.3090909123
149935  29.064  33.112  24.794 0.2909090817
149936  29.215  33.471  24.221 0.2909090817
149937  29.443  33.896  23.655 0.3272727132
149938  32.055  32.458  27.005 0.2545454502
149939  31.628  32.641  26.177 0.2727272809
149940  31.207  32.896  25.526 0.2909090817
149941  31.954  33.662  25.122 0.2727272809
149942  31.365  33.409  24.984 0.3454545438
149943  30.798  33.240  24.819 0.3090909123
149944  30.407  33.602  24.222 0.3272727132
149945  30.030  33.984  23.659 0.3272727132
149946  29.653  34.401  23.128 0.3272727132
149947  29.845  34.962  22.666 0.3090909123
149950  31.249  36.055  22.642 0.3272727132
149965  33.958  36.337  24.000 0.2909090817
149966  34.004  36.948  23.711 0.2363636345
149967  34.054  37.616  23.504 0.2181818187
149968  34.968  37.165  24.135 0.3090909123
149969  34.535  37.742  23.751 0.2545454502
149970  34.123  38.359  23.412 0.2181818187
149971  34.168  39.039  23.410 0.2363636345
149975  35.254  40.568  23.600 0.2000000030
149977  36.175  39.197  23.848 0.2363636345
