#!ascii label  , from subject fsaverage vox2ras=TkReg
632
6217  23.375  50.769  20.941 0.4000000060
24580  32.973  44.783  18.632 0.3818181753
63520  32.899  42.300  22.425 0.3636363745
63522  32.856  42.569  21.990 0.3454545438
65645  23.161  50.561  21.600 0.3818181753
65647  23.290  51.363  21.254 0.3454545438
65649  23.493  51.556  20.615 0.3454545438
99293  23.593  50.968  20.341 0.4000000060
118794  33.330  45.447  18.335 0.3454545438
118799  32.877  46.723  16.652 0.3454545438
118800  32.754  47.065  16.138 0.3454545438
128848  32.803  43.381  20.830 0.3454545438
131541  23.602  51.746  20.017 0.3454545438
57  23.465  42.678  23.349 0.4000000060
177  30.320  39.384  20.751 0.5636363626
178  27.801  46.072  14.686 0.4909090996
894  23.702  48.567  20.012 0.5090909004
1471  25.751  39.446  20.458 0.5090909004
1472  24.849  44.321  17.866 0.7454545498
1473  29.019  42.549  16.929 0.6727272868
1878  24.024  48.847  15.405 0.5090909004
2813  22.963  47.686  22.847 0.4000000060
2814  23.188  45.550  21.872 0.5454545617
3412  28.063  39.011  20.001 0.5636363626
3413  27.307  41.075  18.599 0.6909090877
3414  29.588  41.158  19.101 0.6545454264
3416  32.649  45.608  17.337 0.4181818068
4125  26.138  44.824  15.700 0.6363636255
4126  24.603  46.618  16.644 0.6363636255
4127  25.596  46.992  14.743 0.4363636374
5791  32.096  40.051  22.118 0.4000000060
5792  31.445  41.809  20.634 0.5272727013
6218  23.285  51.343  18.674 0.4545454681
7273  24.236  40.826  21.749 0.4727272689
7274  23.796  43.568  20.606 0.5454545617
7275  25.152  42.017  19.384 0.6181818247
7276  26.516  42.913  16.925 0.7090908885
7277  28.331  44.286  15.532 0.5818181634
7278  31.290  43.203  18.264 0.6181818247
7279  30.633  44.766  16.152 0.5090909004
7280  29.898  46.361  14.993 0.4181818068
8250  24.047  46.397  19.061 0.5636363626
8251  23.745  49.003  17.651 0.5454545617
8252  23.026  51.120  15.869 0.4181818068
8676  24.223  41.889  26.107 0.3454545438
8685  24.556  39.742  24.095 0.4000000060
8686  25.444  37.835  22.403 0.4181818068
8687  27.359  36.645  21.378 0.4363636374
8688  29.835  36.757  21.518 0.4000000060
10492  23.378  43.723  24.115 0.3818181753
10493  23.144  45.056  23.318 0.4181818068
10494  23.257  44.121  22.716 0.4727272689
11092  29.211  39.068  20.230 0.5454545617
11093  28.797  40.062  19.550 0.5818181634
11094  29.826  40.323  20.026 0.5818181634
11805  26.954  45.362  15.102 0.5090909004
11806  25.898  45.899  15.227 0.4727272689
11807  26.606  46.311  14.589 0.4909090996
14200  23.274  48.124  21.434 0.4545454681
14201  23.182  49.236  21.821 0.3454545438
14202  23.577  49.661  20.465 0.4545454681
14203  23.741  51.152  19.769 0.4000000060
14204  23.783  50.080  19.280 0.5090909004
15997  24.931  40.083  21.140 0.5090909004
15998  24.560  41.376  20.640 0.5636363626
15999  25.433  40.815  20.063 0.6000000238
16000  28.121  41.762  17.682 0.6545454264
16001  26.904  41.974  17.666 0.7090908885
16002  27.772  42.562  16.769 0.6909090877
16003  27.434  43.463  16.035 0.6181818247
16004  28.669  43.352  16.103 0.6545454264
16005  32.363  43.072  20.371 0.3818181753
16006  31.480  42.591  19.421 0.5090909004
16007  32.244  43.612  19.077 0.4545454681
16008  32.325  46.440  16.407 0.3636363745
16009  31.685  45.115  16.712 0.4363636374
16010  31.241  45.961  15.891 0.4000000060
16011  30.162  45.639  15.540 0.4545454681
16012  30.894  46.695  15.220 0.4000000060
18135  24.268  44.083  19.264 0.6000000238
18136  23.852  45.092  19.885 0.5636363626
18137  24.335  45.397  18.577 0.6000000238
18138  24.335  47.885  16.079 0.5272727013
18139  24.161  47.814  17.191 0.6181818247
18140  23.760  48.996  16.488 0.5454545617
18141  23.294  50.114  16.745 0.4909090996
18142  23.480  49.933  15.643 0.4181818068
19172  25.098  38.412  24.556 0.3636363745
19173  24.900  38.775  23.147 0.4181818068
19174  25.468  37.341  23.730 0.3454545438
19176  27.023  35.757  22.490 0.3818181753
19177  28.200  35.363  22.192 0.3454545438
19178  28.590  36.545  21.221 0.4181818068
19179  29.436  35.442  22.151 0.3454545438
23494  23.183  45.849  25.330 0.3454545438
23495  22.851  47.229  24.308 0.3636363745
23496  23.041  46.177  23.915 0.3818181753
23497  23.089  46.576  22.475 0.4909090996
23498  23.378  47.090  20.945 0.4545454681
24574  26.828  39.134  20.064 0.5272727013
24575  26.498  40.318  19.639 0.6000000238
24576  27.659  40.083  19.345 0.6000000238
24577  28.474  40.926  18.655 0.6727272868
24578  29.451  41.853  18.036 0.6363636255
25857  25.362  44.487  16.663 0.7272727489
25858  24.828  45.481  17.250 0.6545454264
25859  25.226  45.606  16.054 0.6363636255
25860  25.024  46.786  15.620 0.5272727013
25861  24.721  47.843  15.062 0.4727272689
28873  31.170  39.673  21.417 0.4545454681
28874  30.754  40.688  20.720 0.5636363626
28875  31.547  41.046  21.557 0.4727272689
28876  32.385  42.347  21.506 0.3636363745
29865  22.807  48.738  23.238 0.3636363745
29870  22.897  52.588  17.750 0.3636363745
29871  28.611  46.524  13.896 0.3636363745
29872  27.445  46.563  13.695 0.3636363745
32359  23.783  41.682  22.602 0.4363636374
32360  23.553  43.064  22.025 0.5090909004
32361  23.908  42.172  21.251 0.5818181634
32362  24.397  42.706  19.955 0.6000000238
32363  24.978  43.164  18.614 0.6363636255
32364  26.158  41.407  18.845 0.6363636255
32365  25.827  42.475  17.987 0.6909090877
32366  25.559  43.516  17.271 0.7272727489
32367  26.237  43.868  16.244 0.6909090877
32368  27.158  44.357  15.504 0.5818181634
32369  28.102  45.242  15.145 0.5090909004
32370  30.603  41.465  19.759 0.5818181634
32371  30.536  42.138  18.590 0.5636363626
32372  30.288  42.783  17.514 0.6181818247
32373  32.002  44.314  17.784 0.5272727013
32374  31.012  43.909  17.121 0.6000000238
32375  29.893  43.542  16.480 0.6000000238
32376  29.504  44.435  15.749 0.5636363626
32377  29.153  45.412  15.296 0.5272727013
32378  28.899  46.146  14.817 0.4363636374
32379  29.720  46.766  14.178 0.3636363745
35046  23.451  44.580  21.323 0.5272727013
35047  23.572  46.036  20.433 0.4909090996
35048  23.873  47.472  19.477 0.5454545617
35049  24.401  46.599  17.871 0.6545454264
35050  24.147  47.776  18.404 0.6181818247
35051  23.938  49.021  18.832 0.5818181634
35052  23.448  50.235  18.184 0.4727272689
35053  22.962  51.269  17.315 0.4363636374
35054  22.777  52.414  16.242 0.4181818068
35055  26.294  46.958  13.633 0.3818181753
35056  25.232  47.689  13.884 0.3454545438
35057  24.396  48.656  14.205 0.4181818068
35060  23.799  49.757  14.555 0.4181818068
35061  23.365  50.993  14.682 0.4181818068
35062  23.121  52.299  14.894 0.4363636374
35063  22.895  53.628  15.177 0.3454545438
36282  23.757  42.210  24.660 0.3636363745
36308  24.273  40.850  25.040 0.3636363745
36309  23.972  41.132  23.708 0.3818181753
36310  24.347  40.178  22.810 0.4181818068
36311  24.891  39.300  22.048 0.4545454681
36312  25.547  38.551  21.331 0.4545454681
36313  26.067  36.417  23.079 0.3636363745
36314  26.236  37.117  21.843 0.4363636374
36315  26.470  38.008  20.858 0.4727272689
36316  27.645  37.798  20.534 0.4909090996
36317  28.960  37.869  20.672 0.4727272689
36318  30.194  38.173  21.051 0.4363636374
36326  31.012  37.170  21.976 0.4000000060
36327  31.254  38.405  21.639 0.4000000060
36328  32.092  38.693  22.198 0.3636363745
41212  23.415  43.170  23.703 0.3818181753
41213  23.282  43.855  23.369 0.4000000060
41214  23.357  43.378  23.039 0.4363636374
41812  29.770  39.226  20.456 0.5636363626
41813  29.490  39.687  20.103 0.5818181634
41814  30.037  39.868  20.391 0.5636363626
42525  27.332  45.691  14.877 0.4909090996
42526  26.745  45.845  14.873 0.4909090996
42527  27.175  46.145  14.595 0.4727272689
44920  23.483  48.314  20.690 0.4545454681
44921  23.397  48.844  20.905 0.4545454681
44922  23.644  49.102  20.248 0.4909090996
44923  23.733  49.886  19.852 0.4727272689
44924  23.794  49.335  19.621 0.5090909004
46717  25.325  39.746  20.780 0.4909090996
46718  25.148  40.394  20.582 0.5272727013
46719  25.614  40.130  20.267 0.5636363626
46720  28.589  42.141  17.294 0.6909090877
46721  27.937  42.135  17.155 0.6545454264
46722  28.392  42.486  16.806 0.6545454264
46723  28.221  42.915  16.401 0.6727272868
46724  28.851  42.937  16.509 0.6727272868
46726  32.337  43.362  19.722 0.4000000060
46727  32.715  43.891  19.515 0.3818181753
46728  32.151  46.795  15.946 0.3636363745
46729  31.786  46.182  16.140 0.4000000060
46730  31.581  46.562  15.755 0.3818181753
46731  31.045  46.361  15.554 0.4181818068
46732  31.375  46.924  15.375 0.3454545438
48855  24.573  44.258  18.569 0.6727272868
48856  24.296  44.762  18.926 0.6181818247
48857  24.534  44.877  18.199 0.6909090877
48858  24.176  48.431  15.726 0.4909090996
48859  24.026  48.454  16.306 0.5272727013
48860  23.838  48.926  15.913 0.5272727013
48861  23.602  49.470  16.050 0.5090909004
48862  23.729  49.378  15.538 0.4727272689
49893  25.249  37.875  24.119 0.4000000060
49898  28.837  35.358  22.112 0.3454545438
54518  23.059  45.981  24.598 0.3636363745
54519  23.141  45.478  24.381 0.3636363745
54520  23.141  45.281  22.597 0.4727272689
54521  23.100  45.801  22.926 0.4909090996
54522  23.146  46.025  22.191 0.4909090996
54523  23.203  46.805  21.707 0.4727272689
54524  23.262  46.297  21.435 0.4727272689
56317  27.436  39.065  19.982 0.5454545617
56318  27.242  39.673  19.683 0.5636363626
56319  27.841  39.565  19.697 0.5818181634
56320  29.170  40.647  19.350 0.6363636255
56321  28.622  40.522  19.134 0.6727272868
56322  29.048  41.058  18.864 0.6545454264
56323  28.905  41.422  18.382 0.6545454264
56324  29.522  41.521  18.579 0.6545454264
58455  25.704  44.610  16.098 0.6545454264
58456  25.295  45.035  16.348 0.6727272868
58457  25.643  45.174  15.843 0.5818181634
58458  25.732  46.452  14.977 0.4727272689
58459  25.423  46.301  15.377 0.5272727013
58460  25.290  46.895  15.196 0.4545454681
58461  24.894  47.344  15.390 0.4727272689
58462  25.148  47.420  14.937 0.4727272689
63517  31.644  39.835  21.770 0.4181818068
63518  31.357  40.374  21.461 0.4909090996
63519  31.825  40.564  21.863 0.4363636374
63521  32.373  42.016  22.000 0.4000000060
65640  22.890  47.444  23.567 0.4000000060
65641  22.790  47.945  23.757 0.3636363745
65642  22.905  48.242  23.033 0.3636363745
65643  23.263  49.996  21.337 0.4181818068
65644  23.065  49.765  22.019 0.3636363745
65650  23.521  51.288  19.229 0.4545454681
65651  23.484  51.883  19.430 0.4000000060
65652  23.258  51.956  18.852 0.3636363745
65653  23.031  52.582  18.408 0.3636363745
65654  23.043  51.947  18.232 0.4000000060
71032  24.014  41.252  22.166 0.4727272689
71033  23.834  41.902  21.921 0.5090909004
71034  24.046  41.489  21.543 0.5818181634
71035  24.813  41.684  20.042 0.6181818247
71036  24.446  42.052  20.308 0.6363636255
71037  24.734  42.343  19.686 0.6000000238
71038  24.687  42.977  19.332 0.6181818247
71039  25.067  42.603  18.991 0.6363636255
71040  26.935  40.666  19.106 0.6181818247
71041  26.374  40.862  19.261 0.6363636255
71042  26.731  41.207  18.690 0.6545454264
71043  26.685  42.436  17.282 0.6909090877
71044  26.324  42.183  17.769 0.7090908885
71045  26.152  42.697  17.416 0.7090908885
71046  25.686  42.996  17.614 0.7090908885
71047  25.992  43.201  17.040 0.7090908885
71048  25.843  43.678  16.730 0.6909090877
71049  26.388  43.406  16.568 0.6909090877
71050  27.857  43.817  15.720 0.6181818247
71051  27.285  43.904  15.755 0.6000000238
71052  27.738  44.286  15.492 0.6000000238
71053  27.683  44.752  15.297 0.5272727013
71054  28.250  44.776  15.341 0.5090909004
71055  31.075  41.258  20.706 0.5272727013
71056  30.654  41.104  20.298 0.5818181634
71057  31.035  41.622  20.198 0.5636363626
71058  31.385  42.902  18.816 0.5454545617
71059  31.028  42.363  18.938 0.5636363626
71060  30.922  42.663  18.405 0.5636363626
71061  30.437  42.428  18.062 0.6181818247
71062  30.818  42.977  17.868 0.6363636255
71063  32.803  45.157  17.913 0.4363636374
71064  32.472  44.532  18.194 0.4727272689
71065  32.342  44.934  17.536 0.4727272689
71066  31.182  44.925  16.423 0.4727272689
71067  31.371  44.507  16.922 0.5818181634
71068  30.820  44.307  16.608 0.5818181634
71069  30.459  43.713  16.772 0.5818181634
71070  30.265  44.144  16.285 0.5818181634
71071  29.693  43.984  16.062 0.6000000238
71072  30.064  44.599  15.924 0.5454545617
71073  29.974  46.038  15.284 0.4727272689
71074  29.619  45.507  15.428 0.5090909004
71075  29.531  45.928  15.202 0.5272727013
71076  29.038  45.824  15.087 0.5272727013
71077  29.456  46.271  14.946 0.4545454681
71078  29.281  46.505  14.541 0.4181818068
71079  29.803  46.622  14.646 0.4181818068
77445  23.621  43.341  21.282 0.5818181634
77446  23.468  43.820  21.728 0.5272727013
77447  23.617  44.077  20.975 0.5454545617
77448  23.926  45.760  19.455 0.5454545617
77449  23.692  45.570  20.157 0.5090909004
77450  23.814  46.235  19.723 0.5090909004
77451  23.719  46.741  19.955 0.4909090996
77452  23.954  46.926  19.291 0.5818181634
77453  24.718  46.067  16.933 0.6000000238
77454  24.582  46.050  17.593 0.6363636255
77455  24.495  46.621  17.261 0.6363636255
77456  23.947  48.416  17.426 0.5454545617
77457  24.171  47.839  17.849 0.6000000238
77458  24.003  48.445  18.043 0.5818181634
77459  24.024  48.415  18.588 0.5818181634
77460  23.845  49.073  18.284 0.5636363626
77461  23.716  49.675  18.550 0.5272727013
77462  23.552  49.652  17.930 0.5090909004
77463  23.096  50.593  16.331 0.4363636374
77464  23.106  50.651  17.065 0.4727272689
77465  22.930  51.183  16.585 0.4727272689
77466  22.804  51.835  16.776 0.4000000060
77467  22.865  51.750  16.053 0.4181818068
77469  26.859  46.716  13.628 0.3818181753
77474  24.794  48.157  14.089 0.4000000060
77484  23.574  50.399  14.630 0.4181818068
77487  23.292  52.243  14.326 0.3636363745
77488  23.124  52.889  14.410 0.3636363745
77489  22.978  52.958  15.037 0.4181818068
77490  23.002  53.559  14.534 0.3454545438
80483  23.741  42.746  25.085 0.3454545438
80484  23.958  42.045  25.382 0.3454545438
80548  24.694  39.604  24.826 0.3454545438
80549  24.617  40.173  25.312 0.3636363745
80550  24.412  40.276  24.576 0.3818181753
80551  24.086  40.931  24.336 0.3818181753
80552  24.288  40.407  23.886 0.3818181753
80553  24.165  40.642  23.264 0.3818181753
80554  24.448  39.957  23.415 0.4181818068
80555  25.133  38.298  22.772 0.4181818068
80556  24.887  39.015  22.578 0.4545454681
80557  25.174  38.571  22.190 0.4545454681
80558  25.217  38.914  21.668 0.4545454681
80559  25.488  38.163  21.850 0.4545454681
80561  26.008  36.110  23.705 0.3636363745
80562  26.415  35.691  23.328 0.3636363745
80563  27.181  36.177  21.891 0.4000000060
80564  26.612  36.405  22.137 0.4000000060
80565  26.754  36.831  21.596 0.4181818068
80566  26.364  37.518  21.302 0.4727272689
80567  26.911  37.309  21.096 0.4909090996
80568  27.041  37.862  20.647 0.4909090996
80569  27.517  37.178  20.922 0.4727272689
80570  29.201  36.624  21.346 0.4000000060
80571  28.775  37.218  20.920 0.4545454681
80572  29.423  37.332  21.060 0.4545454681
80573  29.600  38.009  20.848 0.4909090996
80574  30.075  37.506  21.247 0.4181818068
80594  31.459  36.735  22.398 0.3454545438
80595  31.571  37.322  22.200 0.3636363745
80596  31.148  37.785  21.800 0.4181818068
80597  31.662  37.919  22.041 0.3818181753
80598  31.686  38.526  21.914 0.4000000060
80599  32.111  38.060  22.280 0.3454545438
92614  23.348  44.256  24.461 0.3818181753
92615  23.198  44.915  24.001 0.3636363745
92616  23.233  44.365  23.699 0.4000000060
92617  23.188  44.521  22.968 0.4727272689
92618  23.199  44.810  22.295 0.4909090996
93694  28.723  39.008  20.059 0.5454545617
93695  28.480  39.550  19.768 0.5818181634
93696  29.023  39.591  19.903 0.5818181634
93697  29.308  40.174  19.757 0.6000000238
93698  29.684  40.772  19.626 0.6181818247
94977  26.553  45.073  15.373 0.5818181634
94978  26.033  45.357  15.469 0.5818181634
94979  26.409  45.592  15.158 0.5454545617
94980  26.216  46.102  14.923 0.4727272689
94981  26.084  46.614  14.622 0.4181818068
98015  32.227  40.829  22.236 0.3454545438
99288  23.111  47.929  22.154 0.4363636374
99289  23.062  48.481  22.332 0.4000000060
99290  23.230  48.696  21.635 0.4000000060
99291  23.350  49.417  21.110 0.4363636374
99292  23.498  50.209  20.689 0.4363636374
99294  23.684  50.427  20.094 0.4363636374
99295  23.752  50.616  19.519 0.4545454681
99296  23.529  50.716  19.026 0.4909090996
102523  24.563  40.446  21.468 0.4909090996
102524  24.333  41.101  21.205 0.5454545617
102525  24.735  40.715  20.918 0.5090909004
102526  24.969  41.055  20.363 0.6000000238
102527  25.279  41.433  19.748 0.6363636255
102528  27.691  41.403  18.121 0.7090908885
102529  27.106  41.526  18.127 0.7454545498
102530  27.501  41.831  17.637 0.7090908885
102531  27.322  42.235  17.177 0.6727272868
102532  27.147  42.703  16.818 0.6909090877
102533  27.012  43.170  16.462 0.6727272868
102534  27.602  43.005  16.382 0.6727272868
102535  28.035  43.371  16.021 0.6181818247
102536  28.473  43.828  15.775 0.6000000238
102537  31.887  42.376  20.517 0.4727272689
102538  31.492  42.217  20.037 0.4727272689
102539  31.909  42.790  19.903 0.4545454681
102540  31.852  43.118  19.276 0.4909090996
102541  31.762  43.393  18.674 0.5818181634
102542  32.467  46.025  16.817 0.3818181753
102543  32.159  45.352  17.005 0.4545454681
102544  31.971  45.775  16.514 0.4181818068
102545  31.454  45.553  16.261 0.4181818068
102546  30.932  45.375  16.023 0.4727272689
102547  30.393  45.213  15.801 0.4727272689
102548  30.713  45.800  15.677 0.4363636374
102549  30.521  46.197  15.370 0.4363636374
102550  30.390  46.500  15.080 0.4181818068
102552  30.790  46.926  14.843 0.3636363745
106371  24.031  43.836  19.925 0.5818181634
106372  23.810  44.320  20.280 0.5636363626
106373  24.054  44.581  19.613 0.5636363626
106374  24.100  45.248  19.235 0.5818181634
106375  24.169  45.888  18.830 0.5818181634
106376  24.480  47.247  16.370 0.6181818247
106377  24.374  47.220  16.943 0.6363636255
106378  24.196  47.894  16.649 0.6000000238
106379  23.959  48.447  16.883 0.6000000238
106380  23.719  49.005  17.032 0.5454545617
106381  23.502  49.585  17.243 0.5454545617
106382  23.507  49.561  16.590 0.5090909004
106383  23.332  50.019  16.164 0.4363636374
106384  23.209  50.495  15.717 0.4363636374
108236  24.791  39.044  24.265 0.3818181753
108237  24.689  39.272  23.585 0.4181818068
108238  24.931  38.557  23.806 0.3818181753
108239  25.146  38.059  23.423 0.4000000060
108240  25.435  37.574  23.062 0.4000000060
108244  27.595  35.512  22.318 0.3636363745
108245  27.760  35.981  21.755 0.4181818068
108246  27.975  36.542  21.238 0.4363636374
108247  28.385  35.920  21.678 0.3636363745
108248  29.016  35.968  21.695 0.3636363745
108249  29.625  36.071  21.815 0.3636363745
108264  32.470  37.605  22.605 0.3454545438
116263  22.956  46.701  24.096 0.3636363745
116264  22.984  46.920  23.395 0.4181818068
116265  23.101  45.629  23.657 0.4181818068
116266  23.049  46.382  23.232 0.4545454681
116267  23.020  47.140  22.683 0.4727272689
116268  23.153  47.355  21.965 0.4363636374
116269  23.324  47.581  21.204 0.4545454681
116270  23.526  47.848  20.458 0.4909090996
118780  26.256  39.233  20.252 0.5272727013
118781  26.111  39.908  20.057 0.6000000238
118782  26.636  39.759  19.908 0.5636363626
118783  27.081  40.191  19.430 0.6000000238
118784  27.494  40.581  18.960 0.6545454264
118785  28.224  40.008  19.415 0.6363636255
118786  28.053  40.485  19.005 0.6363636255
118787  27.889  40.965  18.599 0.6909090877
118788  28.290  41.367  18.209 0.6909090877
118789  28.759  41.777  17.826 0.6545454264
118790  29.252  42.208  17.482 0.6909090877
121773  25.108  44.383  17.241 0.7272727489
121774  24.817  44.916  17.541 0.6909090877
121775  25.060  44.942  16.941 0.6909090877
121776  24.987  45.538  16.612 0.6363636255
121777  24.905  46.114  16.329 0.6363636255
121778  25.518  45.706  15.553 0.6000000238
121779  25.157  46.187  15.813 0.6181818247
121780  24.813  46.681  16.086 0.6000000238
121781  24.680  47.266  15.874 0.5090909004
121782  24.531  47.854  15.576 0.4545454681
121783  24.358  48.338  15.253 0.4727272689
128839  30.766  39.513  21.070 0.5454545617
128840  30.478  40.014  20.720 0.5818181634
128841  30.902  40.198  21.077 0.5818181634
128842  31.153  40.839  21.128 0.5272727013
128843  31.476  41.435  21.120 0.5454545617
128844  31.997  41.310  21.948 0.4000000060
128845  31.921  41.720  21.541 0.4545454681
128846  31.897  42.064  21.060 0.5090909004
128847  32.380  42.694  20.962 0.3818181753
131531  22.751  49.280  23.488 0.3454545438
131532  22.975  49.006  22.522 0.3818181753
131533  22.878  49.537  22.741 0.3454545438
131547  28.234  46.297  14.313 0.4181818068
131548  27.630  46.372  14.241 0.4181818068
131549  28.040  46.478  13.769 0.3454545438
138337  23.589  42.171  22.992 0.3636363745
138338  23.479  42.852  22.705 0.4727272689
138339  23.641  42.353  22.322 0.4181818068
138340  23.713  42.600  21.621 0.5090909004
138341  23.821  42.878  20.931 0.5636363626
138342  24.183  41.781  20.918 0.6181818247
138343  24.101  42.450  20.598 0.6000000238
138344  24.039  43.121  20.229 0.5818181634
138345  24.324  43.399  19.617 0.5818181634
138346  24.615  43.607  18.958 0.6181818247
138347  24.899  43.749  18.231 0.6909090877
138348  25.981  40.534  19.764 0.5818181634
138349  25.819  41.139  19.462 0.6363636255
138350  25.634  41.705  19.088 0.6545454264
138351  26.520  41.705  18.248 0.7090908885
138352  25.981  41.940  18.436 0.6545454264
138353  25.494  42.242  18.676 0.6363636255
138354  25.374  42.778  18.283 0.6727272868
138355  25.249  43.291  17.911 0.7272727489
138356  25.184  43.877  17.553 0.7272727489
138357  25.414  43.983  16.963 0.7090908885
138358  25.751  44.138  16.427 0.7090908885
138359  26.172  44.329  15.955 0.6545454264
138360  26.853  43.617  16.121 0.6727272868
138361  26.715  44.085  15.835 0.6181818247
138362  26.625  44.536  15.564 0.6181818247
138363  27.102  44.876  15.315 0.5636363626
138364  27.544  45.234  15.104 0.5272727013
138365  27.946  45.653  14.940 0.5090909004
138366  30.319  40.492  20.346 0.6000000238
138367  30.203  40.930  19.935 0.6000000238
138368  30.111  41.293  19.388 0.6181818247
138369  31.056  42.021  19.577 0.5272727013
138370  30.574  41.818  19.164 0.5818181634
138371  30.049  41.632  18.800 0.6363636255
138372  30.026  41.969  18.289 0.6000000238
138373  29.914  42.307  17.737 0.6181818247
138374  29.688  42.657  17.190 0.6545454264
138375  32.621  44.179  18.888 0.4181818068
138376  32.115  43.935  18.417 0.5454545617
138377  31.662  43.740  18.075 0.5818181634
138378  31.875  44.708  17.229 0.5272727013
138379  31.578  44.137  17.471 0.6363636255
138380  31.181  43.547  17.708 0.6181818247
138381  30.682  43.354  17.303 0.6181818247
138382  30.098  43.118  16.943 0.6000000238
138383  29.483  43.012  16.696 0.6545454264
138384  29.307  43.425  16.264 0.6000000238
138385  29.093  43.887  15.890 0.6181818247
138386  28.941  44.339  15.614 0.5272727013
138387  29.836  45.040  15.643 0.4727272689
138388  29.336  44.908  15.511 0.5090909004
138389  28.819  44.811  15.412 0.5272727013
138390  28.643  45.329  15.204 0.5090909004
138391  28.502  45.736  14.979 0.4727272689
138392  28.366  46.083  14.752 0.4909090996
138393  28.753  46.385  14.415 0.4545454681
138394  29.169  46.648  14.033 0.3818181753
146154  23.399  43.585  22.407 0.5090909004
146155  23.312  44.320  22.029 0.4909090996
146156  23.294  45.076  21.611 0.5636363626
146157  23.635  44.849  20.593 0.5636363626
146158  23.459  45.347  20.907 0.5272727013
146159  23.342  45.817  21.173 0.5272727013
146160  23.481  46.540  20.673 0.4727272689
146161  23.616  47.301  20.199 0.5090909004
146162  23.775  48.030  19.725 0.5090909004
146163  24.573  45.478  17.876 0.6545454264
146164  24.389  46.012  18.212 0.6727272868
146165  24.246  46.480  18.468 0.6181818247
146166  24.327  47.213  17.540 0.6181818247
146167  24.263  47.175  18.157 0.6181818247
146168  24.172  47.058  18.710 0.5818181634
146169  24.069  47.683  18.930 0.5636363626
146170  23.973  48.272  19.148 0.5636363626
146171  23.879  48.817  19.381 0.5272727013
146172  23.860  49.545  19.040 0.5272727013
146173  23.617  50.231  18.780 0.5272727013
146174  23.352  50.781  18.446 0.4909090996
146175  23.319  50.175  17.509 0.5272727013
146176  23.195  50.738  17.789 0.4545454681
146177  23.081  51.333  18.059 0.4545454681
146178  22.890  51.929  17.533 0.4000000060
146179  22.807  52.532  17.021 0.3818181753
146180  22.798  53.110  16.467 0.3636363745
146181  27.041  46.511  14.204 0.4181818068
146182  26.486  46.729  14.206 0.4181818068
146183  25.958  47.054  14.257 0.3818181753
146185  25.746  47.290  13.729 0.3818181753
146186  25.418  47.399  14.328 0.4000000060
146187  24.989  47.819  14.520 0.3818181753
146188  24.583  48.272  14.674 0.4363636374
146189  24.203  48.753  14.831 0.4363636374
146197  24.071  49.173  14.388 0.4181818068
146198  23.884  49.270  15.011 0.4545454681
146199  23.631  49.856  15.113 0.4000000060
146200  23.407  50.432  15.186 0.4181818068
146201  23.236  51.043  15.249 0.4181818068
146202  23.394  51.583  14.218 0.3636363745
146203  23.273  51.642  14.770 0.4363636374
146204  23.102  51.705  15.347 0.4363636374
146205  22.933  52.367  15.557 0.4181818068
146206  22.868  53.028  15.711 0.4000000060
146207  22.829  53.703  15.904 0.3636363745
149816  23.752  43.782  25.895 0.3454545438
149817  23.513  44.014  25.192 0.3636363745
149818  23.543  43.506  24.791 0.3636363745
149819  23.557  42.940  24.375 0.3636363745
149820  23.596  42.409  23.970 0.3454545438
149899  23.979  41.514  24.846 0.3818181753
149900  23.823  41.675  24.171 0.3818181753
149901  23.700  41.890  23.550 0.3636363745
149902  23.872  41.394  23.139 0.4000000060
149903  24.074  40.922  22.697 0.4181818068
149904  24.283  40.476  22.257 0.4363636374
149905  24.628  39.497  22.970 0.4181818068
149906  24.590  39.719  22.406 0.4181818068
149907  24.561  40.065  21.924 0.4545454681
149908  24.886  39.693  21.599 0.4727272689
149909  25.236  39.347  21.206 0.4727272689
149910  25.636  38.982  20.839 0.4727272689
149911  25.764  36.568  24.044 0.3636363745
149912  25.752  36.844  23.386 0.3636363745
149913  25.766  37.131  22.737 0.4000000060
149914  26.506  36.033  22.734 0.3818181753
149915  26.138  36.752  22.440 0.4000000060
149916  25.803  37.446  22.109 0.4363636374
149917  25.878  37.812  21.560 0.4545454681
149918  25.970  38.249  21.077 0.4909090996
149919  26.090  38.722  20.647 0.4909090996
149920  26.635  38.549  20.439 0.5090909004
149921  27.235  38.473  20.291 0.5090909004
149922  27.863  38.436  20.270 0.5090909004
149923  28.143  37.176  20.845 0.4545454681
149924  28.297  37.820  20.540 0.4909090996
149925  28.506  38.406  20.280 0.5272727013
149926  29.133  38.504  20.463 0.5272727013
149927  29.716  38.642  20.653 0.5090909004
149928  30.278  38.789  20.892 0.5090909004
149949  30.250  36.277  21.956 0.3454545438
149951  30.855  36.541  22.172 0.3454545438
149952  30.474  36.967  21.726 0.4000000060
149953  30.658  37.636  21.540 0.4363636374
149954  30.757  38.274  21.338 0.4363636374
149955  30.780  38.899  21.199 0.4909090996
149956  31.204  39.026  21.529 0.4545454681
149957  31.619  39.160  21.837 0.4181818068
149958  32.064  39.338  22.145 0.3454545438
149959  32.504  38.245  22.545 0.3454545438
149960  32.511  38.888  22.485 0.3454545438
2812  23.330  44.819  24.826 0.3454545438
