#!ascii label  , from subject fsaverage vox2ras=TkReg
254
493  41.911  27.038  31.127 0.3636363745
1585  35.967  27.564  36.984 0.4181818068
2128  39.134  25.261  33.708 0.3454545438
4683  40.227  29.131  31.233 0.3636363745
4689  37.070  26.148  35.084 0.4181818068
12363  41.014  28.070  31.130 0.3636363745
12364  41.805  28.881  31.153 0.3454545438
12365  42.658  27.708  31.181 0.3636363745
12367  43.484  26.709  31.471 0.3636363745
19823  35.215  27.975  36.594 0.4000000060
19825  35.785  27.372  35.594 0.4909090996
26870  36.771  26.933  37.323 0.3636363745
26871  36.502  26.816  36.001 0.4545454681
26873  37.771  25.598  35.492 0.3454545438
30655  38.268  30.035  31.183 0.3636363745
30656  38.842  29.189  31.327 0.4181818068
30658  40.251  27.323  31.072 0.3636363745
37104  41.104  26.441  31.382 0.3636363745
37111  41.140  25.425  32.576 0.3636363745
37113  42.696  26.184  31.633 0.3636363745
43083  41.434  27.571  31.106 0.3636363745
43084  41.836  27.909  31.116 0.3636363745
43085  42.291  27.359  31.139 0.3818181753
43086  43.052  27.179  31.289 0.3636363745
43087  42.696  26.885  31.292 0.3636363745
50543  35.553  27.755  36.719 0.4363636374
50544  35.453  27.682  36.074 0.4727272689
50545  35.872  27.472  36.288 0.4727272689
60128  39.899  29.670  31.259 0.3818181753
60130  40.613  29.598  31.177 0.3454545438
67327  37.048  30.704  31.217 0.3454545438
67334  37.640  29.898  31.252 0.3818181753
67336  38.578  29.624  31.240 0.3636363745
72722  33.756  29.183  37.772 0.3636363745
82516  36.747  26.467  35.556 0.4363636374
82517  36.428  26.784  35.354 0.4727272689
82529  40.345  26.517  31.359 0.3454545438
82530  40.741  26.145  31.611 0.3636363745
82552  42.296  25.981  31.819 0.3454545438
95981  40.591  28.587  31.183 0.3454545438
95982  40.992  29.043  31.190 0.3454545438
95983  41.386  28.482  31.177 0.3636363745
95984  42.221  28.297  31.112 0.3454545438
95986  43.802  27.820  31.254 0.3454545438
95987  43.421  27.469  31.302 0.3454545438
124136  36.379  27.250  37.107 0.3818181753
124137  36.214  27.186  36.466 0.4363636374
124138  36.634  26.844  36.668 0.3454545438
124139  36.839  26.509  36.195 0.4181818068
124140  37.054  26.144  35.720 0.4363636374
124143  37.404  25.852  35.261 0.4181818068
124144  37.765  25.596  34.846 0.3636363745
133666  38.248  30.911  31.039 0.3454545438
133673  37.355  30.282  31.198 0.3818181753
133674  37.980  30.401  31.109 0.3454545438
133677  39.231  29.708  31.249 0.3818181753
133678  39.550  29.198  31.322 0.3818181753
133681  39.837  28.665  31.247 0.4000000060
133682  40.209  28.168  31.138 0.4000000060
133683  40.616  27.696  31.071 0.3454545438
133684  41.060  27.203  31.082 0.3636363745
140406  34.367  28.703  37.544 0.3454545438
140407  34.590  28.436  37.057 0.4181818068
140408  34.973  28.268  37.163 0.4000000060
140409  35.359  28.100  37.303 0.3636363745
140410  35.689  27.899  37.450 0.4181818068
140419  36.099  27.635  37.675 0.4000000060
152263  36.123  27.103  35.812 0.4363636374
152278  39.923  26.943  31.172 0.3636363745
152279  40.703  26.846  31.173 0.3636363745
152280  41.524  26.721  31.203 0.3454545438
152300  40.443  25.447  32.592 0.3454545438
152301  40.791  25.633  32.239 0.3636363745
152305  41.487  26.079  31.648 0.3636363745
152306  41.918  26.316  31.444 0.3636363745
152307  42.324  26.595  31.339 0.3636363745
152308  43.091  26.432  31.504 0.3818181753
96  33.117  29.207  35.851 0.3636363745
1082  36.197  27.808  32.424 0.4181818068
2934  33.263  29.408  33.770 0.3818181753
3001  35.118  29.038  32.203 0.4181818068
3002  34.277  28.384  34.028 0.4000000060
6555  37.573  29.082  31.431 0.4181818068
6556  38.734  27.445  31.333 0.4181818068
7537  34.438  28.393  36.440 0.4181818068
8950  35.608  27.262  34.288 0.4363636374
8951  37.569  26.283  32.705 0.4363636374
8952  40.416  25.872  31.899 0.3636363745
10613  32.666  29.939  34.322 0.3454545438
10614  33.088  29.206  34.735 0.3818181753
10681  33.741  28.887  33.855 0.3818181753
10682  33.627  28.801  34.996 0.4181818068
14763  35.656  28.345  32.298 0.4000000060
14764  36.338  29.034  31.779 0.4181818068
14765  36.796  28.328  31.813 0.4545454681
14766  38.031  28.301  31.428 0.4363636374
14767  37.403  27.604  31.784 0.4363636374
19824  34.954  27.863  35.295 0.4000000060
19826  37.878  25.623  34.244 0.3818181753
19827  37.168  26.128  33.823 0.4545454681
19828  38.299  25.730  33.115 0.4181818068
19829  38.889  26.077  32.105 0.4181818068
19830  39.766  25.537  32.729 0.3636363745
23712  33.697  29.673  32.826 0.3454545438
23833  34.632  29.662  32.130 0.3818181753
23834  34.081  29.141  32.861 0.4000000060
23835  34.521  28.579  33.037 0.4181818068
23836  35.135  27.978  33.048 0.4000000060
30653  35.762  29.683  31.586 0.4000000060
30654  37.025  29.813  31.328 0.3818181753
30657  39.468  28.218  31.200 0.4363636374
32817  33.293  29.319  36.998 0.3454545438
33073  33.743  28.841  36.197 0.4181818068
33074  33.996  28.925  37.378 0.3636363745
37096  34.249  28.313  35.197 0.4181818068
37097  34.891  27.792  34.120 0.4181818068
37098  35.747  27.405  33.174 0.4363636374
37099  36.395  26.744  34.726 0.5090909004
37100  36.427  26.743  33.518 0.4363636374
37101  36.829  27.047  32.438 0.4363636374
37102  38.127  26.767  31.760 0.4000000060
37103  39.586  26.591  31.438 0.3636363745
41330  32.861  29.426  36.129 0.3454545438
41332  32.807  29.412  35.533 0.3818181753
41333  32.791  29.432  34.951 0.4000000060
41334  33.076  29.194  35.270 0.3636363745
41401  33.348  29.013  34.889 0.4363636374
41402  33.364  28.974  35.397 0.4000000060
45483  35.898  28.093  32.400 0.4000000060
45484  36.214  28.368  32.104 0.4000000060
45485  36.494  28.057  32.115 0.4181818068
45486  37.094  27.986  31.812 0.4363636374
45487  36.811  27.696  32.075 0.4363636374
50546  38.465  25.428  33.922 0.3636363745
50547  38.069  25.666  33.661 0.3818181753
50548  38.751  25.499  33.341 0.3818181753
50549  39.083  25.620  32.863 0.3818181753
50550  39.462  25.392  33.203 0.3818181753
54875  32.926  29.672  34.039 0.3454545438
54878  33.317  29.913  33.147 0.3636363745
54879  33.461  29.520  33.284 0.3454545438
55081  33.889  29.394  32.835 0.3636363745
55082  33.662  29.221  33.275 0.4000000060
55083  34.008  28.624  33.923 0.3818181753
55084  34.122  28.719  33.393 0.3818181753
55085  34.384  28.459  33.525 0.3818181753
55086  34.841  28.303  33.059 0.3818181753
55087  34.671  28.180  33.483 0.4000000060
67328  34.865  29.381  32.115 0.3818181753
67329  35.191  29.705  31.797 0.4000000060
67330  35.412  29.358  31.867 0.4000000060
67331  36.944  29.050  31.552 0.4000000060
67332  36.683  29.390  31.487 0.4000000060
67333  37.291  29.450  31.394 0.4181818068
67335  37.953  29.514  31.316 0.3818181753
67337  38.256  29.118  31.369 0.4181818068
67338  38.361  27.898  31.416 0.4000000060
67339  38.763  28.304  31.357 0.4363636374
67340  39.093  27.829  31.243 0.3818181753
67341  39.826  27.777  31.092 0.3818181753
67342  39.480  27.411  31.157 0.3818181753
72721  33.655  29.134  37.190 0.3636363745
82508  34.065  28.629  36.286 0.4181818068
82509  33.972  28.592  35.701 0.4181818068
82510  34.316  28.350  35.807 0.4000000060
82511  35.294  27.594  34.842 0.4545454681
82512  34.886  27.816  34.686 0.4000000060
82513  35.226  27.537  34.185 0.3818181753
82514  35.263  27.617  33.630 0.4000000060
82515  35.644  27.289  33.710 0.4363636374
82518  36.733  26.456  34.942 0.4545454681
82519  37.310  26.150  33.244 0.4545454681
82520  36.819  26.429  33.649 0.4727272689
82521  36.948  26.486  33.104 0.4181818068
82522  36.585  26.859  32.964 0.4545454681
82523  37.170  26.613  32.533 0.4363636374
82524  37.456  26.897  32.093 0.4181818068
82525  37.847  26.493  32.197 0.4181818068
82526  39.646  25.977  31.968 0.3818181753
82527  39.233  26.316  31.742 0.4181818068
82528  40.010  26.193  31.627 0.4181818068
92831  32.830  29.541  34.480 0.3818181753
92832  33.122  29.312  34.257 0.4000000060
92953  33.501  29.137  33.819 0.4181818068
92954  33.398  29.068  34.361 0.4000000060
92955  33.654  28.839  34.443 0.4000000060
92956  33.931  28.576  34.508 0.4181818068
100301  35.363  28.712  32.250 0.4181818068
100302  35.764  29.018  31.942 0.4181818068
100303  36.002  28.692  32.059 0.4000000060
100304  36.552  28.692  31.828 0.4363636374
100305  37.181  28.688  31.588 0.4181818068
100306  37.798  28.687  31.444 0.4181818068
100307  37.421  28.317  31.599 0.4363636374
100308  37.695  27.939  31.589 0.4363636374
100309  38.059  27.488  31.512 0.4181818068
109409  34.830  28.188  36.516 0.4181818068
109410  34.718  28.133  35.889 0.4000000060
109411  35.072  27.921  35.942 0.4000000060
109412  35.364  27.634  35.447 0.4000000060
109413  35.648  27.307  34.903 0.4545454681
109414  37.432  25.863  34.631 0.4181818068
109415  37.098  26.135  34.447 0.4545454681
109416  37.501  25.870  34.017 0.4000000060
109417  37.668  25.887  33.456 0.4181818068
109418  37.925  25.979  32.904 0.4545454681
109419  38.207  26.143  32.385 0.4181818068
109420  38.565  25.826  32.582 0.4000000060
109421  39.340  25.780  32.393 0.3818181753
109422  40.050  25.696  32.281 0.3818181753
117051  34.335  29.361  32.464 0.4000000060
117052  34.573  29.088  32.493 0.4000000060
117053  33.876  28.976  33.328 0.4000000060
117054  34.297  28.865  32.915 0.4181818068
117055  34.819  28.773  32.591 0.4000000060
117056  35.071  28.485  32.633 0.3818181753
117057  35.358  28.136  32.642 0.4000000060
117058  35.585  27.866  32.726 0.4181818068
133667  34.969  30.038  31.866 0.3454545438
133668  35.545  30.061  31.555 0.3636363745
133669  36.121  30.104  31.390 0.3636363745
133670  36.108  29.361  31.647 0.4000000060
133671  36.444  29.738  31.415 0.3818181753
133672  36.775  30.165  31.259 0.3636363745
133679  38.441  28.702  31.391 0.4181818068
133680  39.169  28.719  31.327 0.4000000060
139659  33.209  29.239  36.476 0.3454545438
140401  33.436  29.020  36.050 0.4000000060
140402  33.533  29.079  36.649 0.3818181753
140403  33.867  28.881  36.791 0.3818181753
140404  34.206  28.654  36.921 0.4000000060
152254  33.661  28.781  35.576 0.4181818068
152255  33.923  28.573  35.114 0.4181818068
152256  34.210  28.343  34.591 0.4000000060
152257  34.630  28.063  35.278 0.4181818068
152258  34.591  28.067  34.652 0.4000000060
152259  34.603  28.109  34.055 0.4000000060
152260  34.983  27.853  33.544 0.4000000060
152261  35.386  27.727  33.147 0.4000000060
152262  35.915  27.569  32.777 0.4363636374
152264  36.072  27.032  35.165 0.4909090996
152265  36.009  26.985  34.512 0.4727272689
152266  36.748  26.424  34.254 0.4727272689
152267  36.358  26.707  34.053 0.4727272689
152268  35.982  26.976  33.881 0.4545454681
152269  36.073  27.060  33.325 0.4363636374
152270  36.264  27.241  32.837 0.4363636374
152271  36.512  27.452  32.422 0.4363636374
152272  37.124  27.292  32.050 0.4181818068
152273  37.754  27.184  31.756 0.4545454681
152274  38.388  27.052  31.488 0.4363636374
152275  38.470  26.375  31.880 0.4363636374
152276  38.795  26.669  31.551 0.4181818068
152277  39.135  27.026  31.309 0.4000000060
