#!ascii label  , from subject fsaverage vox2ras=TkReg
608
493  41.911  27.038  31.127 0.3636363745
1012  31.090  31.418  33.379 0.2545454502
1081  38.840  31.006  31.015 0.2909090817
1585  35.967  27.564  36.984 0.4181818068
2126  44.497  29.971  30.117 0.2181818187
2128  39.134  25.261  33.708 0.3454545438
2930  31.933  30.126  36.794 0.3090909123
2931  30.698  31.463  35.394 0.2181818187
4683  40.227  29.131  31.233 0.3636363745
4684  41.625  30.930  30.865 0.2727272809
4685  43.382  28.461  31.117 0.2545454502
4687  45.028  26.340  31.693 0.2545454502
4688  37.424  26.227  37.722 0.2545454502
4689  37.070  26.148  35.084 0.4181818068
4690  38.489  25.008  35.841 0.2181818187
6432  35.150  32.181  31.206 0.2727272809
7443  33.447  29.433  38.140 0.3090909123
7538  35.074  28.774  39.064 0.2181818187
7539  36.766  27.772  39.715 0.2363636345
8955  43.433  25.583  32.340 0.2727272809
12363  41.014  28.070  31.130 0.3636363745
12364  41.805  28.881  31.153 0.3454545438
12365  42.658  27.708  31.181 0.3636363745
12366  44.203  27.254  31.408 0.3272727132
12367  43.484  26.709  31.471 0.3636363745
12368  37.837  25.182  37.962 0.2181818187
12369  37.872  25.524  36.734 0.2181818187
14548  30.835  31.501  34.458 0.2545454502
14549  30.034  31.753  34.339 0.2181818187
16358  32.603  29.727  38.450 0.2727272809
16561  34.226  29.101  38.655 0.2727272809
16562  34.301  29.297  40.080 0.2363636345
16564  36.165  28.449  40.871 0.2363636345
16565  36.923  27.561  41.094 0.2181818187
19810  39.412  32.053  30.840 0.2727272809
19811  43.092  30.470  30.491 0.2545454502
19812  42.182  31.749  30.294 0.2727272809
19813  43.550  31.308  29.815 0.2363636345
19823  35.215  27.975  36.594 0.4000000060
19825  35.785  27.372  35.594 0.4909090996
19837  42.644  25.348  32.769 0.2363636345
23704  31.181  30.425  37.075 0.2727272809
23705  30.507  31.224  36.239 0.2363636345
23706  31.332  30.846  36.062 0.2545454502
23708  31.704  31.074  34.287 0.2727272809
23709  32.019  31.115  33.282 0.2909090817
26861  39.583  30.129  31.236 0.3090909123
26862  40.144  31.111  31.163 0.2727272809
26863  40.977  30.050  31.099 0.2909090817
26864  42.537  29.690  30.941 0.2545454502
26866  45.486  28.720  30.531 0.2181818187
26867  44.883  27.989  31.151 0.2545454502
26868  45.648  26.909  31.559 0.2545454502
26870  36.771  26.933  37.323 0.3636363745
26871  36.502  26.816  36.001 0.4545454681
26872  37.172  26.157  36.374 0.3272727132
26873  37.771  25.598  35.492 0.3454545438
26874  38.664  25.151  34.739 0.2909090817
30651  36.966  31.726  31.240 0.2727272809
30652  37.656  30.806  31.107 0.3272727132
30655  38.268  30.035  31.183 0.3636363745
30656  38.842  29.189  31.327 0.4181818068
30658  40.251  27.323  31.072 0.3636363745
32815  31.866  30.008  37.737 0.3090909123
32816  32.623  29.724  37.424 0.3090909123
33075  34.747  28.514  37.673 0.3090909123
33076  35.514  28.222  38.034 0.3272727132
33078  35.868  28.428  39.464 0.2545454502
33079  36.314  27.744  38.359 0.3090909123
33080  37.047  26.950  38.691 0.2545454502
37081  40.755  32.059  30.678 0.2545454502
37082  41.384  32.743  29.934 0.2909090817
37104  41.104  26.441  31.382 0.3636363745
37106  39.493  24.636  35.206 0.2363636345
37110  40.467  25.153  33.341 0.2363636345
37111  41.140  25.425  32.576 0.3636363745
37112  41.892  25.832  32.034 0.3272727132
37113  42.696  26.184  31.633 0.3636363745
37114  44.200  25.933  32.009 0.2909090817
43083  41.434  27.571  31.106 0.3636363745
43084  41.836  27.909  31.116 0.3636363745
43085  42.291  27.359  31.139 0.3818181753
43086  43.052  27.179  31.289 0.3636363745
43087  42.696  26.885  31.292 0.3636363745
45268  30.933  31.493  33.935 0.2727272809
45269  30.503  31.595  33.899 0.2545454502
45274  31.229  31.351  32.804 0.2727272809
47284  36.675  27.869  41.651 0.2181818187
50528  38.529  31.445  30.964 0.3090909123
50529  38.810  31.988  30.880 0.2909090817
50530  39.125  31.497  30.939 0.2727272809
50532  43.346  30.878  30.192 0.2545454502
50534  44.232  31.079  29.576 0.2363636345
50535  44.716  30.389  29.759 0.2181818187
50537  45.216  29.701  29.933 0.2181818187
50543  35.553  27.755  36.719 0.4363636374
50544  35.453  27.682  36.074 0.4727272689
50545  35.872  27.472  36.288 0.4727272689
54865  31.591  30.308  36.923 0.2727272809
54866  31.274  30.670  36.573 0.2727272809
54867  31.621  30.431  36.368 0.2727272809
60128  39.899  29.670  31.259 0.3818181753
60129  40.238  30.145  31.198 0.2727272809
60130  40.613  29.598  31.177 0.3454545438
60131  42.582  28.714  31.098 0.2909090817
60132  42.211  29.271  31.075 0.2545454502
60133  42.967  29.056  31.040 0.2363636345
60135  43.723  28.814  30.990 0.2363636345
60136  44.458  28.585  30.952 0.2545454502
60137  44.170  28.194  31.142 0.2545454502
60138  44.625  26.790  31.550 0.3090909123
60139  44.950  27.139  31.551 0.2909090817
60140  45.331  26.629  31.644 0.2727272809
60141  45.970  26.350  31.660 0.2363636345
60142  45.634  26.110  31.793 0.2545454502
60143  37.070  26.597  37.577 0.3090909123
60144  36.968  26.565  36.878 0.3090909123
60145  37.294  26.194  37.046 0.3090909123
60146  38.148  25.254  36.259 0.2363636345
60147  37.816  25.583  36.126 0.2909090817
60148  38.135  25.327  35.686 0.2545454502
60149  38.138  25.355  35.065 0.2909090817
60150  38.550  25.097  35.285 0.2181818187
66678  30.618  31.371  35.820 0.2363636345
66680  30.262  31.609  35.387 0.2181818187
66700  32.459  30.955  33.183 0.3090909123
66701  32.185  31.248  32.742 0.2909090817
66712  34.996  32.446  30.672 0.2727272809
67324  36.367  31.590  31.358 0.2727272809
67325  36.685  31.105  31.267 0.3090909123
67326  37.299  31.288  31.180 0.3272727132
67327  37.048  30.704  31.217 0.3454545438
67334  37.640  29.898  31.252 0.3818181753
67336  38.578  29.624  31.240 0.3636363745
72109  31.823  29.938  38.110 0.2727272809
72110  33.025  29.643  38.346 0.2727272809
72111  32.634  29.761  38.003 0.3090909123
72112  33.005  29.611  37.777 0.3272727132
72722  33.756  29.183  37.772 0.3636363745
72724  34.521  28.790  38.172 0.2727272809
72725  34.918  28.638  38.352 0.2363636345
72726  35.142  28.388  37.861 0.3272727132
72727  35.305  28.492  38.583 0.2727272809
72731  36.504  28.152  40.305 0.2181818187
72733  36.334  28.187  39.602 0.2181818187
72734  36.062  28.141  38.897 0.2545454502
72735  36.549  27.785  39.033 0.2727272809
72736  36.734  27.370  38.485 0.2909090817
72737  36.921  27.361  39.170 0.2181818187
82464  37.533  33.420  30.177 0.2545454502
82466  39.411  32.917  30.490 0.2727272809
82471  40.886  31.057  31.032 0.2545454502
82472  40.464  31.612  31.002 0.2727272809
82473  41.181  31.504  30.809 0.2727272809
82474  42.469  32.136  29.905 0.2363636345
82475  41.764  32.269  30.162 0.2727272809
82476  42.047  32.600  29.735 0.2181818187
82516  36.747  26.467  35.556 0.4363636374
82517  36.428  26.784  35.354 0.4727272689
82529  40.345  26.517  31.359 0.3454545438
82530  40.741  26.145  31.611 0.3636363745
82537  39.739  24.870  34.757 0.2181818187
82546  41.166  25.102  33.286 0.2363636345
82547  40.807  25.257  32.938 0.3090909123
82548  41.517  25.242  32.943 0.2363636345
82549  43.030  25.476  32.557 0.2727272809
82550  42.266  25.576  32.367 0.2727272809
82551  42.662  25.724  32.164 0.3090909123
82552  42.296  25.981  31.819 0.3454545438
82553  43.061  25.885  31.991 0.3090909123
82554  43.459  26.101  31.837 0.3272727132
82555  43.807  25.771  32.163 0.2909090817
95981  40.591  28.587  31.183 0.3454545438
95982  40.992  29.043  31.190 0.3454545438
95983  41.386  28.482  31.177 0.3636363745
95984  42.221  28.297  31.112 0.3454545438
95985  43.021  28.094  31.207 0.3090909123
95986  43.802  27.820  31.254 0.3454545438
95987  43.421  27.469  31.302 0.3454545438
95988  43.838  26.964  31.437 0.3272727132
95989  44.257  26.524  31.622 0.3272727132
95991  37.609  25.816  37.243 0.2363636345
99912  30.764  31.507  34.945 0.2545454502
99913  30.353  31.671  34.928 0.2181818187
99914  30.415  31.623  34.432 0.2363636345
99915  30.111  31.700  33.811 0.2181818187
99929  33.815  31.508  31.488 0.2909090817
100297  35.447  31.879  31.468 0.2545454502
103170  32.159  29.799  38.493 0.2727272809
103173  33.471  29.514  38.792 0.2363636345
103537  33.838  29.263  38.420 0.3090909123
103538  33.884  29.358  39.100 0.2545454502
103539  34.288  29.211  39.356 0.2363636345
103540  34.726  29.055  39.576 0.2181818187
103544  36.614  28.048  40.998 0.2363636345
103545  36.876  27.699  40.433 0.2181818187
103546  37.068  27.308  39.859 0.2181818187
109382  37.909  32.438  31.054 0.2909090817
109384  38.530  32.467  30.866 0.2909090817
109385  39.110  32.523  30.765 0.2909090817
109386  39.704  32.551  30.643 0.2909090817
109387  42.335  30.715  30.692 0.2727272809
109388  41.894  31.345  30.621 0.2727272809
109389  42.592  31.133  30.388 0.2727272809
109390  42.848  31.549  30.029 0.2727272809
109391  43.105  31.949  29.624 0.2181818187
109433  42.267  25.190  32.970 0.2363636345
116748  30.846  30.866  36.640 0.2727272809
116749  30.945  31.046  36.186 0.2545454502
116750  31.017  31.170  35.730 0.2545454502
116751  31.642  30.568  35.897 0.2909090817
116752  31.382  30.948  35.588 0.2545454502
116753  31.081  31.289  35.294 0.2363636345
116754  31.174  31.323  34.861 0.2545454502
116755  31.281  31.331  34.407 0.2727272809
116756  31.396  31.314  33.910 0.2909090817
116757  31.554  31.267  33.375 0.2727272809
116758  31.848  31.077  33.802 0.2727272809
116759  32.265  30.843  33.631 0.3090909123
124115  39.188  30.578  31.137 0.2909090817
124116  39.455  31.059  31.124 0.2727272809
124117  39.862  30.616  31.227 0.2727272809
124118  40.557  30.613  31.141 0.2545454502
124119  41.319  30.499  31.017 0.2909090817
124120  41.399  29.452  31.115 0.3272727132
124121  41.760  29.893  31.022 0.2909090817
124122  42.064  30.335  30.905 0.2727272809
124123  42.822  30.075  30.738 0.2363636345
124124  43.546  29.810  30.649 0.2181818187
124126  44.982  29.305  30.310 0.2181818187
124127  44.737  28.944  30.654 0.2181818187
124128  45.177  28.362  30.866 0.2181818187
124129  45.591  27.756  31.171 0.2181818187
124130  44.606  27.605  31.368 0.2909090817
124131  45.282  27.450  31.421 0.2545454502
124133  46.331  26.605  31.498 0.2181818187
124136  36.379  27.250  37.107 0.3818181753
124137  36.214  27.186  36.466 0.4363636374
124138  36.634  26.844  36.668 0.3454545438
124139  36.839  26.509  36.195 0.4181818068
124140  37.054  26.144  35.720 0.4363636374
124141  37.521  25.838  36.582 0.3090909123
124142  37.424  25.849  35.912 0.3090909123
124143  37.404  25.852  35.261 0.4181818068
124144  37.765  25.596  34.846 0.3636363745
124145  38.257  25.381  34.496 0.3090909123
124146  38.838  25.192  34.214 0.2727272809
132846  29.952  31.777  34.821 0.2545454502
132871  31.695  31.291  32.767 0.2545454502
133661  36.022  32.021  31.330 0.2727272809
133662  36.667  32.217  31.301 0.2727272809
133664  37.561  31.895  31.137 0.2909090817
133665  37.912  31.387  31.066 0.2909090817
133666  38.248  30.911  31.039 0.3454545438
133673  37.355  30.282  31.198 0.3818181753
133674  37.980  30.401  31.109 0.3454545438
133675  38.557  30.520  31.094 0.3272727132
133676  38.878  30.105  31.157 0.3272727132
133677  39.231  29.708  31.249 0.3818181753
133678  39.550  29.198  31.322 0.3818181753
133681  39.837  28.665  31.247 0.4000000060
133682  40.209  28.168  31.138 0.4000000060
133683  40.616  27.696  31.071 0.3454545438
133684  41.060  27.203  31.082 0.3636363745
139652  31.540  30.203  37.410 0.2727272809
139653  31.922  30.067  37.326 0.2909090817
139654  32.210  29.841  38.099 0.3090909123
139655  32.258  29.889  37.623 0.3090909123
139656  32.296  29.928  37.093 0.3090909123
140405  34.124  28.990  37.993 0.3272727132
140406  34.367  28.703  37.544 0.3454545438
140407  34.590  28.436  37.057 0.4181818068
140408  34.973  28.268  37.163 0.4000000060
140409  35.359  28.100  37.303 0.3636363745
140410  35.689  27.899  37.450 0.4181818068
140412  34.755  29.086  40.308 0.2181818187
140413  35.162  28.906  39.815 0.2181818187
140416  35.465  28.610  39.310 0.2727272809
140417  35.668  28.317  38.767 0.2909090817
140418  35.855  28.028  38.168 0.3090909123
140419  36.099  27.635  37.675 0.4000000060
140420  36.560  27.311  37.760 0.3272727132
140421  36.906  26.958  38.006 0.3090909123
140422  37.217  26.581  38.204 0.2727272809
140423  37.193  26.938  39.342 0.2363636345
140424  37.334  26.523  38.835 0.2363636345
152209  39.763  31.588  31.040 0.2727272809
152210  40.080  32.120  30.849 0.2727272809
152211  40.366  32.538  30.439 0.2545454502
152212  41.470  31.924  30.511 0.2545454502
152213  41.060  32.428  30.322 0.2363636345
152214  40.701  32.884  30.066 0.2545454502
152215  40.999  33.189  29.668 0.2363636345
152263  36.123  27.103  35.812 0.4363636374
152278  39.923  26.943  31.172 0.3636363745
152279  40.703  26.846  31.173 0.3636363745
152280  41.524  26.721  31.203 0.3454545438
152283  38.780  24.640  36.007 0.2363636345
152286  38.945  24.797  35.536 0.2363636345
152287  39.090  24.923  35.064 0.2545454502
152288  39.269  25.023  34.535 0.2727272809
152289  39.542  25.118  33.965 0.2727272809
152297  40.194  25.043  33.819 0.2545454502
152298  39.830  25.216  33.485 0.2909090817
152299  40.132  25.325  33.038 0.3272727132
152300  40.443  25.447  32.592 0.3454545438
152301  40.791  25.633  32.239 0.3636363745
152302  41.876  25.403  32.619 0.2909090817
152303  41.479  25.629  32.279 0.2909090817
152304  41.147  25.840  31.927 0.3272727132
152305  41.487  26.079  31.648 0.3636363745
152306  41.918  26.316  31.444 0.3636363745
152307  42.324  26.595  31.339 0.3636363745
152308  43.091  26.432  31.504 0.3818181753
152309  43.865  26.283  31.722 0.3272727132
152310  44.604  26.098  31.853 0.2909090817
152313  45.308  25.889  31.943 0.2363636345
132887  35.477  33.081  29.669 0.2909090817
132888  35.983  33.229  29.759 0.2727272809
96  33.117  29.207  35.851 0.3636363745
1014  34.272  30.268  32.205 0.3090909123
1082  36.197  27.808  32.424 0.4181818068
2932  32.097  30.354  34.704 0.3272727132
2933  32.812  30.789  33.027 0.3090909123
2934  33.263  29.408  33.770 0.3818181753
3001  35.118  29.038  32.203 0.4181818068
3002  34.277  28.384  34.028 0.4000000060
4475  34.327  32.913  28.784 0.2545454502
6428  29.843  31.456  30.470 0.2363636345
6430  31.603  31.248  30.672 0.2545454502
6431  33.622  31.787  30.831 0.2727272809
6554  36.447  30.578  31.277 0.3090909123
6555  37.573  29.082  31.431 0.4181818068
6556  38.734  27.445  31.333 0.4181818068
7537  34.438  28.393  36.440 0.4181818068
8950  35.608  27.262  34.288 0.4363636374
8951  37.569  26.283  32.705 0.4363636374
8952  40.416  25.872  31.899 0.3636363745
10610  32.571  29.708  36.315 0.3272727132
10611  31.918  30.217  35.610 0.2909090817
10612  32.553  29.684  35.205 0.3272727132
10613  32.666  29.939  34.322 0.3454545438
10614  33.088  29.206  34.735 0.3818181753
10681  33.741  28.887  33.855 0.3818181753
10682  33.627  28.801  34.996 0.4181818068
14550  30.209  31.646  33.265 0.2363636345
14552  30.496  31.453  32.040 0.2181818187
14553  30.669  31.290  30.612 0.2181818187
14554  31.340  31.322  32.134 0.2545454502
14555  33.444  30.494  32.680 0.3090909123
14556  33.270  31.277  32.035 0.2909090817
14557  33.993  31.192  31.913 0.2909090817
14558  34.401  31.939  31.052 0.2727272809
14559  34.754  31.204  31.789 0.2727272809
14761  35.766  31.476  31.512 0.2545454502
14762  35.289  30.477  31.667 0.2909090817
14763  35.656  28.345  32.298 0.4000000060
14764  36.338  29.034  31.779 0.4181818068
14765  36.796  28.328  31.813 0.4545454681
14766  38.031  28.301  31.428 0.4363636374
14767  37.403  27.604  31.784 0.4363636374
19824  34.954  27.863  35.295 0.4000000060
19826  37.878  25.623  34.244 0.3818181753
19827  37.168  26.128  33.823 0.4545454681
19828  38.299  25.730  33.115 0.4181818068
19829  38.889  26.077  32.105 0.4181818068
19830  39.766  25.537  32.729 0.3636363745
23707  31.448  30.994  35.151 0.2545454502
23710  32.378  30.558  33.870 0.2909090817
23711  32.970  30.163  33.429 0.3272727132
23712  33.697  29.673  32.826 0.3454545438
23833  34.632  29.662  32.130 0.3818181753
23834  34.081  29.141  32.861 0.4000000060
23835  34.521  28.579  33.037 0.4181818068
23836  35.135  27.978  33.048 0.4000000060
30361  32.306  31.339  32.123 0.3090909123
30362  32.616  31.555  30.774 0.2545454502
30653  35.762  29.683  31.586 0.4000000060
30654  37.025  29.813  31.328 0.3818181753
30657  39.468  28.218  31.200 0.4363636374
32817  33.293  29.319  36.998 0.3454545438
33073  33.743  28.841  36.197 0.4181818068
33074  33.996  28.925  37.378 0.3636363745
37096  34.249  28.313  35.197 0.4181818068
37097  34.891  27.792  34.120 0.4181818068
37098  35.747  27.405  33.174 0.4363636374
37099  36.395  26.744  34.726 0.5090909004
37100  36.427  26.743  33.518 0.4363636374
37101  36.829  27.047  32.438 0.4363636374
37102  38.127  26.767  31.760 0.4000000060
37103  39.586  26.591  31.438 0.3636363745
41330  32.861  29.426  36.129 0.3454545438
41331  32.575  29.628  35.773 0.3090909123
41332  32.807  29.412  35.533 0.3818181753
41333  32.791  29.432  34.951 0.4000000060
41334  33.076  29.194  35.270 0.3636363745
41401  33.348  29.013  34.889 0.4363636374
41402  33.364  28.974  35.397 0.4000000060
45270  30.631  31.552  33.343 0.2545454502
45271  30.391  31.584  32.713 0.2181818187
45272  30.789  31.480  32.766 0.2545454502
45273  30.893  31.368  32.179 0.2181818187
45275  33.893  30.375  32.458 0.2727272809
45276  33.722  30.813  32.313 0.2909090817
45277  34.174  30.758  32.125 0.2909090817
45278  34.400  31.187  31.823 0.2727272809
45279  34.536  30.685  31.959 0.2727272809
45481  34.999  30.859  31.779 0.2545454502
45482  34.742  30.360  31.928 0.3090909123
45483  35.898  28.093  32.400 0.4000000060
45484  36.214  28.368  32.104 0.4000000060
45485  36.494  28.057  32.115 0.4181818068
45486  37.094  27.986  31.812 0.4363636374
45487  36.811  27.696  32.075 0.4363636374
50546  38.465  25.428  33.922 0.3636363745
50547  38.069  25.666  33.661 0.3818181753
50548  38.751  25.499  33.341 0.3818181753
50549  39.083  25.620  32.863 0.3818181753
50550  39.462  25.392  33.203 0.3818181753
54868  31.952  30.241  35.100 0.3090909123
54869  31.704  30.644  35.399 0.2909090817
54870  31.783  30.701  34.953 0.2909090817
54871  31.573  31.076  34.755 0.2545454502
54872  31.896  30.754  34.539 0.2727272809
54873  32.071  30.775  34.086 0.2909090817
54874  32.245  30.467  34.315 0.3090909123
54875  32.926  29.672  34.039 0.3454545438
54876  32.800  30.036  33.874 0.3272727132
54877  33.097  29.785  33.594 0.3272727132
54878  33.317  29.913  33.147 0.3636363745
54879  33.461  29.520  33.284 0.3454545438
55081  33.889  29.394  32.835 0.3636363745
55082  33.662  29.221  33.275 0.4000000060
55083  34.008  28.624  33.923 0.3818181753
55084  34.122  28.719  33.393 0.3818181753
55085  34.384  28.459  33.525 0.3818181753
55086  34.841  28.303  33.059 0.3818181753
55087  34.671  28.180  33.483 0.4000000060
66681  29.761  31.858  33.767 0.2363636345
66687  29.189  31.999  32.564 0.2181818187
66694  29.931  31.379  29.786 0.2181818187
66695  31.150  31.198  30.664 0.2363636345
66696  30.817  31.236  29.950 0.2181818187
66697  31.338  31.170  29.943 0.2363636345
66699  31.787  31.285  29.999 0.2363636345
66702  32.647  31.151  32.701 0.3272727132
66703  33.446  31.541  31.422 0.2727272809
66704  32.965  31.517  31.419 0.2909090817
66705  33.152  31.702  30.773 0.2727272809
66706  32.798  31.697  30.160 0.2727272809
66708  33.525  32.115  29.716 0.2727272809
66710  34.737  32.087  31.139 0.2727272809
66713  35.251  32.771  30.181 0.2727272809
67323  36.115  31.055  31.394 0.2545454502
67328  34.865  29.381  32.115 0.3818181753
67329  35.191  29.705  31.797 0.4000000060
67330  35.412  29.358  31.867 0.4000000060
67331  36.944  29.050  31.552 0.4000000060
67332  36.683  29.390  31.487 0.4000000060
67333  37.291  29.450  31.394 0.4181818068
67335  37.953  29.514  31.316 0.3818181753
67337  38.256  29.118  31.369 0.4181818068
67338  38.361  27.898  31.416 0.4000000060
67339  38.763  28.304  31.357 0.4363636374
67340  39.093  27.829  31.243 0.3818181753
67341  39.826  27.777  31.092 0.3818181753
67342  39.480  27.411  31.157 0.3818181753
72113  32.971  29.532  37.188 0.3272727132
72114  33.372  29.380  37.549 0.3272727132
72721  33.655  29.134  37.190 0.3636363745
82508  34.065  28.629  36.286 0.4181818068
82509  33.972  28.592  35.701 0.4181818068
82510  34.316  28.350  35.807 0.4000000060
82511  35.294  27.594  34.842 0.4545454681
82512  34.886  27.816  34.686 0.4000000060
82513  35.226  27.537  34.185 0.3818181753
82514  35.263  27.617  33.630 0.4000000060
82515  35.644  27.289  33.710 0.4363636374
82518  36.733  26.456  34.942 0.4545454681
82519  37.310  26.150  33.244 0.4545454681
82520  36.819  26.429  33.649 0.4727272689
82521  36.948  26.486  33.104 0.4181818068
82522  36.585  26.859  32.964 0.4545454681
82523  37.170  26.613  32.533 0.4363636374
82524  37.456  26.897  32.093 0.4181818068
82525  37.847  26.493  32.197 0.4181818068
82526  39.646  25.977  31.968 0.3818181753
82527  39.233  26.316  31.742 0.4181818068
82528  40.010  26.193  31.627 0.4181818068
92824  32.288  29.937  36.543 0.3272727132
92825  31.926  30.181  36.203 0.3272727132
92826  32.250  29.893  35.903 0.3272727132
92827  32.241  29.928  35.377 0.3272727132
92828  32.283  30.054  34.984 0.3090909123
92829  32.346  30.143  34.555 0.2909090817
92830  32.572  29.795  34.730 0.3272727132
92831  32.830  29.541  34.480 0.3818181753
92832  33.122  29.312  34.257 0.4000000060
92953  33.501  29.137  33.819 0.4181818068
92954  33.398  29.068  34.361 0.4000000060
92955  33.654  28.839  34.443 0.4000000060
92956  33.931  28.576  34.508 0.4181818068
99916  29.813  31.778  33.202 0.2181818187
99918  29.946  31.708  32.630 0.2181818187
99920  30.182  31.416  31.273 0.2181818187
99921  30.248  31.366  30.566 0.2181818187
99922  30.579  31.353  31.349 0.2363636345
99923  31.009  31.271  31.441 0.2363636345
99924  31.447  31.262  31.381 0.2545454502
99925  33.131  30.600  32.829 0.2727272809
99926  33.036  30.987  32.570 0.3090909123
99927  33.379  30.850  32.425 0.3090909123
99928  33.608  31.167  32.038 0.2909090817
99930  34.028  31.824  30.953 0.2909090817
99931  34.220  31.583  31.498 0.2909090817
99932  34.579  31.631  31.518 0.3090909123
99933  34.952  31.710  31.537 0.2909090817
100298  35.222  31.376  31.652 0.2909090817
100299  35.520  30.971  31.575 0.2727272809
100300  35.853  30.549  31.450 0.2909090817
100301  35.363  28.712  32.250 0.4181818068
100302  35.764  29.018  31.942 0.4181818068
100303  36.002  28.692  32.059 0.4000000060
100304  36.552  28.692  31.828 0.4363636374
100305  37.181  28.688  31.588 0.4181818068
100306  37.798  28.687  31.444 0.4181818068
100307  37.421  28.317  31.599 0.4363636374
100308  37.695  27.939  31.589 0.4363636374
100309  38.059  27.488  31.512 0.4181818068
109409  34.830  28.188  36.516 0.4181818068
109410  34.718  28.133  35.889 0.4000000060
109411  35.072  27.921  35.942 0.4000000060
109412  35.364  27.634  35.447 0.4000000060
109413  35.648  27.307  34.903 0.4545454681
109414  37.432  25.863  34.631 0.4181818068
109415  37.098  26.135  34.447 0.4545454681
109416  37.501  25.870  34.017 0.4000000060
109417  37.668  25.887  33.456 0.4181818068
109418  37.925  25.979  32.904 0.4545454681
109419  38.207  26.143  32.385 0.4181818068
109420  38.565  25.826  32.582 0.4000000060
109421  39.340  25.780  32.393 0.3818181753
109422  40.050  25.696  32.281 0.3818181753
116760  32.593  30.646  33.459 0.2909090817
116761  32.479  30.205  34.127 0.3272727132
116762  32.662  30.277  33.698 0.3090909123
116763  32.880  30.415  33.256 0.2909090817
116764  33.171  30.312  33.020 0.3090909123
116765  33.587  30.107  32.769 0.3272727132
116766  33.987  29.934  32.490 0.3090909123
117049  34.442  29.929  32.156 0.3090909123
117050  34.152  29.629  32.461 0.3272727132
117051  34.335  29.361  32.464 0.4000000060
117052  34.573  29.088  32.493 0.4000000060
117053  33.876  28.976  33.328 0.4000000060
117054  34.297  28.865  32.915 0.4181818068
117055  34.819  28.773  32.591 0.4000000060
117056  35.071  28.485  32.633 0.3818181753
117057  35.358  28.136  32.642 0.4000000060
117058  35.585  27.866  32.726 0.4181818068
132865  30.357  31.307  29.878 0.2181818187
132872  31.817  31.329  32.111 0.3090909123
132873  31.896  31.306  31.407 0.2727272809
132874  32.802  31.333  32.068 0.3090909123
132875  32.409  31.414  31.423 0.2727272809
132876  32.079  31.380  30.740 0.2727272809
132877  32.277  31.488  30.097 0.2545454502
132884  34.374  32.438  29.937 0.2727272809
132885  34.561  32.744  29.432 0.2727272809
132886  35.017  32.957  29.534 0.3090909123
133667  34.969  30.038  31.866 0.3454545438
133668  35.545  30.061  31.555 0.3636363745
133669  36.121  30.104  31.390 0.3636363745
133670  36.108  29.361  31.647 0.4000000060
133671  36.444  29.738  31.415 0.3818181753
133672  36.775  30.165  31.259 0.3636363745
133679  38.441  28.702  31.391 0.4181818068
133680  39.169  28.719  31.327 0.4000000060
139657  32.596  29.717  36.870 0.3090909123
139658  32.919  29.466  36.669 0.3090909123
139659  33.209  29.239  36.476 0.3454545438
140401  33.436  29.020  36.050 0.4000000060
140402  33.533  29.079  36.649 0.3818181753
140403  33.867  28.881  36.791 0.3818181753
140404  34.206  28.654  36.921 0.4000000060
152254  33.661  28.781  35.576 0.4181818068
152255  33.923  28.573  35.114 0.4181818068
152256  34.210  28.343  34.591 0.4000000060
152257  34.630  28.063  35.278 0.4181818068
152258  34.591  28.067  34.652 0.4000000060
152259  34.603  28.109  34.055 0.4000000060
152260  34.983  27.853  33.544 0.4000000060
152261  35.386  27.727  33.147 0.4000000060
152262  35.915  27.569  32.777 0.4363636374
152264  36.072  27.032  35.165 0.4909090996
152265  36.009  26.985  34.512 0.4727272689
152266  36.748  26.424  34.254 0.4727272689
152267  36.358  26.707  34.053 0.4727272689
152268  35.982  26.976  33.881 0.4545454681
152269  36.073  27.060  33.325 0.4363636374
152270  36.264  27.241  32.837 0.4363636374
152271  36.512  27.452  32.422 0.4363636374
152272  37.124  27.292  32.050 0.4181818068
152273  37.754  27.184  31.756 0.4545454681
152274  38.388  27.052  31.488 0.4363636374
152275  38.470  26.375  31.880 0.4363636374
152276  38.795  26.669  31.551 0.4181818068
152277  39.135  27.026  31.309 0.4000000060
