#!ascii label  , from subject fsaverage vox2ras=TkReg
497
1880  23.789  56.718  6.698 0.3636363745
4131  25.069  54.990  9.199 0.4181818068
18148  23.507  51.946  12.261 0.4545454681
18150  23.337  53.344  12.593 0.4000000060
18152  23.763  54.462  11.425 0.4000000060
18161  22.243  56.011  3.060 0.3818181753
25867  24.640  53.962  10.222 0.4909090996
25868  25.050  53.484  8.989 0.5272727013
25869  24.546  54.320  7.891 0.5090909004
25870  23.773  55.214  6.805 0.5272727013
25871  23.047  56.105  5.441 0.4727272689
35067  24.626  55.562  10.519 0.3818181753
48867  23.723  51.753  11.591 0.5090909004
48868  23.579  52.487  11.682 0.5090909004
48869  23.400  52.644  12.417 0.4181818068
48873  24.191  56.324  7.333 0.3454545438
48877  23.763  57.498  6.583 0.3636363745
58476  24.162  54.761  7.365 0.5272727013
77498  24.996  54.497  9.733 0.4545454681
77499  24.618  54.745  10.334 0.4000000060
77500  24.958  55.300  9.884 0.4181818068
77520  22.741  55.723  4.820 0.3818181753
77521  22.760  56.485  4.693 0.4181818068
77522  22.518  56.135  4.107 0.3636363745
77523  22.282  56.437  2.426 0.3818181753
77524  22.346  56.890  2.818 0.3454545438
77525  22.381  57.311  2.204 0.3636363745
106401  23.442  54.600  12.181 0.3454545438
106402  23.786  55.131  11.603 0.3454545438
106404  25.090  55.803  9.358 0.3818181753
106417  22.359  55.660  3.635 0.3818181753
106419  22.249  55.565  2.590 0.3636363745
121797  25.068  53.718  9.641 0.4909090996
121798  25.053  54.232  9.076 0.4545454681
121800  24.859  53.956  8.439 0.5090909004
121801  24.899  54.666  8.482 0.4181818068
121802  24.552  55.082  7.921 0.4181818068
121803  24.179  55.543  7.352 0.4909090996
121804  23.782  55.971  6.768 0.4727272689
121805  23.410  56.418  6.052 0.4181818068
121806  23.397  55.670  6.156 0.5272727013
121807  23.057  55.311  5.550 0.4909090996
146217  24.182  54.249  10.788 0.4363636374
146218  24.178  54.992  10.922 0.4181818068
146219  24.192  55.664  11.043 0.3454545438
146220  24.935  56.099  10.022 0.3454545438
146244  23.086  56.840  5.297 0.3818181753
146245  22.836  57.232  4.566 0.3454545438
146246  22.698  57.752  3.822 0.3454545438
146247  22.397  56.521  3.451 0.3636363745
146249  22.613  58.266  3.106 0.3636363745
41218  33.634  49.211  6.728 0.3454545438
54535  33.099  49.320  5.466 0.3454545438
92626  33.368  49.255  6.107 0.3818181753
138418  34.175  49.338  8.727 0.3454545438
394  24.484  50.340  6.403 0.6000000238
895  31.234  47.190  11.072 0.4545454681
896  25.891  47.596  10.550 0.6000000238
897  29.012  46.943  6.087 0.6727272868
898  26.557  48.514  2.110 0.4181818068
1879  23.829  53.039  11.163 0.4727272689
1881  22.685  53.261  2.223 0.3454545438
2815  32.904  48.075  9.269 0.4363636374
2816  30.251  46.589  8.340 0.5818181634
2817  32.012  47.844  6.470 0.5090909004
2818  30.715  48.430  4.464 0.5090909004
4128  25.541  48.839  8.385 0.7090908885
4129  24.570  50.067  10.806 0.5636363626
4130  25.099  51.949  8.791 0.5090909004
4132  23.859  53.650  6.766 0.5454545617
4133  22.503  55.298  4.253 0.4000000060
4134  23.133  51.743  4.373 0.5272727013
6219  29.445  46.708  12.983 0.4000000060
6220  26.857  46.670  12.577 0.4909090996
6221  28.457  46.390  10.520 0.5454545617
6222  27.261  46.578  8.176 0.7636363506
6223  26.152  47.713  6.046 0.6909090877
6224  24.945  48.821  4.042 0.5454545617
6225  27.691  47.806  4.094 0.5454545617
6226  29.447  48.910  2.553 0.4363636374
8253  24.726  48.373  12.906 0.4545454681
8254  23.659  50.863  13.481 0.4363636374
8262  24.118  50.067  2.089 0.4000000060
10495  33.652  48.798  8.408 0.3636363745
10496  32.483  47.764  7.833 0.4363636374
10497  33.282  48.684  7.028 0.3818181753
10498  32.760  48.823  5.794 0.3818181753
11808  25.038  49.584  7.404 0.6727272868
11809  25.218  50.416  8.593 0.6000000238
11810  24.717  51.166  7.627 0.6000000238
11811  24.568  52.840  7.769 0.5272727013
11812  24.066  51.965  6.606 0.6181818247
11813  23.265  52.760  5.531 0.5272727013
11814  23.717  50.986  5.405 0.5636363626
14205  30.281  46.886  12.054 0.4363636374
14206  29.007  46.451  11.802 0.4909090996
14207  29.897  46.578  10.692 0.4727272689
14208  29.676  46.675  7.104 0.6181818247
14209  28.670  46.264  8.157 0.6909090877
14210  28.036  46.551  7.016 0.7272727489
14211  26.642  47.027  7.014 0.7090908885
14212  27.480  46.994  5.992 0.6545454264
14213  26.844  47.498  4.983 0.6363636255
14214  28.343  47.360  5.013 0.6181818247
14215  31.433  49.227  3.849 0.4363636374
14216  29.944  48.688  3.518 0.5272727013
14217  30.821  49.416  2.988 0.3454545438
18143  26.282  47.007  11.545 0.5454545617
18144  25.709  47.373  12.650 0.4181818068
18145  25.263  47.962  11.657 0.5272727013
18146  24.097  51.529  10.932 0.5090909004
18147  23.841  50.547  12.066 0.4727272689
18149  23.392  52.177  13.786 0.4181818068
18160  22.380  54.264  3.253 0.3636363745
18162  22.413  55.013  2.086 0.3454545438
18165  25.691  48.568  3.041 0.4545454681
18166  24.470  49.319  3.062 0.4363636374
18167  25.246  49.048  2.035 0.4181818068
23499  32.168  47.538  10.156 0.4545454681
23500  30.831  46.760  9.658 0.5272727013
23501  31.728  47.200  8.742 0.5090909004
23502  31.208  47.152  7.384 0.5090909004
23503  30.606  47.291  6.197 0.6181818247
23504  29.961  47.671  5.274 0.5636363626
23505  31.397  48.109  5.380 0.4545454681
23506  32.114  49.007  4.652 0.3636363745
25862  25.788  48.215  9.486 0.6363636255
25863  25.124  48.757  10.712 0.5818181634
25864  25.345  49.600  9.655 0.6545454264
25865  25.038  51.007  9.815 0.5454545617
25866  24.724  52.484  10.060 0.5090909004
25872  23.089  54.495  5.597 0.5272727013
25873  22.704  53.553  4.384 0.4909090996
25874  22.786  52.478  3.246 0.4545454681
25875  27.663  48.558  1.104 0.3454545438
25876  26.209  48.836  0.930 0.3818181753
29873  28.123  46.498  12.727 0.4363636374
29874  27.567  46.476  11.600 0.5272727013
29875  27.030  46.738  10.435 0.5636363626
29876  29.381  46.278  9.334 0.6000000238
29877  27.877  46.335  9.285 0.6363636255
29878  26.582  47.053  9.377 0.6363636255
29879  26.169  47.543  8.269 0.7272727489
29880  25.702  48.145  7.251 0.7272727489
29881  25.160  48.914  6.239 0.7090908885
29882  24.522  49.479  5.204 0.6000000238
29883  25.614  48.313  5.052 0.6181818247
29884  26.220  48.110  3.967 0.5272727013
29885  27.090  48.214  3.111 0.5090909004
29886  29.215  47.982  4.306 0.5454545617
29887  28.521  48.298  3.307 0.4909090996
29888  27.995  48.479  2.225 0.4181818068
29889  29.199  48.792  1.388 0.3636363745
32380  30.550  47.077  13.244 0.3636363745
32381  31.503  47.357  12.240 0.3818181753
32384  32.526  47.751  11.389 0.4000000060
32385  33.248  48.230  10.558 0.3454545438
32386  33.924  48.954  9.771 0.3636363745
35058  24.451  49.161  11.834 0.5090909004
35059  24.083  49.586  13.166 0.4181818068
35082  23.832  50.049  4.189 0.5272727013
35083  23.451  50.742  3.164 0.4727272689
35084  23.268  51.485  2.128 0.4000000060
35085  24.971  49.564  0.901 0.3454545438
35086  23.956  50.722  0.962 0.3636363745
35087  23.243  52.166  1.133 0.3454545438
41216  33.492  48.677  7.664 0.3636363745
42528  24.774  49.974  6.912 0.6545454264
42529  24.842  50.355  7.510 0.6363636255
42530  24.548  50.736  7.012 0.6545454264
42531  24.412  51.593  7.122 0.6363636255
42532  24.234  51.131  6.505 0.6000000238
42533  23.857  51.483  6.016 0.6181818247
42534  24.116  50.648  5.904 0.6181818247
44925  30.774  47.046  11.571 0.4181818068
44926  30.090  46.747  11.414 0.4545454681
44927  30.578  46.862  10.871 0.4727272689
44928  29.358  46.784  6.577 0.6545454264
44929  28.844  46.535  7.021 0.7090908885
44930  28.532  46.650  6.528 0.6909090877
44931  27.754  46.680  6.515 0.7090908885
44932  28.242  46.896  6.026 0.6909090877
44933  27.931  47.110  5.487 0.6545454264
44934  28.693  47.150  5.582 0.6181818247
44936  31.145  49.308  3.444 0.3636363745
44937  31.512  49.728  3.217 0.3454545438
48863  26.038  47.298  11.050 0.5636363626
48864  25.727  47.439  11.592 0.5272727013
48865  25.506  47.757  11.142 0.5818181634
48866  23.927  52.329  11.040 0.5090909004
48870  23.470  53.241  11.792 0.4727272689
48871  23.384  53.950  11.926 0.4181818068
48872  23.783  53.759  11.281 0.4545454681
48880  22.451  53.777  2.738 0.3818181753
48881  22.293  54.651  2.703 0.3636363745
48885  26.108  48.510  2.597 0.4181818068
48886  25.422  48.767  2.542 0.4000000060
48887  25.873  48.713  2.059 0.4181818068
54525  32.536  47.721  9.717 0.4363636374
54526  31.923  47.283  9.434 0.4727272689
54527  32.371  47.584  9.033 0.5090909004
54528  32.259  47.772  7.129 0.4727272689
54529  31.870  47.427  7.578 0.4909090996
54530  31.633  47.470  6.908 0.4909090996
54531  30.943  47.197  6.760 0.5636363626
54532  31.345  47.543  6.299 0.5454545617
54533  31.031  47.656  5.738 0.5090909004
54534  31.700  47.939  5.903 0.5272727013
54536  32.433  48.940  5.223 0.3636363745
54537  32.785  49.399  4.892 0.3454545438
54538  32.437  49.450  4.433 0.3454545438
58463  25.673  48.502  8.901 0.6909090877
58464  25.514  48.890  9.527 0.6545454264
58465  25.487  49.243  9.019 0.6545454264
58466  25.140  51.187  8.685 0.5636363626
58467  25.241  50.744  9.191 0.6181818247
58468  25.161  51.471  9.299 0.5454545617
58469  24.878  51.751  9.934 0.5636363626
58470  25.135  52.238  9.423 0.5090909004
58471  25.121  52.979  9.546 0.4727272689
58472  25.077  52.706  8.881 0.5272727013
58473  24.266  53.237  7.273 0.5090909004
58474  24.570  53.572  7.859 0.5636363626
58475  24.202  54.006  7.355 0.5454545617
58477  23.801  54.447  6.809 0.5636363626
58478  23.393  54.903  6.215 0.5090909004
58479  23.436  54.078  6.238 0.5636363626
58480  23.159  52.270  4.958 0.5272727013
58481  22.976  53.169  4.976 0.4545454681
58482  22.904  52.666  4.416 0.5272727013
58483  22.702  53.004  3.819 0.5090909004
58484  22.936  52.118  3.808 0.5090909004
58486  27.437  48.614  0.489 0.3454545438
65655  29.041  46.715  13.440 0.3818181753
65656  28.365  46.571  13.290 0.3454545438
65657  28.788  46.575  12.859 0.4000000060
65658  28.755  46.422  11.163 0.5090909004
65659  28.279  46.398  11.684 0.5090909004
65660  27.976  46.413  11.069 0.5272727013
65661  27.282  46.602  11.010 0.5454545617
65662  27.706  46.486  10.462 0.5454545617
65663  30.534  46.631  8.990 0.5818181634
65664  30.078  46.454  9.439 0.5636363626
65665  29.774  46.381  8.820 0.5636363626
65666  27.939  46.345  8.157 0.7272727489
65667  28.266  46.212  8.709 0.6727272868
65668  27.591  46.407  8.724 0.6727272868
65669  27.196  46.623  9.342 0.6545454264
65670  26.969  46.789  8.768 0.7090908885
65671  26.411  47.273  8.825 0.7090908885
65672  26.638  47.029  8.234 0.7636363506
65673  26.408  47.371  6.545 0.6727272868
65674  26.128  47.532  7.131 0.6909090877
65675  25.878  47.871  6.638 0.7272727489
65676  25.430  48.508  6.762 0.7272727489
65677  25.618  48.254  6.135 0.7090908885
65678  25.365  48.544  5.635 0.6909090877
65679  25.910  48.058  5.554 0.6727272868
65680  27.262  47.601  4.494 0.6000000238
65681  26.559  47.814  4.494 0.5636363626
65682  26.955  47.844  4.002 0.5636363626
65683  26.646  48.136  3.547 0.5454545617
65684  27.358  48.030  3.605 0.5272727013
65685  30.361  48.059  4.833 0.5090909004
65686  29.580  47.848  4.773 0.5454545617
65687  29.956  48.242  4.369 0.5454545617
65688  29.653  48.824  3.060 0.4727272689
65689  29.182  48.468  3.398 0.5272727013
65690  28.929  48.591  2.904 0.4545454681
65691  28.273  48.393  2.787 0.4363636374
65692  28.730  48.643  2.372 0.4181818068
65693  28.594  48.604  1.799 0.3818181753
65694  29.298  48.861  1.963 0.3818181753
71083  31.013  47.230  12.733 0.3636363745
71084  31.583  47.410  12.826 0.3636363745
71093  32.883  47.967  10.942 0.3636363745
77468  27.152  46.630  13.119 0.3818181753
77470  26.579  46.838  13.103 0.3818181753
77471  25.179  47.854  12.763 0.3818181753
77472  25.486  47.537  13.254 0.3818181753
77473  24.997  47.986  13.418 0.3818181753
77475  24.569  48.501  13.585 0.3818181753
77476  24.794  49.405  10.775 0.5818181634
77477  24.773  48.968  11.267 0.5636363626
77478  24.430  49.602  11.331 0.5454545617
77479  23.716  50.736  12.794 0.4363636374
77480  23.907  50.055  12.610 0.4363636374
77481  23.847  50.219  13.306 0.4181818068
77482  23.969  49.686  13.837 0.4181818068
77483  23.738  50.320  14.005 0.4181818068
77485  23.545  50.951  14.113 0.3818181753
77486  23.286  52.853  13.887 0.3636363745
77535  24.667  49.095  4.599 0.5636363626
77536  24.146  49.754  4.699 0.5272727013
77537  24.350  49.359  4.109 0.5636363626
77538  24.281  49.710  2.580 0.3818181753
77539  23.905  49.974  3.120 0.4363636374
77540  23.759  50.342  2.622 0.4000000060
77541  23.322  51.089  2.632 0.4363636374
77542  23.661  50.721  2.106 0.4000000060
77544  25.560  49.146  0.908 0.3454545438
77549  23.565  51.418  1.030 0.3636363745
92619  33.279  48.410  8.817 0.3818181753
92620  32.722  47.917  8.565 0.4545454681
92621  33.101  48.271  8.095 0.4000000060
92622  32.875  48.159  7.382 0.4181818068
92623  32.671  48.188  6.730 0.4363636374
92624  32.404  48.295  6.134 0.4545454681
92625  33.074  48.721  6.412 0.4000000060
94982  25.330  49.198  7.894 0.6727272868
94983  25.368  49.609  8.534 0.6363636255
94984  25.117  49.968  8.002 0.6000000238
94985  24.968  50.776  8.100 0.5818181634
94986  24.917  51.571  8.224 0.5454545617
94987  24.882  52.383  8.283 0.5272727013
94988  24.637  51.987  7.721 0.5454545617
94989  24.341  52.421  7.194 0.5454545617
94990  23.958  52.814  6.677 0.5818181634
94991  23.536  53.214  6.174 0.5818181634
94992  23.676  52.350  6.097 0.5818181634
94993  23.452  51.865  5.496 0.5818181634
94994  23.385  51.343  4.909 0.5272727013
99297  29.844  46.777  12.544 0.4181818068
99298  29.227  46.584  12.410 0.4545454681
99299  29.672  46.641  11.964 0.4727272689
99300  29.427  46.537  11.284 0.4909090996
99301  29.208  46.435  10.598 0.5090909004
99302  29.958  46.617  7.697 0.6727272868
99303  29.427  46.326  8.176 0.6181818247
99304  29.141  46.442  7.588 0.6909090877
99305  28.363  46.383  7.533 0.6909090877
99306  27.589  46.505  7.593 0.7454545498
99307  26.946  46.828  7.619 0.7454545498
99308  27.275  46.719  7.045 0.7636363506
99309  27.034  46.969  6.515 0.6727272868
99310  26.734  47.272  5.993 0.6727272868
99311  26.495  47.619  5.504 0.6909090877
99312  27.166  47.279  5.488 0.6727272868
99313  27.584  47.362  4.949 0.6363636255
99314  28.017  47.570  4.544 0.5636363626
99315  31.080  48.801  4.137 0.4181818068
99316  30.320  48.600  3.996 0.5454545617
99317  30.692  48.950  3.670 0.4727272689
99318  30.382  49.069  3.244 0.4000000060
99319  30.110  49.162  2.760 0.3636363745
99320  29.947  49.147  2.192 0.3454545438
106385  26.571  46.782  12.040 0.5454545617
106386  26.280  46.963  12.596 0.4545454681
106387  25.969  47.134  12.084 0.5090909004
106388  25.440  47.628  12.130 0.5272727013
106389  24.988  48.180  12.266 0.5090909004
106390  24.338  50.775  10.855 0.5636363626
106391  24.163  50.309  11.392 0.5272727013
106392  23.911  51.020  11.502 0.5454545617
106393  23.651  51.234  12.195 0.4545454681
106394  23.555  51.427  12.896 0.4181818068
106395  23.514  51.522  13.599 0.4181818068
106396  23.421  52.089  13.017 0.4000000060
106397  23.318  52.739  13.195 0.4181818068
106398  23.272  53.450  13.340 0.3454545438
106400  23.319  54.040  12.795 0.3818181753
106416  22.385  54.789  3.770 0.4363636374
106418  22.283  55.147  3.202 0.4000000060
106425  25.283  48.643  3.511 0.4909090996
106426  24.673  49.081  3.550 0.4727272689
106427  25.046  48.896  3.026 0.4545454681
106428  24.840  49.187  2.544 0.4000000060
106429  24.675  49.507  2.039 0.4000000060
116271  31.724  47.377  10.618 0.4727272689
116272  31.067  46.970  10.370 0.4727272689
116273  31.532  47.134  9.905 0.4545454681
116274  31.272  46.900  9.191 0.5090909004
116275  31.019  46.869  8.517 0.5636363626
116276  32.143  47.502  8.308 0.4545454681
116277  31.512  47.168  8.031 0.5090909004
116278  30.794  46.866  7.838 0.6181818247
116279  30.481  46.901  7.232 0.6000000238
116280  30.169  46.977  6.658 0.5818181634
116281  29.791  47.102  6.128 0.6545454264
116282  29.482  47.290  5.668 0.6181818247
116283  30.281  47.477  5.727 0.5636363626
116284  30.701  47.857  5.287 0.4727272689
116285  31.101  48.246  4.887 0.4545454681
116286  32.061  48.447  5.567 0.4363636374
116287  31.755  48.581  5.044 0.4181818068
116288  31.444  48.667  4.570 0.4181818068
116289  31.782  49.102  4.263 0.4545454681
116290  32.156  49.539  4.027 0.3636363745
121784  25.808  47.863  10.030 0.6000000238
121785  25.474  48.133  10.631 0.6181818247
121786  25.461  48.493  10.111 0.6181818247
121787  25.200  49.183  10.198 0.6181818247
121788  24.996  49.883  10.259 0.6181818247
121789  25.352  50.002  9.130 0.6363636255
121790  25.193  50.300  9.727 0.6181818247
121791  24.830  50.518  10.310 0.6000000238
121792  24.620  51.274  10.423 0.5818181634
121793  24.415  52.015  10.522 0.5454545617
121794  24.283  52.758  10.610 0.5090909004
121795  24.216  53.492  10.696 0.4545454681
121796  24.687  53.205  10.142 0.5090909004
121799  24.867  53.173  8.354 0.4909090996
121808  22.770  54.907  4.954 0.4545454681
121809  23.153  53.649  5.588 0.5272727013
121810  22.841  54.047  4.984 0.4545454681
121811  22.565  54.436  4.334 0.4727272689
121812  22.509  53.887  3.801 0.4181818068
121813  22.548  53.367  3.261 0.4181818068
121814  22.685  52.863  2.709 0.3818181753
121815  27.062  48.548  1.579 0.3818181753
121816  26.349  48.674  1.544 0.4000000060
121817  26.909  48.621  0.965 0.3818181753
131550  27.753  46.527  13.178 0.3636363745
131551  27.486  46.510  12.617 0.4545454681
131552  28.548  46.442  12.275 0.4363636374
131553  27.873  46.415  12.167 0.4909090996
131554  27.215  46.537  12.068 0.5272727013
131555  26.892  46.678  11.509 0.5636363626
131556  26.624  46.911  11.007 0.5636363626
131557  26.369  47.151  10.500 0.5454545617
131558  30.374  46.670  10.147 0.5090909004
131559  29.667  46.447  10.000 0.5454545617
131560  28.939  46.306  9.905 0.5636363626
131561  29.029  46.233  8.722 0.6363636255
131562  28.614  46.226  9.284 0.6363636255
131563  28.173  46.265  9.831 0.6363636255
131564  27.452  46.534  9.894 0.5818181634
131565  26.793  46.898  9.927 0.6181818247
131566  26.229  47.348  9.973 0.6000000238
131567  26.137  47.585  9.438 0.6363636255
131568  25.973  47.803  8.877 0.7090908885
131569  25.810  48.142  8.319 0.7272727489
131570  26.382  47.291  7.671 0.7454545498
131571  25.920  47.840  7.726 0.7636363506
131572  25.607  48.487  7.802 0.7272727489
131573  25.345  48.840  7.342 0.6727272868
131574  25.073  49.242  6.833 0.7090908885
131575  24.823  49.642  6.307 0.6545454264
131576  24.475  49.913  5.803 0.6181818247
131577  24.892  49.210  5.716 0.6545454264
131578  25.051  48.825  5.115 0.5818181634
131579  25.256  48.533  4.518 0.6000000238
131580  26.217  47.894  5.026 0.6545454264
131581  25.906  48.153  4.518 0.6000000238
131582  25.560  48.422  3.998 0.5272727013
131583  25.953  48.348  3.520 0.5090909004
131584  26.387  48.326  3.091 0.4909090996
131585  26.836  48.378  2.633 0.4545454681
131586  29.137  47.468  5.171 0.6000000238
131587  28.790  47.665  4.684 0.5818181634
131588  28.452  47.855  4.204 0.5454545617
131589  29.584  48.359  3.899 0.5090909004
131590  28.856  48.131  3.821 0.5272727013
131591  28.095  48.018  3.721 0.5454545617
131592  27.815  48.208  3.209 0.4909090996
131593  27.573  48.342  2.681 0.4545454681
131594  27.267  48.440  2.122 0.4363636374
131595  27.817  48.520  1.662 0.3818181753
131596  28.441  48.631  1.239 0.3636363745
138395  29.607  46.822  13.603 0.3454545438
138398  29.973  46.889  13.121 0.3636363745
138399  30.410  46.989  12.637 0.3636363745
138400  30.891  47.134  12.147 0.4000000060
138401  31.385  47.294  11.671 0.4000000060
138409  32.009  47.530  11.797 0.3454545438
138410  31.869  47.523  11.253 0.3818181753
138411  32.336  47.691  10.790 0.3818181753
138412  32.729  47.900  10.370 0.4000000060
138413  33.091  48.176  9.966 0.3818181753
138414  33.785  48.603  10.732 0.3454545438
138416  33.395  48.511  9.536 0.3636363745
138417  33.766  48.894  9.118 0.3818181753
146184  26.028  47.128  13.117 0.4000000060
146190  25.148  48.377  11.194 0.5818181634
146191  24.857  48.539  11.783 0.5454545617
146192  24.588  48.789  12.385 0.4909090996
146193  24.108  49.855  11.939 0.4909090996
146194  24.235  49.441  12.498 0.4545454681
146195  24.383  48.990  13.054 0.4363636374
146196  24.228  49.080  13.720 0.4181818068
146262  24.080  50.163  5.296 0.5636363626
146263  23.700  50.490  4.789 0.5272727013
146264  23.438  50.857  4.287 0.5272727013
146265  24.100  49.660  3.614 0.5090909004
146266  23.586  50.386  3.675 0.5090909004
146267  23.204  51.249  3.757 0.5090909004
146268  23.083  51.586  3.203 0.5090909004
146269  22.976  51.960  2.662 0.4000000060
146270  22.924  52.372  2.171 0.3818181753
146271  25.687  48.887  1.505 0.4000000060
146272  25.110  49.356  1.510 0.3818181753
146273  24.560  49.832  1.520 0.3818181753
146275  24.416  50.093  0.905 0.3454545438
146276  24.045  50.384  1.539 0.3636363745
146277  23.604  51.084  1.538 0.4000000060
146278  23.247  51.862  1.623 0.3818181753
146279  22.981  52.721  1.674 0.3454545438
