#!ascii label  , from subject fsaverage vox2ras=TkReg
178
389  39.337  48.923  2.386 0.2181818187
656  38.844  43.171  16.723 0.2909090817
887  38.496  51.882  5.895 0.2363636345
1468  39.320  49.615  9.700 0.2181818187
1469  39.084  45.633  13.211 0.2727272809
4103  38.676  45.889  9.329 0.2363636345
6205  39.619  50.843  4.146 0.2181818187
7266  38.773  47.319  11.374 0.2181818187
7267  38.210  44.250  11.007 0.3090909123
7268  39.177  44.515  14.799 0.2727272809
8222  39.269  51.266  8.031 0.2545454502
8223  40.100  49.390  6.149 0.2363636345
8224  40.257  47.119  4.168 0.2545454502
10253  41.008  40.672  24.098 0.2363636345
11783  38.455  44.366  9.105 0.2909090817
11784  38.946  45.286  8.412 0.2181818187
14182  39.287  51.505  5.129 0.2181818187
15978  39.038  47.275  13.464 0.2181818187
15981  38.482  45.682  11.231 0.2727272809
15982  38.610  44.966  12.026 0.3272727132
15984  38.924  45.235  15.980 0.2181818187
18070  39.534  50.598  8.950 0.2545454502
18074  40.353  48.252  5.079 0.2545454502
24565  39.239  46.652  14.325 0.2545454502
25818  39.449  48.785  8.714 0.2181818187
29839  39.618  49.877  3.218 0.2363636345
32339  38.607  46.640  10.310 0.2363636345
32340  38.318  44.918  10.140 0.2727272809
32343  39.073  45.948  15.184 0.2545454502
32344  39.203  45.089  13.910 0.2363636345
32347  39.025  44.192  12.906 0.3090909123
32348  38.489  43.496  11.826 0.2727272809
34965  37.954  51.932  7.634 0.2181818187
34966  38.944  51.697  7.056 0.2727272809
34967  39.747  49.769  7.966 0.2181818187
34968  39.894  50.458  7.166 0.2181818187
34969  39.662  50.941  6.207 0.2363636345
34970  40.037  50.106  5.238 0.2545454502
34971  39.999  49.054  4.202 0.2545454502
34972  39.634  47.986  3.364 0.2545454502
34980  39.876  46.182  3.418 0.2181818187
34981  39.105  46.986  2.593 0.2181818187
44902  38.935  51.782  5.567 0.2363636345
46698  39.084  46.458  13.392 0.2545454502
46699  38.946  46.857  12.916 0.2181818187
46700  38.905  46.034  12.772 0.2545454502
46701  38.701  45.656  12.177 0.2727272809
46702  38.855  45.295  12.598 0.2727272809
46703  38.925  43.878  16.737 0.2363636345
46704  38.915  44.242  16.208 0.2545454502
48790  39.435  50.097  9.324 0.2363636345
48793  40.212  46.720  5.785 0.2181818187
53801  41.405  40.115  24.143 0.2363636345
53808  40.368  42.198  23.194 0.2181818187
56302  39.151  47.129  14.905 0.2181818187
58388  38.806  46.792  9.372 0.2363636345
58390  38.899  46.428  8.914 0.2181818187
63501  38.933  44.578  18.062 0.2181818187
65587  39.637  50.366  3.656 0.2181818187
70982  38.663  47.027  10.863 0.2545454502
70983  38.359  44.925  11.080 0.2727272809
70984  38.338  45.280  10.649 0.2727272809
70985  38.225  44.567  10.577 0.2909090817
70986  38.230  44.249  10.020 0.2727272809
70992  39.025  45.601  15.577 0.2545454502
70993  39.124  45.215  14.971 0.2545454502
70994  39.148  45.545  14.560 0.2545454502
70995  39.197  44.806  14.372 0.2545454502
71002  39.135  43.914  13.282 0.2545454502
71003  38.995  43.525  12.767 0.2727272809
71004  38.760  43.860  12.334 0.2727272809
71005  38.693  43.159  12.269 0.2909090817
77246  38.863  51.467  8.399 0.2181818187
77248  38.709  51.718  7.868 0.2363636345
77249  38.482  51.921  7.381 0.2181818187
77250  39.171  51.524  7.578 0.2909090817
77251  39.545  48.327  8.229 0.2363636345
77253  39.721  48.798  7.855 0.2181818187
77256  39.999  49.961  6.674 0.2181818187
77257  39.747  50.733  6.704 0.2363636345
77258  39.995  50.252  6.261 0.2363636345
77259  39.898  50.510  5.759 0.2363636345
77260  40.087  49.698  5.731 0.2181818187
77261  40.351  47.683  4.589 0.2181818187
77262  40.208  48.613  4.684 0.2181818187
77263  40.109  48.017  4.198 0.2545454502
77264  39.863  48.512  3.758 0.2545454502
77265  39.906  47.524  3.793 0.2545454502
77284  39.806  44.932  2.956 0.2181818187
77285  40.129  45.409  3.357 0.2181818187
77287  39.407  46.520  3.077 0.2181818187
77288  39.178  46.063  2.630 0.2181818187
77289  38.804  46.524  2.199 0.2181818187
77290  38.898  45.589  2.193 0.2181818187
94937  38.543  45.088  9.292 0.2727272809
94938  38.786  45.601  8.888 0.2363636345
94939  38.673  44.831  8.770 0.2181818187
99255  39.043  51.797  4.588 0.2181818187
99256  39.504  51.220  4.660 0.2545454502
102490  38.933  47.643  12.879 0.2181818187
102493  38.631  46.500  11.319 0.2363636345
102494  38.650  46.067  11.791 0.2545454502
102495  38.526  45.318  11.643 0.2909090817
102496  38.397  44.599  11.502 0.2909090817
102500  39.006  44.587  15.798 0.2363636345
102501  39.109  44.205  15.216 0.2181818187
106254  39.392  50.948  8.472 0.2181818187
106256  39.864  48.297  7.360 0.2181818187
106258  40.097  48.214  6.431 0.2181818187
106260  40.189  48.794  5.614 0.2545454502
106261  40.318  47.873  5.495 0.2181818187
118757  39.029  47.741  14.051 0.2181818187
118758  39.172  46.956  13.939 0.2363636345
118759  39.143  46.152  13.759 0.2727272809
121680  39.428  49.222  9.223 0.2181818187
121684  39.042  46.118  8.506 0.2181818187
128821  38.955  43.553  17.322 0.2363636345
131461  39.509  49.401  2.819 0.2363636345
138276  38.749  47.206  9.843 0.2181818187
138277  38.625  46.227  9.801 0.2181818187
138278  38.459  46.097  10.748 0.2545454502
138279  38.450  45.707  10.224 0.2545454502
138280  38.462  45.365  9.726 0.2727272809
138281  38.354  44.617  9.589 0.2727272809
138282  38.273  43.939  9.499 0.2909090817
138287  38.845  45.976  16.190 0.2181818187
138288  38.959  46.370  15.759 0.2909090817
138289  39.070  46.766  15.326 0.2363636345
138290  39.140  46.312  14.751 0.2181818187
138291  39.142  45.870  14.130 0.2545454502
138292  39.140  45.374  13.552 0.2545454502
138299  39.239  44.346  13.789 0.2545454502
138300  39.155  44.632  13.391 0.2727272809
138301  39.080  44.901  12.991 0.3454545438
138302  38.809  44.578  12.448 0.2727272809
138303  38.550  44.236  11.885 0.2909090817
138304  38.299  43.896  11.413 0.2727272809
145914  37.386  51.894  7.935 0.2181818187
145917  38.223  51.908  6.805 0.2363636345
145918  38.738  51.852  6.534 0.2363636345
145919  39.548  49.697  8.850 0.2363636345
145920  39.632  50.194  8.448 0.2727272809
145921  39.717  50.667  8.029 0.2545454502
145922  39.911  49.271  7.469 0.2181818187
145923  39.874  50.140  7.563 0.2181818187
145924  39.645  50.898  7.617 0.2363636345
145925  39.529  51.182  7.177 0.2181818187
145926  39.322  51.374  6.664 0.2727272809
145927  39.135  51.540  6.110 0.2909090817
145928  39.510  51.185  5.666 0.2545454502
145929  39.738  50.876  5.218 0.2545454502
145930  39.839  50.473  4.701 0.2545454502
145931  40.186  49.152  5.212 0.2545454502
145932  40.052  49.571  4.715 0.2363636345
145933  39.880  50.011  4.178 0.2363636345
145934  39.793  49.467  3.714 0.2727272809
145935  39.678  48.958  3.280 0.2545454502
145936  39.449  48.421  2.909 0.2363636345
145957  40.424  46.338  4.118 0.2181818187
145958  40.510  45.146  3.689 0.2363636345
145959  40.296  45.880  3.753 0.2363636345
145960  40.047  46.636  3.792 0.2181818187
145961  39.685  47.039  3.421 0.2545454502
145962  39.368  47.451  2.987 0.2363636345
145967  38.688  45.065  1.697 0.2181818187
32341  38.152  43.587  9.987 0.2545454502
42503  38.320  43.659  9.071 0.2727272809
42504  38.532  44.077  8.627 0.2727272809
70987  38.132  43.902  10.498 0.2909090817
71001  39.051  43.235  13.204 0.3090909123
94940  38.810  44.495  8.202 0.2363636345
94941  38.849  44.124  7.682 0.2181818187
138305  38.395  42.804  11.761 0.2909090817
138283  38.114  43.259  9.508 0.2545454502
138306  38.237  43.189  11.328 0.2909090817
138307  38.157  43.561  10.910 0.2545454502
138308  38.071  43.246  10.400 0.2727272809
145942  39.109  44.142  6.771 0.2181818187
