#!ascii label  , from subject fsaverage vox2ras=TkReg
1634
1010  30.320  30.773  36.958 0.2909090817
2032  21.568  48.405  31.767 0.3454545438
2033  25.125  45.579  31.548 0.2363636345
3530  31.282  26.557  42.909 0.2181818187
3533  31.772  29.024  39.860 0.2363636345
4458  19.234  47.994  30.854 0.3090909123
4464  26.481  40.988  31.911 0.2363636345
6426  29.212  31.940  35.023 0.2545454502
7441  30.219  29.912  38.080 0.3272727132
7442  31.787  29.828  38.459 0.2363636345
8669  20.075  49.913  28.754 0.2363636345
8670  22.456  50.452  29.834 0.2363636345
8672  23.687  47.322  32.041 0.2545454502
11211  31.444  27.318  42.184 0.2545454502
14545  29.649  30.989  36.763 0.3818181753
14547  29.694  31.443  36.090 0.3090909123
16356  31.748  29.464  39.191 0.2727272809
19130  20.351  48.289  31.221 0.3272727132
19131  19.742  48.731  29.729 0.2909090817
19132  20.999  49.181  30.331 0.3090909123
19133  21.206  50.384  29.464 0.2181818187
19134  22.131  49.359  30.955 0.2909090817
19138  24.379  44.866  31.957 0.2545454502
19139  23.669  45.751  32.064 0.2727272809
19140  24.505  46.513  31.822 0.2181818187
19141  24.225  48.202  31.020 0.2545454502
26462  25.030  44.030  31.964 0.2909090817
26463  25.705  44.723  31.276 0.2181818187
26464  25.763  43.231  31.807 0.2909090817
26465  26.422  42.398  31.384 0.2181818187
30351  29.870  31.724  35.288 0.2363636345
32811  30.302  30.338  37.590 0.3272727132
32812  30.911  29.443  38.926 0.3272727132
32813  30.979  29.777  38.339 0.3090909123
32814  31.046  30.152  37.762 0.2545454502
36267  21.893  47.158  32.479 0.3636363745
36269  22.796  46.493  32.282 0.2909090817
36270  22.715  48.003  32.077 0.3272727132
36271  23.290  48.951  31.101 0.2545454502
36272  23.459  49.870  29.826 0.2181818187
36273  23.355  50.496  28.342 0.2181818187
45265  29.988  30.922  36.883 0.2727272809
45266  29.679  31.283  36.433 0.2909090817
45267  30.009  31.187  36.530 0.2909090817
49850  20.948  48.396  31.483 0.3454545438
49851  20.679  48.705  30.757 0.3454545438
49852  21.273  48.848  31.035 0.3454545438
49853  21.564  49.329  30.604 0.3272727132
49854  21.886  48.864  31.385 0.3454545438
49858  24.794  45.225  31.824 0.2363636345
49859  24.458  45.690  31.952 0.2363636345
49860  24.810  46.030  31.693 0.2181818187
49861  24.754  46.883  31.387 0.2181818187
56665  30.921  26.262  42.587 0.2363636345
56667  30.910  26.713  42.318 0.2909090817
56668  31.568  27.649  41.700 0.2363636345
56676  32.644  28.415  41.239 0.2181818187
56677  33.070  28.509  41.447 0.2181818187
59463  25.398  43.623  31.912 0.2909090817
59464  25.313  42.807  31.956 0.2909090817
59466  26.118  42.024  31.829 0.2727272809
59467  26.485  41.680  31.669 0.2181818187
59469  26.776  41.288  31.442 0.2363636345
63874  31.169  25.028  43.788 0.2181818187
66673  29.141  31.860  35.457 0.3272727132
66679  30.153  31.509  35.810 0.2181818187
72097  29.923  30.209  37.689 0.4000000060
72098  29.951  30.419  37.483 0.3454545438
72099  30.262  30.132  37.841 0.3454545438
72102  31.353  29.221  39.366 0.2909090817
72103  31.757  29.633  38.813 0.2545454502
72104  31.347  29.620  38.761 0.2727272809
72105  31.352  29.792  38.421 0.2545454502
72106  31.003  29.973  38.082 0.2545454502
72107  31.384  29.958  38.094 0.2545454502
72108  31.473  30.113  37.812 0.2545454502
80428  19.936  49.286  29.210 0.2727272809
80430  19.464  49.600  28.430 0.2181818187
80432  19.587  50.259  27.969 0.2181818187
80435  21.822  50.504  29.705 0.2363636345
80451  23.724  46.532  32.105 0.2181818187
80452  23.245  46.114  32.193 0.2727272809
80453  23.270  46.867  32.207 0.2363636345
80454  22.815  47.245  32.258 0.2909090817
80455  23.240  47.672  32.032 0.2545454502
80456  23.034  48.467  31.614 0.3090909123
80457  23.551  48.161  31.603 0.2727272809
80458  24.307  48.491  30.349 0.2181818187
80459  23.954  49.046  30.552 0.2363636345
80463  23.582  49.787  28.216 0.2181818187
80470  26.016  44.347  31.146 0.2181818187
80472  25.980  44.500  30.460 0.2181818187
93905  31.353  26.965  42.626 0.2363636345
93907  31.928  27.496  42.365 0.2363636345
93908  32.079  27.764  41.876 0.2181818187
93909  32.186  28.027  41.428 0.2545454502
99909  29.372  31.374  36.388 0.3272727132
99910  29.397  31.568  35.987 0.2909090817
99911  29.443  31.704  35.585 0.2727272809
103166  31.755  29.266  39.546 0.2545454502
103168  32.126  29.536  39.302 0.2545454502
108160  19.805  48.141  31.002 0.3272727132
108161  19.482  48.310  30.289 0.3090909123
108162  20.099  48.500  30.480 0.3090909123
108163  20.395  48.970  30.021 0.3090909123
108164  20.548  49.567  29.567 0.2545454502
108165  20.678  50.207  29.138 0.2363636345
108166  21.130  49.766  29.881 0.2727272809
108167  21.719  49.865  30.183 0.2727272809
108168  22.336  49.863  30.404 0.2545454502
108174  23.801  44.483  31.958 0.3272727132
108175  23.508  44.911  31.969 0.3272727132
108176  24.027  45.346  32.065 0.2727272809
108177  24.122  46.155  32.020 0.2181818187
108178  24.167  46.978  31.903 0.2363636345
108179  24.019  47.804  31.559 0.2545454502
116746  30.740  30.625  37.056 0.2545454502
116747  30.392  31.008  36.606 0.2727272809
119281  32.242  28.279  41.029 0.2363636345
119282  32.203  28.522  40.677 0.2363636345
119283  32.181  28.795  40.366 0.2181818187
119285  33.010  29.014  40.714 0.2181818187
123169  20.042  47.982  31.736 0.3272727132
123171  21.244  47.995  32.167 0.3454545438
123181  24.694  44.501  31.955 0.3090909123
123182  25.133  44.857  31.783 0.2181818187
123183  25.428  45.162  31.398 0.2181818187
123184  25.467  44.410  31.693 0.2727272809
123185  25.819  44.081  31.639 0.2545454502
123186  26.138  43.680  31.452 0.2363636345
123188  26.100  42.806  31.632 0.2545454502
129290  30.886  25.790  42.828 0.2727272809
132843  30.033  31.412  36.186 0.2545454502
132844  29.766  31.610  35.698 0.2545454502
132845  29.538  31.864  35.161 0.2545454502
132847  29.594  31.837  34.685 0.2363636345
132848  29.263  31.963  34.556 0.2363636345
139639  29.620  30.728  37.069 0.4000000060
139640  29.969  30.658  37.206 0.3636363745
139641  30.318  30.533  37.318 0.3090909123
139644  30.560  29.656  38.512 0.3272727132
139645  31.329  29.471  39.067 0.2909090817
139646  30.945  29.609  38.622 0.3090909123
139647  30.565  29.870  38.261 0.3272727132
139648  30.601  30.042  38.000 0.2909090817
139649  30.643  30.239  37.701 0.2909090817
139650  30.689  30.438  37.388 0.2909090817
139651  31.103  30.290  37.434 0.2363636345
149775  21.809  47.811  32.316 0.3272727132
149779  23.156  45.292  31.982 0.3454545438
149780  22.738  45.778  32.194 0.3454545438
149781  22.277  46.157  32.281 0.3818181753
149782  22.348  46.865  32.385 0.3090909123
149783  22.316  47.590  32.365 0.3090909123
149784  22.173  48.268  32.007 0.3272727132
149785  22.475  48.713  31.569 0.3090909123
149786  22.740  49.196  31.065 0.3090909123
149787  22.933  49.737  30.462 0.2363636345
149788  23.793  48.615  31.103 0.2545454502
149789  23.441  49.399  30.549 0.2545454502
149790  23.011  50.225  29.872 0.2181818187
149791  23.032  50.739  29.196 0.2181818187
458  18.213  36.848  43.099 0.3090909123
1006  18.547  40.857  38.934 0.4545454681
2030  15.797  46.390  37.009 0.2727272809
4447  19.742  31.924  45.991 0.2181818187
4448  17.886  34.451  45.198 0.2363636345
4450  16.433  37.107  44.571 0.2181818187
4452  16.612  39.033  42.126 0.2363636345
4453  17.844  42.283  36.284 0.4363636374
4454  16.886  43.673  38.266 0.2909090817
4455  17.526  45.678  35.831 0.2909090817
4456  15.791  47.131  33.608 0.2363636345
6416  18.840  39.083  41.469 0.2727272809
8662  16.852  41.337  40.370 0.2727272809
8663  15.102  44.088  39.324 0.2181818187
12127  18.588  34.212  44.405 0.2909090817
12128  18.001  35.558  44.100 0.2727272809
12130  17.374  36.970  43.709 0.2363636345
12131  16.470  37.991  43.271 0.2363636345
12132  17.590  38.098  42.717 0.2727272809
12134  17.612  43.886  36.059 0.3636363745
19112  13.417  42.700  40.319 0.2181818187
19113  18.885  40.052  40.308 0.3272727132
19114  17.959  40.273  40.914 0.2727272809
19115  17.908  41.285  39.890 0.3272727132
19116  16.430  45.249  37.829 0.3090909123
19117  16.122  43.987  38.946 0.2727272809
19118  15.496  45.369  38.326 0.2545454502
19122  14.707  47.011  35.866 0.2181818187
19123  16.017  47.367  31.982 0.2181818187
19124  14.678  47.801  32.459 0.2181818187
19125  15.044  48.298  30.908 0.2181818187
19126  14.120  49.598  30.134 0.2363636345
19127  15.615  48.805  29.448 0.2363636345
19128  15.730  49.554  28.144 0.2181818187
26435  18.756  33.232  45.620 0.2545454502
26443  15.360  38.850  42.608 0.2181818187
26445  18.136  41.524  37.678 0.4545454681
26446  17.656  42.090  38.698 0.3818181753
26447  17.451  42.964  37.374 0.4000000060
26448  17.166  44.706  37.027 0.3272727132
26449  16.779  46.249  36.415 0.2727272809
26450  15.767  46.861  35.294 0.2363636345
26451  16.821  46.746  34.913 0.2727272809
26452  16.976  47.018  33.236 0.2727272809
26453  17.455  47.332  31.859 0.2545454502
30326  18.548  38.011  42.299 0.3090909123
30327  19.447  37.717  41.758 0.3454545438
30328  19.539  38.677  40.627 0.3454545438
30329  19.314  39.503  39.302 0.3818181753
30332  18.866  40.186  37.920 0.5272727013
36214  20.675  30.582  46.221 0.2545454502
36238  17.776  39.187  41.803 0.2727272809
36239  16.710  40.158  41.202 0.2181818187
36240  15.592  41.275  40.550 0.2545454502
36241  16.913  42.507  39.393 0.3272727132
36242  15.890  42.679  39.764 0.2909090817
36243  14.632  42.632  39.993 0.2181818187
36250  14.607  47.405  34.152 0.2363636345
42846  18.510  36.175  43.215 0.3272727132
42847  18.369  35.544  43.698 0.2909090817
42848  18.071  36.203  43.537 0.2727272809
42849  17.683  36.226  43.933 0.2545454502
42850  17.780  36.904  43.354 0.2727272809
42851  17.453  37.504  43.201 0.2363636345
42852  17.909  37.499  42.925 0.2727272809
49833  18.738  40.500  39.615 0.3454545438
49834  18.419  40.711  40.104 0.3090909123
49835  18.338  41.101  39.471 0.4181818068
49836  16.169  45.894  37.466 0.3090909123
49837  15.985  45.323  38.093 0.2727272809
49838  15.665  45.897  37.702 0.2909090817
49839  15.145  45.904  37.934 0.2181818187
49840  15.259  46.349  37.208 0.2545454502
49843  16.251  47.606  31.284 0.2363636345
49844  15.519  47.769  31.438 0.2181818187
49845  15.788  48.023  30.690 0.2545454502
49846  15.329  48.546  30.109 0.2363636345
59414  18.240  34.316  44.825 0.2727272809
59415  18.626  33.704  45.004 0.2727272809
59416  18.284  33.830  45.414 0.2545454502
59417  18.418  33.356  46.053 0.2545454502
59418  17.977  33.932  45.850 0.2363636345
59420  17.597  34.576  45.700 0.2363636345
59421  16.900  36.463  44.768 0.2181818187
59423  16.463  36.563  45.187 0.2181818187
59428  16.555  38.491  42.699 0.2545454502
59429  15.896  38.468  42.990 0.2545454502
59431  15.406  39.367  41.942 0.2181818187
59432  16.026  39.518  41.741 0.2181818187
59433  17.936  41.862  36.986 0.4909090996
59434  17.740  42.205  37.505 0.4363636374
59435  17.632  42.588  36.860 0.4363636374
59436  17.564  44.789  35.926 0.3636363745
59437  17.370  44.281  36.567 0.3636363745
59438  17.348  45.216  36.403 0.3272727132
59439  16.977  45.501  36.797 0.3272727132
59440  17.177  45.991  36.162 0.2909090817
59441  16.802  46.541  35.649 0.2727272809
59442  17.224  46.358  35.489 0.2727272809
59444  17.420  46.873  33.909 0.3090909123
59446  17.166  47.172  32.521 0.2545454502
66626  19.260  37.209  42.122 0.3636363745
66629  19.787  37.835  40.700 0.3636363745
66630  19.738  38.318  40.099 0.3818181753
66631  19.461  39.097  39.975 0.3818181753
66632  19.586  38.761  39.455 0.4181818068
80316  20.163  31.296  46.105 0.2545454502
80373  18.700  38.586  41.895 0.2909090817
80374  18.195  38.617  42.139 0.2727272809
80375  18.347  39.183  41.672 0.2727272809
80376  17.410  40.793  40.652 0.2909090817
80377  17.351  40.245  41.078 0.2545454502
80378  16.787  40.757  40.815 0.2545454502
80380  16.221  41.358  40.463 0.2545454502
80381  17.241  42.884  38.482 0.3454545438
80382  17.336  42.363  39.098 0.3636363745
80383  16.902  43.090  38.875 0.3636363745
80384  15.648  44.091  39.142 0.2727272809
80385  16.015  43.356  39.380 0.3090909123
80386  15.473  43.406  39.538 0.2727272809
80387  15.272  42.718  39.860 0.2545454502
80388  14.885  43.394  39.677 0.2181818187
80390  14.574  44.059  39.492 0.2181818187
80403  15.776  47.022  34.424 0.2363636345
80404  15.231  47.090  34.680 0.2363636345
80405  15.206  47.250  33.854 0.2363636345
80413  14.247  49.851  29.400 0.2181818187
80419  14.451  50.532  27.953 0.2181818187
80420  16.526  49.266  27.988 0.2181818187
80427  18.821  48.184  30.105 0.2909090817
80429  19.294  49.011  28.941 0.2363636345
95554  18.705  34.822  43.895 0.3272727132
95555  18.268  34.907  44.244 0.2909090817
95556  17.934  34.984  44.631 0.2363636345
95557  17.601  35.084  45.047 0.2363636345
95558  17.610  35.638  44.468 0.2727272809
95559  17.303  36.319  44.337 0.2363636345
95560  16.909  36.968  44.158 0.2181818187
95562  16.950  37.487  43.523 0.2727272809
95563  17.022  38.007  42.980 0.2545454502
95564  17.163  38.608  42.451 0.2181818187
95566  17.622  43.043  36.171 0.3818181753
95568  17.810  44.430  35.376 0.3272727132
95569  17.784  45.336  35.304 0.2909090817
95570  17.604  46.119  35.160 0.2727272809
108094  19.434  32.170  46.416 0.2363636345
108095  19.995  31.484  46.623 0.2181818187
108129  18.889  39.585  40.926 0.3090909123
108130  18.450  39.715  41.221 0.2545454502
108131  18.473  40.241  40.675 0.2727272809
108132  17.996  40.776  40.448 0.3090909123
108133  17.441  41.336  40.169 0.3090909123
108134  16.573  44.480  38.073 0.2909090817
108135  16.532  43.858  38.664 0.3090909123
108136  16.249  44.621  38.416 0.2909090817
108137  15.796  44.734  38.661 0.2545454502
108138  15.319  44.774  38.848 0.2363636345
108147  15.853  47.224  32.770 0.2363636345
108148  15.253  47.414  33.034 0.2363636345
108150  14.804  48.029  31.661 0.2363636345
108153  14.584  48.919  30.470 0.2181818187
108154  14.824  49.168  29.765 0.2363636345
108155  15.001  49.444  28.993 0.2363636345
108156  15.056  49.813  28.344 0.2363636345
108157  15.689  49.163  28.806 0.2363636345
108158  16.415  48.924  28.661 0.2363636345
123114  19.499  32.383  45.347 0.2727272809
123116  19.089  33.036  45.187 0.2727272809
123117  19.288  32.574  45.796 0.2545454502
123135  15.881  37.991  43.657 0.2181818187
123136  15.330  38.382  43.328 0.2545454502
123137  14.789  38.824  42.979 0.2181818187
123141  18.347  41.179  38.312 0.4727272689
123142  18.141  41.453  38.819 0.4363636374
123143  17.879  41.806  38.130 0.4363636374
123144  17.521  42.524  38.023 0.3818181753
123145  17.207  43.321  37.850 0.3636363745
123146  17.439  43.369  36.754 0.3636363745
123147  17.224  43.769  37.222 0.3636363745
123148  17.024  44.190  37.657 0.3454545438
123149  16.816  45.009  37.467 0.2909090817
123150  16.651  45.811  37.187 0.3090909123
123151  16.313  46.351  36.723 0.2727272809
123152  15.777  46.643  36.160 0.2363636345
123153  16.295  46.618  35.888 0.2363636345
123154  16.315  46.825  35.067 0.2727272809
123155  16.361  46.945  34.244 0.2545454502
123156  17.297  46.641  34.709 0.2909090817
123157  16.861  46.877  34.076 0.2727272809
123158  16.370  47.030  33.399 0.2545454502
123159  16.508  47.141  32.595 0.2909090817
123160  16.735  47.324  31.893 0.2727272809
123161  17.074  47.584  31.174 0.2363636345
123164  18.275  47.633  31.198 0.2363636345
123165  18.940  47.738  31.381 0.2727272809
123167  19.233  47.613  32.079 0.2727272809
123170  20.615  48.029  31.965 0.3454545438
132775  18.669  36.789  42.799 0.3272727132
132776  18.416  37.469  42.688 0.2909090817
132777  18.830  37.336  42.433 0.3818181753
132778  19.005  37.905  42.079 0.3090909123
132779  19.168  38.447  41.676 0.2909090817
132781  19.527  38.204  41.271 0.3454545438
132782  19.247  38.935  41.158 0.3272727132
132783  19.217  39.389  40.497 0.3454545438
132784  19.090  39.837  39.813 0.3454545438
132785  18.959  40.197  39.084 0.3636363745
132792  19.356  39.217  38.763 0.4545454681
132793  19.074  39.884  38.573 0.4363636374
132794  18.761  40.528  38.444 0.4909090996
132795  18.522  40.848  37.805 0.4909090996
132796  18.268  41.164  37.133 0.4909090996
149686  18.068  38.102  42.493 0.3090909123
149687  17.701  38.675  42.243 0.2545454502
149688  17.209  39.135  41.941 0.2545454502
149689  17.894  39.752  41.359 0.2545454502
149690  17.257  39.681  41.504 0.2545454502
149691  16.654  39.592  41.618 0.2545454502
149694  14.942  41.230  40.542 0.2363636345
149695  17.812  41.702  39.288 0.3636363745
149696  17.405  41.871  39.645 0.3454545438
149697  16.896  41.955  39.879 0.3272727132
149698  16.500  43.251  39.181 0.3090909123
149699  16.432  42.612  39.614 0.3090909123
149700  16.330  41.934  40.065 0.2909090817
149701  15.742  42.022  40.135 0.2181818187
149702  15.104  41.961  40.210 0.2545454502
149703  14.472  41.843  40.262 0.2363636345
149723  14.674  47.207  35.013 0.2181818187
149725  14.606  47.586  33.296 0.2181818187
149751  17.881  48.784  28.608 0.2181818187
149752  19.060  48.514  29.506 0.2727272809
149753  18.603  48.855  28.725 0.2363636345
4470  27.410  34.232  28.911 0.2181818187
6427  29.478  31.948  33.207 0.2363636345
12149  27.816  33.125  29.525 0.2181818187
19161  26.872  35.023  30.466 0.2727272809
26472  28.236  32.511  31.758 0.2545454502
26473  27.559  33.036  31.758 0.3454545438
26474  27.724  33.111  30.700 0.2363636345
26475  27.266  34.055  30.019 0.2181818187
26476  27.202  35.403  29.617 0.2181818187
30352  29.299  31.956  34.096 0.2727272809
30353  28.761  32.194  32.924 0.2545454502
30354  28.932  32.074  31.841 0.2181818187
49882  26.643  35.525  30.721 0.2909090817
49883  26.710  36.253  30.690 0.2727272809
49884  26.517  36.736  31.007 0.2727272809
49885  26.850  36.983  30.741 0.2363636345
59478  28.335  32.472  31.200 0.2363636345
59479  27.993  32.757  31.230 0.2545454502
59481  27.586  33.632  29.167 0.2181818187
59482  27.555  33.578  29.748 0.2181818187
59483  27.352  34.132  29.481 0.2181818187
59484  27.164  34.659  29.771 0.2363636345
59485  27.282  34.819  29.286 0.2181818187
66682  29.673  31.849  34.235 0.2363636345
66683  29.345  31.967  33.701 0.2545454502
66684  29.050  32.029  33.515 0.2909090817
66685  29.101  32.017  33.068 0.2363636345
66686  28.848  32.141  32.439 0.2181818187
95593  28.091  32.690  30.004 0.2181818187
95597  27.389  34.258  28.275 0.2181818187
108223  26.432  37.847  31.492 0.2181818187
108224  26.534  38.539  31.523 0.2181818187
108227  27.504  38.622  30.467 0.2181818187
123204  28.163  32.508  32.256 0.2545454502
123205  27.848  32.708  32.218 0.3454545438
123206  27.884  32.739  31.747 0.2909090817
123207  27.624  33.085  31.246 0.2909090817
123208  27.379  33.499  30.853 0.2363636345
123209  27.800  33.122  30.142 0.2181818187
123210  27.518  33.551  30.338 0.2363636345
123211  27.165  33.984  30.514 0.2545454502
123212  27.058  34.536  30.216 0.2363636345
123213  27.056  35.232  30.045 0.2181818187
132851  28.442  32.337  32.816 0.3272727132
132852  28.490  32.352  32.351 0.2363636345
132853  28.579  32.293  31.786 0.2181818187
132854  28.650  32.211  31.171 0.2363636345
132855  29.317  31.899  31.910 0.2181818187
132856  29.005  31.986  31.178 0.2363636345
149857  27.542  32.956  32.194 0.3454545438
149886  27.501  38.738  29.822 0.2181818187
95  20.812  31.779  35.127 0.8000000119
217  27.089  24.047  39.645 0.4545454681
218  27.536  31.025  35.767 0.4727272689
459  18.580  44.346  33.781 0.4000000060
460  24.590  39.453  31.872 0.4909090996
698  29.814  25.494  41.661 0.3272727132
1003  21.332  28.434  39.948 0.5272727013
1004  20.422  30.754  43.985 0.4000000060
1005  19.811  34.674  39.618 0.5272727013
1007  19.812  38.279  34.569 0.6545454264
1008  21.477  42.176  31.433 0.5272727013
1009  22.006  35.783  32.233 0.6727272868
1011  28.130  32.489  32.724 0.3454545438
1541  23.372  26.476  35.862 0.6727272868
1542  24.046  30.240  33.513 0.7454545498
1543  27.184  27.110  36.684 0.5818181634
1544  30.119  28.632  39.067 0.3272727132
2031  16.600  47.861  30.576 0.2363636345
2035  25.148  33.963  32.361 0.6000000238
2923  20.809  29.908  37.252 0.6727272868
2924  20.111  31.303  39.549 0.6181818247
2925  20.130  33.079  37.272 0.7090908885
2926  19.964  36.351  37.229 0.5818181634
2927  20.463  34.990  35.055 0.6727272868
2928  20.742  36.977  33.171 0.6909090877
2929  21.371  33.869  33.497 0.7090908885
3525  25.154  23.547  39.542 0.3636363745
3526  23.751  25.334  38.445 0.5272727013
3527  25.414  25.061  37.393 0.5454545617
3528  25.477  26.398  35.778 0.6545454264
3529  27.141  25.465  37.909 0.5272727013
3531  29.953  27.261  40.261 0.4181818068
3532  31.700  27.941  41.232 0.2909090817
4446  19.182  33.996  43.522 0.3818181753
4457  18.151  47.040  33.151 0.2545454502
4459  20.085  46.754  33.069 0.3272727132
4460  23.005  40.937  31.521 0.5454545617
4461  23.275  44.038  31.809 0.3636363745
4462  24.804  42.382  31.957 0.3636363745
4465  25.902  30.525  34.460 0.6909090877
4466  24.588  32.264  32.864 0.7090908885
4467  26.244  32.281  33.805 0.5090909004
4469  27.043  33.836  30.948 0.2909090817
5862  28.479  24.671  40.618 0.4363636374
6411  22.518  27.246  42.597 0.3818181753
6413  20.846  29.727  42.075 0.4909090996
6414  19.681  32.717  41.641 0.5090909004
6415  19.658  36.215  41.584 0.4545454681
6417  19.775  38.018  39.572 0.4545454681
6418  19.112  39.595  36.798 0.5818181634
6419  18.803  41.156  33.756 0.5818181634
6420  19.940  43.521  32.099 0.4909090996
6421  20.057  40.223  32.423 0.6363636255
6422  21.662  38.942  31.663 0.6545454264
6423  23.037  37.638  31.663 0.6363636255
6424  28.987  31.040  36.573 0.4363636374
6425  27.910  32.566  34.732 0.4181818068
7431  22.940  26.330  40.575 0.4181818068
7432  21.967  27.298  37.606 0.6000000238
7433  21.799  28.856  35.290 0.7272727489
7434  22.068  30.713  33.790 0.7636363506
7435  23.594  28.156  34.583 0.7636363506
7436  25.606  28.472  35.078 0.7090908885
7437  27.225  29.144  36.383 0.6000000238
7438  28.593  26.244  39.062 0.4909090996
7439  28.622  27.956  38.034 0.4363636374
7440  28.765  29.731  37.395 0.4909090996
8671  21.830  45.699  32.214 0.4181818068
8677  22.802  32.835  32.695 0.6727272868
8678  23.525  34.695  32.140 0.6363636255
8679  24.343  36.498  31.846 0.5454545617
8680  26.772  33.332  32.611 0.4000000060
8681  25.915  35.438  31.533 0.4545454681
8682  26.091  38.189  31.740 0.2545454502
10603  20.757  30.833  36.137 0.7090908885
10604  20.389  31.469  37.281 0.7090908885
10605  20.342  32.405  36.161 0.7636363506
10606  20.109  34.017  36.147 0.7090908885
10607  20.504  33.333  35.053 0.7636363506
10608  20.837  34.404  34.202 0.7090908885
10609  20.982  32.816  34.236 0.7636363506
11205  26.169  23.723  39.514 0.4000000060
11206  25.450  24.423  38.488 0.4727272689
11207  26.349  24.603  38.504 0.4727272689
11208  26.321  25.191  37.524 0.5636363626
11209  27.108  24.815  38.774 0.5090909004
12126  18.768  35.451  43.368 0.3272727132
12133  18.016  43.264  34.884 0.4363636374
12135  18.040  44.941  34.791 0.3272727132
12136  17.707  46.462  34.465 0.3090909123
12137  18.574  46.080  33.968 0.2909090817
12138  19.124  47.051  33.250 0.3090909123
12139  19.284  45.668  33.384 0.3454545438
12140  23.854  40.118  31.679 0.5272727013
12141  23.823  41.645  31.702 0.4545454681
12142  24.717  40.986  31.974 0.4727272689
12143  25.661  41.699  32.022 0.2909090817
12144  25.574  40.300  32.204 0.3272727132
12145  26.706  30.747  35.151 0.6363636255
12146  26.061  31.458  34.153 0.6545454264
12147  26.869  31.692  34.715 0.5454545617
14523  21.941  27.902  41.311 0.4545454681
14524  21.756  28.491  42.362 0.4909090996
14525  21.098  29.072  41.013 0.5090909004
14526  19.851  32.965  39.520 0.5636363626
14527  19.830  32.044  40.652 0.5818181634
14528  19.688  33.815  40.597 0.5454545617
14529  19.598  34.487  41.539 0.4545454681
14530  19.774  35.530  40.625 0.5090909004
14531  19.855  37.084  40.742 0.4363636374
14532  19.906  36.325  39.698 0.5090909004
14533  19.963  37.351  35.920 0.6545454264
14534  19.762  38.067  37.082 0.5636363626
14535  19.421  38.937  35.662 0.6363636255
14536  18.753  40.323  35.313 0.5818181634
14537  19.239  39.797  34.173 0.6181818247
14538  19.380  40.711  33.033 0.5818181634
14539  19.748  39.233  33.408 0.6727272868
14540  21.316  36.344  32.617 0.6727272868
14541  21.153  37.994  32.360 0.6727272868
14542  21.827  37.302  31.939 0.6909090877
14543  22.402  38.286  31.588 0.6727272868
14544  22.509  36.753  31.805 0.6545454264
14546  29.121  31.705  35.912 0.3272727132
16331  22.967  25.468  41.761 0.3818181753
16332  23.355  25.098  40.815 0.4363636374
16333  23.478  25.829  37.037 0.5818181634
16334  22.851  26.289  37.953 0.5636363626
16335  22.562  26.791  36.640 0.6727272868
16336  21.741  27.962  36.337 0.6363636255
16337  22.511  27.570  35.541 0.7090908885
16338  22.605  28.408  34.830 0.7454545498
16339  23.399  27.219  35.143 0.7272727489
16340  26.376  26.718  36.119 0.6363636255
16341  25.553  27.345  35.350 0.7090908885
16342  26.458  27.690  35.847 0.6545454264
16343  26.452  28.802  35.703 0.6545454264
16344  27.202  28.111  36.520 0.5818181634
16345  29.117  25.026  41.090 0.4181818068
16346  28.513  25.461  39.776 0.4363636374
16347  29.182  25.895  40.339 0.4000000060
16348  30.062  27.977  39.599 0.4181818068
16349  29.262  27.583  39.001 0.4363636374
16350  29.343  28.393  38.549 0.4000000060
16351  28.653  28.863  37.682 0.4181818068
16352  29.402  29.199  38.152 0.3818181753
16353  29.546  29.897  37.709 0.3818181753
16354  30.182  29.341  38.556 0.3636363745
19091  21.185  29.402  44.280 0.3090909123
19129  17.009  48.421  29.243 0.2363636345
19135  20.728  42.870  31.585 0.4909090996
19136  20.859  44.688  32.060 0.4727272689
19137  21.675  43.900  31.642 0.4727272689
19150  22.989  30.356  33.502 0.7818182111
19151  22.396  31.744  33.162 0.7272727489
19152  23.323  31.417  32.940 0.7454545498
19153  24.796  33.152  32.601 0.6181818247
19154  23.961  33.393  32.313 0.6545454264
19155  24.365  34.287  32.101 0.6181818247
19156  23.890  35.548  31.954 0.5818181634
19157  24.710  35.195  31.988 0.5636363626
19158  28.017  32.588  33.701 0.3454545438
19159  27.296  32.854  33.640 0.4000000060
19160  27.447  32.901  32.645 0.3818181753
19162  26.476  34.664  31.221 0.3454545438
19163  26.434  36.029  30.956 0.3090909123
19164  25.916  36.821  31.479 0.4000000060
23691  20.965  29.078  38.618 0.5636363626
23692  20.631  29.794  39.665 0.5636363626
23693  20.428  30.557  38.432 0.6181818247
23694  20.094  32.173  38.390 0.6363636255
23695  19.947  33.854  38.417 0.6545454264
23696  19.891  35.443  38.454 0.6181818247
23697  19.976  34.696  37.235 0.6727272868
23698  20.118  35.616  36.080 0.6545454264
23699  20.274  36.589  34.881 0.6545454264
23700  20.214  37.608  33.807 0.6727272868
23701  20.633  35.986  34.147 0.7272727489
23702  21.057  35.441  33.381 0.6727272868
23703  21.687  34.874  32.856 0.7090908885
24776  23.771  24.713  39.776 0.4363636374
24777  24.532  24.459  38.993 0.4545454681
24778  24.490  25.086  37.728 0.5090909004
24779  24.393  25.670  36.479 0.6181818247
24780  24.401  26.346  35.672 0.6545454264
24781  25.365  25.609  36.479 0.6181818247
24782  26.351  25.859  36.712 0.6000000238
24783  27.184  26.198  37.172 0.5636363626
24784  30.535  26.103  42.243 0.2727272809
24785  29.853  26.412  41.003 0.3272727132
24786  30.626  26.915  41.623 0.3272727132
24787  30.779  27.632  40.849 0.3090909123
24788  30.921  28.257  40.072 0.3272727132
24789  30.970  28.883  39.497 0.2909090817
24790  31.807  28.432  40.490 0.2545454502
26432  19.712  32.286  43.842 0.4000000060
26433  20.160  31.433  45.027 0.3272727132
26434  19.304  32.830  44.740 0.3454545438
26454  17.904  47.837  30.574 0.2727272809
26455  18.627  47.503  31.900 0.2363636345
26456  19.764  47.705  32.265 0.2909090817
26457  20.933  47.632  32.478 0.3454545438
26458  22.156  41.563  31.458 0.6000000238
26459  22.339  43.113  31.555 0.4545454681
26460  23.033  42.397  31.604 0.4545454681
26461  23.954  43.201  31.887 0.3818181753
26467  25.021  30.303  33.915 0.7090908885
26468  24.352  31.300  33.110 0.7454545498
26469  25.260  31.279  33.558 0.7090908885
26470  25.453  32.214  33.368 0.6000000238
26471  25.630  33.005  33.007 0.5636363626
29034  27.800  24.302  40.096 0.4363636374
29035  28.342  23.789  41.381 0.3272727132
29036  29.039  24.079  41.772 0.3272727132
29037  29.744  24.490  42.327 0.2727272809
29039  30.268  24.020  43.506 0.2181818187
29040  30.459  25.045  42.877 0.2727272809
30315  22.312  26.283  43.584 0.3636363745
30318  21.384  29.045  43.354 0.3818181753
30319  20.651  30.207  43.138 0.4000000060
30320  20.340  30.465  40.760 0.5818181634
30321  20.109  31.070  41.828 0.4363636374
30322  19.920  31.715  42.765 0.3818181753
30323  19.555  33.394  42.618 0.4181818068
30324  19.351  35.048  42.535 0.4181818068
30325  19.082  36.646  42.491 0.4000000060
30330  19.893  37.161  38.476 0.4727272689
30331  19.461  38.843  38.263 0.4727272689
30333  18.405  40.892  36.493 0.5090909004
30334  18.231  41.699  35.019 0.4909090996
30335  18.574  42.685  33.632 0.4909090996
30336  19.182  43.994  32.836 0.4545454681
30337  19.175  42.240  32.688 0.5090909004
30338  19.890  41.726  32.032 0.5818181634
30339  20.606  41.202  31.745 0.6000000238
30340  20.431  38.648  32.778 0.7090908885
30341  20.818  39.687  31.959 0.6727272868
30342  21.407  40.641  31.545 0.6545454264
30343  22.278  39.998  31.452 0.6363636255
30344  23.091  39.227  31.513 0.6181818247
30345  23.718  38.506  31.627 0.5636363626
30346  28.364  31.071  36.231 0.4545454681
30347  27.722  31.969  35.426 0.4363636374
30348  28.527  31.901  35.751 0.3818181753
30349  28.586  32.217  34.897 0.2909090817
30350  28.678  32.281  33.888 0.2909090817
32781  22.633  25.916  42.614 0.3636363745
32782  22.785  26.730  41.604 0.4181818068
32783  22.156  27.359  40.248 0.4727272689
32784  23.233  25.795  39.464 0.4727272689
32785  22.430  26.771  39.093 0.5272727013
32786  21.595  27.831  38.786 0.5636363626
32787  21.317  28.522  37.382 0.6363636255
32788  21.203  29.394  36.212 0.7272727489
32789  21.205  30.277  35.154 0.7818182111
32790  21.305  31.177  34.370 0.7818182111
32791  21.856  29.783  34.527 0.8181818128
32792  22.761  29.359  34.125 0.7636363506
32793  23.820  29.217  34.043 0.7636363506
32794  24.505  27.188  35.070 0.7272727489
32795  24.629  28.170  34.707 0.7454545498
32796  24.843  29.293  34.320 0.7272727489
32797  25.749  29.578  34.809 0.6909090877
32798  26.610  29.804  35.465 0.6727272868
32799  27.346  30.051  36.077 0.5636363626
32800  27.895  25.056  39.313 0.4545454681
32801  27.936  25.798  38.461 0.5272727013
32802  27.934  26.645  37.806 0.5272727013
32803  29.248  26.711  39.597 0.4181818068
32804  28.594  27.123  38.472 0.4545454681
32805  27.919  27.554  37.340 0.5272727013
32806  27.891  28.501  37.169 0.4727272689
32807  27.959  29.404  36.921 0.4727272689
32808  28.133  30.270  36.613 0.5272727013
32809  28.907  30.458  37.022 0.4727272689
32810  29.599  30.470  37.340 0.4181818068
36259  18.367  48.394  29.303 0.2727272809
36265  20.019  45.245  32.617 0.4363636374
36266  21.009  46.373  32.615 0.3818181753
36268  22.624  44.868  31.891 0.3636363745
36283  21.619  32.205  33.600 0.7454545498
36284  22.007  33.300  32.931 0.7454545498
36285  22.384  34.272  32.474 0.6909090877
36286  23.714  32.464  32.635 0.7090908885
36287  23.173  33.841  32.342 0.6727272868
36288  22.748  35.173  32.073 0.6545454264
36289  23.149  36.069  31.903 0.6181818247
36290  23.624  36.961  31.768 0.6000000238
36291  24.327  37.875  31.841 0.4909090996
36292  27.074  32.519  34.335 0.4545454681
36293  26.488  32.941  33.307 0.4545454681
36294  25.985  33.657  32.561 0.5090909004
36295  26.919  33.634  31.759 0.3636363745
36296  26.252  34.236  31.954 0.4000000060
36297  25.553  34.811  32.096 0.5454545617
36298  25.244  36.087  31.782 0.4727272689
36299  25.197  37.426  31.861 0.4181818068
36300  25.376  38.809  32.068 0.3818181753
36301  26.396  39.583  31.900 0.2181818187
41323  20.765  31.291  35.624 0.7818182111
41324  20.523  31.609  36.081 0.7272727489
41325  20.550  32.107  35.634 0.7636363506
41326  20.401  32.876  35.595 0.7636363506
41327  20.618  32.541  35.117 0.8181818128
41328  20.719  33.038  34.640 0.7636363506
41329  20.884  32.277  34.648 0.7818182111
41925  26.652  23.825  39.579 0.4000000060
41926  26.308  24.167  39.007 0.4545454681
41927  26.739  24.302  39.077 0.4363636374
41928  26.743  24.687  38.629 0.4909090996
41929  27.110  24.443  39.219 0.4545454681
42853  18.275  43.767  34.248 0.4181818068
42854  18.012  44.087  34.817 0.3818181753
42855  18.268  44.598  34.267 0.3818181753
42856  18.289  45.532  34.362 0.3272727132
42857  18.608  45.234  33.914 0.3272727132
42858  18.927  45.853  33.714 0.3272727132
42859  18.888  45.036  33.517 0.3818181753
42860  24.241  39.802  31.772 0.5454545617
42861  24.283  40.588  31.862 0.4909090996
42862  24.709  40.265  31.934 0.4545454681
42863  25.160  40.654  32.075 0.4363636374
42864  25.071  39.883  32.007 0.4363636374
42865  27.109  30.881  35.465 0.5818181634
42866  26.790  31.231  34.934 0.6181818247
42867  27.169  31.358  35.242 0.5090909004
45243  21.638  28.150  40.595 0.4909090996
45244  21.484  28.466  41.117 0.4909090996
45245  21.178  28.775  40.454 0.5636363626
45246  19.787  33.814  39.556 0.5454545617
45247  19.745  33.348  40.110 0.5454545617
45248  19.759  34.235  40.124 0.5454545617
45249  19.719  34.668  40.599 0.5454545617
45250  19.814  35.076  40.147 0.5090909004
45251  19.868  35.918  40.187 0.4909090996
45252  19.867  35.502  39.671 0.5454545617
45253  19.871  37.809  35.267 0.6545454264
45254  19.723  38.179  35.775 0.6545454264
45255  19.574  38.648  35.086 0.6727272868
45256  19.290  39.362  34.893 0.6363636255
45257  19.506  39.067  34.382 0.6363636255
45258  19.467  39.522  33.790 0.6363636255
45259  19.735  38.754  33.970 0.6363636255
45260  21.687  36.038  32.444 0.6909090877
45261  21.545  36.787  32.267 0.6727272868
45262  21.899  36.520  32.116 0.6727272868
45263  22.152  36.996  31.831 0.7090908885
45264  22.245  36.268  31.971 0.6727272868
47051  23.150  24.647  41.201 0.4181818068
47052  23.415  24.464  40.727 0.4181818068
47053  23.397  26.135  36.396 0.6181818247
47054  23.008  26.283  36.810 0.6181818247
47055  22.952  26.620  36.233 0.6363636255
47056  22.518  27.163  36.092 0.6909090877
47057  22.917  26.998  35.693 0.7090908885
47058  22.939  27.368  35.310 0.7090908885
47059  23.385  26.815  35.490 0.7272727489
47060  26.830  26.837  36.407 0.6000000238
47061  26.452  27.163  35.985 0.6727272868
47062  26.831  27.378  36.254 0.6000000238
47063  26.817  27.893  36.179 0.6363636255
47064  27.225  27.595  36.581 0.5818181634
47065  29.465  25.277  41.320 0.3454545438
47066  29.152  25.462  40.712 0.3818181753
47067  29.498  25.725  40.955 0.3818181753
47068  30.097  28.317  39.327 0.3636363745
47069  29.726  28.159  39.054 0.3818181753
47070  29.727  28.531  38.827 0.3636363745
47071  29.371  28.793  38.343 0.3454545438
47072  29.752  28.936  38.618 0.3454545438
47073  29.797  29.324  38.398 0.3636363745
47074  30.160  29.008  38.798 0.3090909123
49811  20.821  30.070  44.149 0.3636363745
49812  21.130  29.677  44.704 0.3090909123
49813  20.706  30.348  44.565 0.3272727132
49847  16.098  48.223  29.949 0.2545454502
49848  16.324  48.555  29.326 0.2363636345
49849  16.835  48.109  29.917 0.2545454502
49855  21.126  42.499  31.486 0.5272727013
49856  21.208  43.381  31.568 0.4727272689
49857  21.613  43.008  31.459 0.4909090996
49870  23.556  30.279  33.451 0.7818182111
49871  23.167  30.885  33.200 0.7636363506
49872  23.679  30.817  33.200 0.7454545498
49873  24.958  33.547  32.459 0.6181818247
49874  24.582  33.695  32.297 0.6545454264
49875  24.768  34.117  32.208 0.6000000238
49876  24.530  34.710  32.005 0.6000000238
49877  24.951  34.565  32.148 0.6000000238
49878  28.052  32.531  33.184 0.3636363745
49879  27.743  32.648  33.161 0.3636363745
49880  27.820  32.676  32.672 0.3818181753
54843  20.866  29.468  37.918 0.6000000238
54844  20.667  29.813  38.491 0.6181818247
54845  20.653  30.212  37.873 0.6363636255
54846  20.221  32.251  37.283 0.6909090877
54847  20.193  31.793  37.836 0.6363636255
54848  20.127  32.618  37.811 0.6727272868
54849  19.990  32.993  38.404 0.6181818247
54850  20.033  33.459  37.844 0.7090908885
54851  19.980  34.260  37.852 0.6545454264
54852  20.043  33.870  37.276 0.7090908885
54853  20.265  34.486  35.583 0.6545454264
54854  20.140  34.801  36.132 0.7090908885
54855  20.283  35.293  35.572 0.6727272868
54856  20.264  36.107  35.497 0.6545454264
54857  20.447  35.786  35.021 0.7090908885
54858  20.433  36.249  34.505 0.7272727489
54859  20.592  35.484  34.628 0.7272727489
54860  21.047  34.150  33.820 0.6909090877
54861  20.959  34.942  33.787 0.7090908885
54862  21.218  34.653  33.473 0.7090908885
54863  21.377  35.141  33.128 0.6909090877
54864  21.552  34.399  33.161 0.6909090877
56651  24.406  24.004  39.546 0.4000000060
56652  24.861  23.970  39.219 0.4000000060
56653  25.442  24.781  37.932 0.5090909004
56654  24.994  24.757  38.077 0.4909090996
56655  24.929  25.056  37.493 0.5272727013
56656  24.427  25.352  37.070 0.5454545617
56657  24.915  25.364  36.910 0.5818181634
56658  24.895  25.644  36.424 0.6181818247
56659  25.380  25.306  36.908 0.5818181634
56660  26.729  25.316  37.722 0.5090909004
56661  26.346  25.497  37.074 0.6000000238
56662  26.723  25.678  37.262 0.5818181634
56663  26.761  26.020  36.889 0.5636363626
56664  27.154  25.822  37.515 0.5636363626
56666  30.578  26.523  41.933 0.2727272809
56669  31.121  27.480  41.525 0.3090909123
56670  31.212  27.806  41.051 0.2909090817
56671  30.847  27.943  40.435 0.3272727132
56672  31.315  28.099  40.654 0.3090909123
56673  31.372  28.380  40.291 0.2909090817
56674  31.797  28.184  40.843 0.2909090817
59411  19.436  33.099  43.715 0.3818181753
59412  19.554  32.624  44.275 0.3818181753
59413  19.193  33.342  44.127 0.3818181753
59443  17.868  46.829  33.828 0.2727272809
59445  17.545  47.042  33.155 0.2727272809
59447  17.814  47.197  32.492 0.2909090817
59448  18.027  47.393  31.835 0.2545454502
59449  18.365  47.259  32.498 0.2909090817
59450  19.620  46.963  33.224 0.3272727132
59451  19.449  47.401  32.770 0.3090909123
59452  19.990  47.347  32.822 0.3272727132
59453  20.334  47.730  32.415 0.3454545438
59454  20.549  47.226  32.775 0.3454545438
59455  22.560  41.250  31.505 0.5636363626
59456  22.581  41.985  31.514 0.4909090996
59457  23.008  41.643  31.567 0.5090909004
59458  24.285  42.009  31.807 0.4727272689
59459  23.882  42.420  31.741 0.4363636374
59460  24.293  42.792  31.867 0.4000000060
59461  24.471  43.616  31.962 0.3272727132
59462  24.857  43.191  31.958 0.3090909123
59465  26.100  41.340  32.038 0.2545454502
59470  25.507  30.388  34.171 0.7090908885
59471  25.157  30.794  33.710 0.7272727489
59472  25.556  30.859  33.967 0.7090908885
59473  26.142  31.891  33.984 0.6545454264
59474  25.755  31.833  33.716 0.6363636255
59475  25.825  32.274  33.575 0.6000000238
59476  25.531  32.624  33.186 0.5636363626
59477  25.928  32.635  33.405 0.5272727013
63858  27.995  23.669  41.167 0.3090909123
63861  28.933  23.624  42.108 0.2545454502
63863  29.399  24.295  42.013 0.2909090817
63864  29.657  24.019  42.644 0.2363636345
63870  30.650  24.207  43.795 0.2363636345
63871  30.385  24.531  43.201 0.2545454502
63872  30.825  24.783  43.457 0.2181818187
63873  30.852  25.293  43.118 0.2545454502
66603  22.674  26.845  43.191 0.3818181753
66605  22.334  27.512  43.076 0.3636363745
66606  21.306  29.122  42.213 0.4909090996
66607  21.641  28.754  42.899 0.4545454681
66608  21.140  29.371  42.743 0.4363636374
66609  21.042  29.586  43.277 0.4000000060
66610  20.709  29.985  42.603 0.4363636374
66611  20.351  30.519  39.582 0.5818181634
66612  20.456  30.142  40.221 0.5818181634
66613  20.182  30.885  40.145 0.5818181634
66614  19.709  32.353  41.131 0.5454545617
66615  19.930  31.586  41.228 0.5272727013
66616  19.830  31.843  41.708 0.5272727013
66617  20.015  31.399  42.338 0.4363636374
66618  19.769  32.234  42.194 0.4363636374
66619  19.719  32.554  42.690 0.4000000060
66620  19.622  33.101  42.074 0.4909090996
66621  19.598  35.329  41.515 0.5090909004
66622  19.503  34.827  42.036 0.4909090996
66623  19.489  35.663  42.043 0.4545454681
66624  19.231  35.888  42.505 0.3636363745
66625  19.431  36.554  42.034 0.4363636374
66627  19.611  36.981  41.716 0.4000000060
66628  19.902  37.577  40.233 0.4181818068
66633  19.925  35.913  37.828 0.5454545617
66634  19.916  36.316  38.455 0.5272727013
66635  19.921  36.758  37.816 0.5090909004
66636  19.442  38.885  36.952 0.6000000238
66637  19.602  38.477  37.723 0.5090909004
66638  19.358  39.263  37.593 0.5272727013
66639  19.169  39.584  38.092 0.5090909004
66640  18.971  39.875  37.370 0.5272727013
66641  18.634  40.485  37.218 0.5090909004
66642  18.750  40.238  36.618 0.5090909004
66643  18.698  40.740  34.517 0.5818181634
66644  18.447  40.978  35.141 0.5272727013
66645  18.496  41.427  34.364 0.5454545617
66646  18.329  42.137  34.287 0.4909090996
66647  18.669  41.934  33.613 0.5090909004
66648  18.852  42.483  33.097 0.4909090996
66649  18.936  41.638  33.177 0.5454545617
66650  19.695  40.480  32.684 0.5818181634
66651  19.602  41.219  32.501 0.5272727013
66652  19.956  40.983  32.213 0.5454545617
66653  20.277  41.496  31.810 0.5454545617
66654  20.315  40.705  32.045 0.6363636255
66655  20.465  37.288  33.471 0.6909090877
66656  20.301  38.130  33.276 0.6727272868
66657  20.577  37.818  32.993 0.6909090877
66658  21.399  38.474  31.978 0.6909090877
66659  21.012  38.838  32.163 0.6909090877
66660  21.238  39.342  31.749 0.6727272868
66661  21.081  40.169  31.713 0.6727272868
66662  21.526  39.839  31.569 0.6727272868
66663  21.853  40.326  31.475 0.6363636255
66664  21.947  39.496  31.490 0.6545454264
66665  22.721  37.955  31.609 0.6181818247
66666  22.699  38.752  31.510 0.6363636255
66667  23.043  38.432  31.552 0.6181818247
66668  23.429  38.863  31.580 0.6000000238
66669  23.361  38.058  31.622 0.6000000238
66670  28.701  31.068  36.442 0.4363636374
66671  28.436  31.478  35.996 0.4000000060
66672  28.760  31.438  36.160 0.4000000060
66674  28.857  31.983  35.400 0.3272727132
66675  28.904  32.054  34.918 0.2727272809
66676  28.623  32.254  34.372 0.2909090817
66677  28.959  32.084  34.441 0.2909090817
72028  23.044  25.931  41.198 0.3818181753
72029  22.923  26.170  41.707 0.3818181753
72030  22.826  26.560  41.034 0.4181818068
72031  22.489  27.082  40.930 0.4727272689
72032  22.570  26.853  40.359 0.4545454681
72033  23.792  25.039  39.151 0.4545454681
72034  23.588  25.235  39.674 0.4727272689
72035  23.465  25.528  38.918 0.5272727013
72036  22.381  26.739  37.744 0.5636363626
72037  22.612  26.524  38.460 0.4909090996
72038  22.167  27.032  38.293 0.5454545617
72039  22.009  27.272  38.935 0.5272727013
72040  21.785  27.528  38.191 0.5454545617
72041  21.407  28.156  38.071 0.5636363626
72042  21.611  27.872  37.516 0.6363636255
72043  21.755  28.382  35.812 0.6727272868
72044  21.458  28.655  36.284 0.6727272868
72045  21.467  29.072  35.732 0.7090908885
72046  21.211  29.808  35.703 0.7636363506
72047  21.505  29.554  35.186 0.8000000119
72048  21.533  30.027  34.792 0.8000000119
72049  21.822  29.302  34.895 0.7818182111
72050  23.072  28.275  34.649 0.7272727489
72051  22.668  28.884  34.463 0.7454545498
72052  23.185  28.738  34.356 0.7636363506
72053  23.274  29.258  34.054 0.7636363506
72054  23.689  28.704  34.317 0.7818182111
72055  24.946  26.334  35.674 0.6545454264
72056  24.439  26.757  35.339 0.7272727489
72057  25.018  26.764  35.378 0.7090908885
72058  25.578  27.908  35.202 0.7272727489
72059  25.100  27.793  35.024 0.7272727489
72060  25.149  28.323  34.874 0.7272727489
72061  24.733  28.727  34.527 0.7636363506
72062  25.194  28.857  34.720 0.7636363506
72063  25.282  29.409  34.578 0.7272727489
72064  25.671  29.030  34.957 0.7090908885
72065  26.816  28.977  36.074 0.6181818247
72066  26.532  29.309  35.601 0.6545454264
72067  26.894  29.495  35.951 0.6181818247
72068  26.935  29.951  35.799 0.6181818247
72069  27.266  29.598  36.239 0.5818181634
72070  28.163  24.487  40.414 0.3818181753
72071  27.856  24.693  39.722 0.4181818068
72072  28.182  24.863  39.997 0.4000000060
72073  28.565  25.837  39.418 0.4545454681
72074  28.232  25.609  39.170 0.5090909004
72075  28.273  26.024  38.788 0.4909090996
72076  27.938  26.212  38.125 0.5272727013
72077  28.277  26.423  38.445 0.5272727013
72078  29.900  26.843  40.632 0.3272727132
72079  29.573  26.582  40.254 0.3818181753
72080  29.565  27.004  39.852 0.4181818068
72081  28.970  27.766  38.532 0.4363636374
72082  28.946  27.319  38.747 0.4363636374
72083  28.611  27.534  38.246 0.4545454681
72084  28.241  27.315  37.887 0.4909090996
72085  28.227  27.778  37.714 0.4545454681
72086  27.888  28.024  37.264 0.4909090996
72087  28.262  28.226  37.545 0.4545454681
72088  28.694  29.302  37.527 0.4545454681
72089  28.306  29.139  37.286 0.4363636374
72090  28.353  29.555  37.194 0.4909090996
72091  28.035  29.843  36.789 0.5272727013
72092  28.451  29.963  37.012 0.5090909004
72093  28.558  30.353  36.812 0.4909090996
72094  28.828  30.120  37.211 0.4727272689
72095  29.891  29.945  37.908 0.3272727132
72096  29.594  30.180  37.501 0.4181818068
72100  31.375  28.944  39.657 0.2727272809
72101  30.942  29.183  39.212 0.3454545438
80314  19.930  31.708  45.490 0.2909090817
80315  20.413  31.030  45.595 0.2727272809
80425  18.552  47.895  30.661 0.2727272809
80426  18.141  48.107  29.969 0.2545454502
80440  19.534  43.791  32.420 0.4909090996
80441  19.554  44.711  32.664 0.4545454681
80442  19.940  44.379  32.313 0.4727272689
80443  21.347  45.201  32.128 0.4545454681
80444  20.929  45.532  32.396 0.4181818068
80445  21.441  46.055  32.473 0.4363636374
80446  21.454  46.744  32.566 0.3636363745
80447  21.901  46.480  32.437 0.4181818068
80448  22.780  43.550  31.642 0.4181818068
80449  22.475  43.954  31.668 0.4181818068
80450  22.967  44.421  31.800 0.3636363745
80485  21.667  30.946  34.030 0.7818182111
80486  21.413  31.667  34.024 0.7636363506
80487  21.784  31.447  33.643 0.7636363506
80488  22.592  32.284  32.920 0.7454545498
80489  22.168  32.519  33.047 0.7636363506
80490  22.378  33.050  32.811 0.6909090877
80491  22.217  33.810  32.721 0.6909090877
80492  22.597  33.537  32.596 0.7090908885
80493  24.487  31.777  32.968 0.7090908885
80494  24.017  31.881  32.858 0.7272727489
80495  24.121  32.355  32.698 0.7090908885
80496  23.748  34.046  32.199 0.6545454264
80497  23.560  33.622  32.326 0.6545454264
80498  23.335  34.280  32.231 0.6363636255
80499  22.952  34.494  32.223 0.6727272868
80500  23.129  34.937  32.123 0.6363636255
80501  22.928  35.636  31.957 0.6181818247
80502  23.320  35.348  32.064 0.6181818247
80503  24.087  36.012  31.882 0.5454545617
80504  23.715  36.237  31.855 0.6000000238
80505  23.933  36.701  31.815 0.5454545617
80506  23.928  37.408  31.754 0.5454545617
80507  24.296  37.181  31.852 0.5090909004
80508  27.832  32.349  35.155 0.4000000060
80509  27.412  32.297  34.903 0.4363636374
80510  27.504  32.618  34.585 0.4545454681
80511  27.012  33.069  33.069 0.3818181753
80512  26.916  32.978  33.519 0.4181818068
80513  26.644  33.147  32.987 0.4363636374
80514  26.213  33.254  32.908 0.4727272689
80515  26.398  33.471  32.597 0.4363636374
80516  27.300  33.427  31.307 0.3090909123
80517  27.260  33.341  31.734 0.3454545438
80518  26.977  33.727  31.352 0.3090909123
80519  26.234  35.067  31.382 0.3636363745
80520  26.363  34.480  31.566 0.3636363745
80521  26.022  34.772  31.738 0.4181818068
80522  25.885  34.482  32.025 0.5090909004
80523  25.703  35.127  31.821 0.4363636374
80524  25.362  35.433  31.868 0.4727272689
80525  25.609  35.799  31.651 0.4545454681
80526  26.037  37.502  31.634 0.3272727132
80527  25.603  37.155  31.720 0.3818181753
80528  25.634  37.829  31.847 0.3090909123
80529  25.217  38.087  31.957 0.3636363745
80530  25.746  38.517  31.956 0.3454545438
80531  25.903  39.232  32.059 0.2727272809
80532  26.221  38.875  31.806 0.2363636345
92811  20.770  30.379  36.683 0.7272727489
92812  20.604  30.674  37.247 0.6909090877
92813  20.546  31.139  36.665 0.7454545498
92814  20.347  31.950  36.742 0.7090908885
92815  20.235  32.747  36.700 0.7636363506
92816  20.138  33.551  36.717 0.7090908885
92817  20.236  33.205  36.154 0.7454545498
92818  20.309  33.707  35.583 0.7090908885
92819  20.425  34.169  35.027 0.6727272868
92820  20.602  34.708  34.625 0.7090908885
92821  20.617  33.823  34.592 0.7272727489
92822  20.849  33.590  34.195 0.6909090877
92823  21.129  33.360  33.852 0.7090908885
93896  25.351  23.994  39.050 0.3818181753
93897  25.815  24.052  38.916 0.4363636374
93898  25.883  24.474  38.436 0.4909090996
93899  25.889  24.818  37.859 0.4727272689
93900  25.870  25.099  37.347 0.5636363626
93901  26.318  24.910  37.996 0.4909090996
93902  26.745  24.974  38.177 0.4727272689
93903  27.125  25.125  38.348 0.5090909004
95552  18.982  34.711  43.452 0.3272727132
95553  18.924  34.079  43.974 0.3454545438
95565  17.867  42.762  35.575 0.4363636374
95567  17.796  43.583  35.440 0.4363636374
95571  17.942  45.806  34.764 0.3272727132
95572  18.144  46.297  34.246 0.2909090817
95573  18.403  46.732  33.747 0.2727272809
95574  18.636  47.039  33.192 0.2727272809
95575  18.841  46.614  33.656 0.2909090817
95576  19.282  46.449  33.512 0.2909090817
95577  19.693  46.247  33.260 0.3272727132
95578  23.396  40.506  31.526 0.5272727013
95579  23.394  41.275  31.601 0.4909090996
95580  23.806  40.914  31.689 0.4909090996
95581  24.255  41.296  31.823 0.4909090996
95582  24.727  41.671  31.931 0.4363636374
95583  25.201  42.013  31.966 0.3090909123
95584  25.175  41.351  32.036 0.3636363745
95585  25.632  41.011  32.127 0.2727272809
95586  26.063  40.660  32.165 0.2727272809
95587  26.321  30.623  34.779 0.6545454264
95588  25.977  30.969  34.286 0.6545454264
95589  26.396  31.087  34.612 0.6545454264
95590  26.482  31.580  34.438 0.6181818247
95591  26.535  32.005  34.225 0.5636363626
99867  22.283  27.616  42.003 0.4545454681
99868  22.138  27.875  42.452 0.4363636374
99869  21.874  28.170  41.830 0.4545454681
99870  21.403  28.778  41.719 0.5454545617
99871  20.958  29.444  41.543 0.4909090996
99872  19.942  32.120  39.534 0.5636363626
99873  19.968  31.672  40.134 0.5636363626
99874  19.777  32.517  40.131 0.5636363626
99875  19.700  32.858  40.605 0.5454545617
99876  19.635  33.245  41.091 0.5454545617
99877  19.630  33.613  41.536 0.4727272689
99878  19.651  34.131  41.068 0.4909090996
99879  19.684  35.009  41.090 0.5272727013
99880  19.747  35.861  41.093 0.5090909004
99881  19.772  36.648  41.218 0.4545454681
99882  19.853  36.305  40.704 0.4727272689
99883  19.900  36.761  40.199 0.4727272689
99884  19.879  37.244  39.622 0.4545454681
99885  20.028  36.838  36.600 0.6363636255
99886  19.902  37.222  37.177 0.5818181634
99887  19.823  37.668  36.488 0.6909090877
99888  19.625  38.481  36.373 0.6181818247
99889  19.254  39.271  36.239 0.6000000238
99890  18.924  39.947  36.062 0.5454545617
99891  19.079  39.660  35.493 0.5636363626
99892  18.988  40.044  34.702 0.6000000238
99893  18.972  40.457  33.974 0.6181818247
99894  19.078  40.910  33.371 0.5818181634
99895  19.243  40.218  33.571 0.6000000238
99896  19.502  40.023  33.215 0.6181818247
99897  19.836  39.725  32.870 0.6545454264
99898  21.024  36.660  32.833 0.6727272868
99899  20.914  37.482  32.743 0.6727272868
99900  21.235  37.165  32.454 0.6909090877
99901  21.500  37.649  32.127 0.6909090877
99902  21.795  38.147  31.842 0.6909090877
99903  22.101  38.673  31.644 0.6909090877
99904  22.121  37.799  31.734 0.6727272868
99905  22.441  37.485  31.700 0.6545454264
99906  22.750  37.188  31.735 0.6545454264
99907  29.332  31.050  36.737 0.4000000060
99908  29.064  31.414  36.284 0.3636363745
103123  23.118  25.363  41.204 0.4000000060
103124  23.184  25.752  40.722 0.4181818068
103125  23.609  25.559  37.721 0.5090909004
103126  23.294  25.763  38.187 0.5090909004
103127  23.141  26.014  37.485 0.5636363626
103128  22.679  26.517  37.251 0.5636363626
103129  22.240  27.034  37.081 0.6545454264
103130  21.837  27.592  36.950 0.6181818247
103131  22.136  27.356  36.474 0.6545454264
103132  22.102  27.735  35.917 0.6909090877
103133  22.109  28.184  35.379 0.7090908885
103134  22.144  28.616  34.997 0.7818182111
103135  22.542  27.960  35.142 0.7454545498
103136  22.974  27.787  34.958 0.7272727489
103137  23.474  27.660  34.849 0.7090908885
103138  25.960  26.510  35.918 0.6363636255
103139  25.516  26.863  35.546 0.6909090877
103140  25.978  27.001  35.692 0.6545454264
103141  25.997  27.532  35.532 0.6727272868
103142  26.030  28.076  35.422 0.7090908885
103143  26.062  28.633  35.348 0.6363636255
103144  26.445  28.231  35.749 0.6727272868
103145  26.817  28.437  36.126 0.6545454264
103146  27.196  28.642  36.473 0.5818181634
103147  28.782  24.842  40.827 0.4181818068
103148  28.492  25.069  40.210 0.4181818068
103149  28.809  25.263  40.419 0.4000000060
103150  28.847  25.658  40.048 0.4181818068
103151  28.886  26.065  39.695 0.4545454681
103152  30.023  27.627  39.894 0.4181818068
103153  29.598  27.384  39.561 0.4000000060
103154  29.666  27.772  39.297 0.4000000060
103155  29.315  27.989  38.778 0.4181818068
103156  28.979  28.196  38.315 0.4181818068
103157  28.619  28.397  37.853 0.4363636374
103158  28.992  28.612  38.104 0.4181818068
103159  29.019  29.030  37.906 0.4000000060
103160  29.083  29.447  37.740 0.4000000060
103161  29.142  29.829  37.556 0.4545454681
103162  29.479  29.576  37.935 0.4000000060
103163  29.846  29.638  38.144 0.3636363745
103164  30.201  29.647  38.335 0.3454545438
108159  17.146  48.792  28.591 0.2363636345
108169  20.326  43.219  31.788 0.4909090996
108170  20.424  44.179  32.031 0.4727272689
108171  20.787  43.821  31.687 0.4909090996
108172  21.256  44.319  31.764 0.4363636374
108173  21.757  44.835  31.918 0.4363636374
108196  22.501  30.547  33.581 0.7454545498
108197  22.232  31.239  33.436 0.7636363506
108198  22.647  31.044  33.289 0.7636363506
108199  22.845  31.537  33.010 0.7272727489
108200  23.067  32.122  32.827 0.7090908885
108201  24.687  32.727  32.740 0.6909090877
108202  24.240  32.805  32.549 0.6909090877
108203  24.381  33.262  32.411 0.6727272868
108204  24.175  33.842  32.204 0.6363636255
108205  23.950  34.473  32.082 0.6181818247
108206  23.714  35.104  32.053 0.6181818247
108207  24.120  34.889  31.981 0.5818181634
108208  24.287  35.353  31.912 0.5636363626
108209  24.520  35.824  31.878 0.5636363626
108210  27.980  32.610  34.229 0.3272727132
108211  27.600  32.719  34.158 0.4181818068
108212  27.686  32.709  33.678 0.3818181753
108213  27.321  32.875  33.114 0.3818181753
108214  27.094  33.157  32.615 0.4000000060
108215  26.927  34.397  30.650 0.2727272809
108216  26.746  34.225  31.076 0.3272727132
108217  26.661  34.833  30.859 0.3090909123
108218  26.427  35.312  31.045 0.3454545438
108219  26.174  35.747  31.239 0.3818181753
108220  25.873  36.133  31.431 0.4000000060
108221  26.204  36.453  31.236 0.3454545438
108222  26.301  37.143  31.309 0.2909090817
116715  21.120  28.725  39.298 0.5636363626
116716  20.963  29.082  39.802 0.5272727013
116717  20.779  29.410  39.131 0.5636363626
116718  20.508  30.184  39.015 0.6000000238
116719  20.279  30.938  38.979 0.6181818247
116720  20.402  30.986  37.870 0.6363636255
116721  20.217  31.347  38.407 0.6181818247
116722  20.091  31.735  38.957 0.6000000238
116723  19.957  32.498  38.927 0.5636363626
116724  19.924  33.404  38.962 0.6000000238
116725  19.869  34.238  38.996 0.5818181634
116726  19.874  35.065  39.050 0.6363636255
116727  19.935  34.633  38.420 0.6545454264
116728  19.934  35.093  37.828 0.6363636255
116729  19.955  35.530  37.244 0.6000000238
116730  20.086  34.334  36.707 0.6909090877
116731  20.042  35.131  36.630 0.6727272868
116732  20.024  35.989  36.638 0.6727272868
116733  20.051  36.485  36.047 0.7090908885
116734  20.074  36.952  35.420 0.6545454264
116735  20.075  37.464  34.721 0.6545454264
116736  20.024  38.003  34.090 0.6363636255
116737  20.230  37.096  34.325 0.6545454264
116738  20.424  36.770  33.997 0.6909090877
116739  20.660  36.484  33.628 0.6909090877
116740  20.755  35.246  34.190 0.7272727489
116741  20.842  35.737  33.711 0.6909090877
116742  20.881  36.181  33.260 0.6909090877
116743  21.149  35.904  32.991 0.6909090877
116744  21.492  35.591  32.779 0.6909090877
116745  21.830  35.319  32.575 0.6727272868
119245  23.812  23.696  40.301 0.3636363745
119246  23.698  24.297  40.285 0.3818181753
119247  24.044  24.137  39.947 0.4181818068
119248  24.131  24.539  39.366 0.4363636374
119249  24.129  24.890  38.704 0.5272727013
119250  24.976  24.355  38.689 0.4909090996
119251  24.527  24.793  38.354 0.5272727013
119252  24.041  25.158  37.973 0.5272727013
119253  23.974  25.455  37.359 0.5454545617
119254  23.915  25.694  36.695 0.5818181634
119255  23.900  26.024  36.220 0.6545454264
119256  23.888  26.368  35.763 0.6727272868
119257  24.369  26.003  36.008 0.6181818247
119258  24.878  25.950  36.052 0.6181818247
119259  25.390  25.957  36.087 0.6181818247
119260  25.878  25.390  36.935 0.5818181634
119261  25.887  25.716  36.553 0.6000000238
119262  25.914  26.093  36.215 0.6000000238
119263  26.364  26.272  36.384 0.6000000238
119264  26.795  26.405  36.612 0.5818181634
119265  27.165  26.630  36.878 0.5636363626
119266  30.145  25.745  41.942 0.3090909123
119267  29.800  25.985  41.346 0.3454545438
119268  30.163  26.195  41.613 0.3272727132
119269  30.190  26.683  41.282 0.3454545438
119270  30.250  27.125  40.963 0.3272727132
119271  31.004  27.117  41.952 0.2909090817
119272  30.700  27.313  41.296 0.3272727132
119273  30.312  27.503  40.589 0.4000000060
119274  30.382  27.827  40.205 0.3636363745
119275  30.453  28.149  39.856 0.3454545438
119276  30.514  28.440  39.580 0.3636363745
119277  30.559  28.754  39.307 0.3272727132
119278  30.973  28.567  39.785 0.3090909123
119279  31.382  28.663  39.944 0.3090909123
119280  31.794  28.705  40.163 0.2909090817
123110  20.062  31.527  43.869 0.4000000060
123111  20.341  31.078  44.464 0.3818181753
123112  19.910  31.815  44.425 0.3636363745
123113  19.708  32.168  44.879 0.3636363745
123115  18.976  33.532  44.596 0.3090909123
123162  17.285  47.820  30.550 0.2545454502
123163  17.685  47.575  31.186 0.2363636345
123166  18.918  47.329  32.621 0.2909090817
123168  19.518  47.874  31.551 0.3090909123
123172  21.800  41.873  31.437 0.5454545617
123173  21.923  42.660  31.452 0.4909090996
123174  22.216  42.319  31.474 0.4909090996
123175  22.614  42.745  31.545 0.4727272689
123176  23.062  43.240  31.673 0.4000000060
123177  23.434  42.024  31.647 0.4545454681
123178  23.437  42.811  31.721 0.4363636374
123179  23.588  43.648  31.850 0.3272727132
123180  24.140  44.051  31.964 0.3090909123
123187  25.678  42.390  31.901 0.2909090817
123193  24.607  30.251  33.675 0.7272727489
123194  24.200  30.781  33.296 0.7454545498
123195  24.716  30.780  33.456 0.7454545498
123196  24.835  31.261  33.299 0.7272727489
123197  24.944  31.730  33.173 0.7272727489
123198  25.665  31.356  33.840 0.6909090877
123199  25.354  31.759  33.446 0.6727272868
123200  25.029  32.170  33.099 0.6727272868
123201  25.107  32.595  32.982 0.6363636255
123202  25.208  33.031  32.833 0.6181818247
123203  25.335  33.435  32.665 0.5636363626
129269  27.376  23.738  40.236 0.3454545438
129270  27.468  24.182  39.817 0.3818181753
129271  27.720  23.906  40.463 0.3272727132
129272  28.099  24.092  40.799 0.3272727132
129273  28.450  24.239  41.001 0.3636363745
129275  28.663  23.974  41.635 0.3090909123
129276  28.762  24.427  41.250 0.3636363745
129277  29.093  24.560  41.434 0.4000000060
129278  29.443  24.784  41.676 0.3272727132
129279  29.791  25.001  41.979 0.3090909123
129285  29.861  23.791  43.268 0.2181818187
129286  29.997  24.282  42.908 0.2545454502
129287  30.103  24.787  42.571 0.2727272809
129288  30.130  25.310  42.251 0.2727272809
129289  30.502  25.570  42.531 0.2909090817
132752  22.077  28.132  43.030 0.3636363745
132753  21.896  28.409  43.435 0.3636363745
132755  21.315  29.212  43.838 0.3272727132
132756  20.922  29.812  43.731 0.3636363745
132757  20.540  30.506  43.567 0.4000000060
132758  20.819  29.425  40.343 0.5272727013
132759  20.682  29.796  40.860 0.5272727013
132760  20.531  30.086  41.391 0.4727272689
132761  20.046  31.241  40.684 0.5636363626
132762  20.170  30.826  41.260 0.5636363626
132763  20.421  30.390  41.931 0.4545454681
132764  20.314  30.589  42.434 0.4181818068
132765  20.253  30.908  42.948 0.4181818068
132766  20.143  31.203  43.390 0.4000000060
132767  19.852  32.018  43.299 0.4363636374
132768  19.594  32.836  43.233 0.4000000060
132769  19.413  33.652  43.126 0.3636363745
132770  19.536  33.990  42.048 0.4727272689
132771  19.443  34.258  42.588 0.4363636374
132772  19.251  34.494  43.011 0.3636363745
132773  19.094  35.318  42.953 0.3454545438
132774  18.899  36.057  42.901 0.3454545438
132780  19.725  37.435  41.287 0.3818181753
132786  19.919  35.949  39.038 0.5272727013
132787  19.916  36.753  39.079 0.5090909004
132788  19.802  37.647  39.024 0.5090909004
132789  19.832  37.649  37.807 0.4909090996
132790  19.711  38.027  38.405 0.4000000060
132791  19.576  38.484  38.902 0.4363636374
132797  18.117  41.601  36.422 0.4909090996
132798  18.584  40.592  35.889 0.5090909004
132799  18.273  41.293  35.752 0.4909090996
132800  18.072  42.030  35.696 0.4909090996
132801  18.090  42.456  34.937 0.4727272689
132802  18.305  42.950  34.210 0.4727272689
132803  18.562  43.543  33.652 0.4363636374
132804  18.826  44.207  33.264 0.4181818068
132805  18.847  43.334  33.158 0.4909090996
132806  19.174  43.128  32.702 0.4545454681
132807  19.529  42.904  32.306 0.5090909004
132808  19.278  41.454  32.834 0.5454545617
132809  19.551  42.046  32.300 0.5636363626
132810  19.900  42.607  31.981 0.5272727013
132811  20.275  42.316  31.716 0.5636363626
132812  20.664  42.007  31.574 0.5272727013
132813  20.990  41.684  31.553 0.5454545617
132814  20.011  38.450  33.589 0.6363636255
132815  20.085  38.945  33.069 0.6909090877
132816  20.222  39.458  32.588 0.6727272868
132817  20.794  38.318  32.572 0.6727272868
132818  20.623  39.162  32.340 0.6727272868
132819  20.437  39.922  32.241 0.6909090877
132820  20.671  40.443  31.893 0.6545454264
132821  20.975  40.941  31.643 0.6181818247
132822  21.347  41.403  31.477 0.5636363626
132823  21.760  41.103  31.457 0.6000000238
132824  22.208  40.816  31.469 0.6181818247
132825  22.627  40.452  31.454 0.6181818247
132826  22.341  39.165  31.504 0.6545454264
132827  22.690  39.606  31.464 0.6363636255
132828  23.059  40.067  31.481 0.6181818247
132829  23.457  39.677  31.565 0.5818181634
132830  23.819  39.324  31.655 0.5272727013
132831  24.135  39.000  31.734 0.5090909004
132832  27.948  31.076  36.072 0.4545454681
132833  27.606  31.486  35.592 0.4545454681
132834  28.032  31.552  35.888 0.4545454681
132835  28.147  31.986  35.640 0.4181818068
132836  28.222  32.265  35.283 0.3818181753
132837  28.838  31.794  35.832 0.3454545438
132838  28.557  32.113  35.362 0.3636363745
132839  28.258  32.408  34.839 0.3272727132
132840  28.271  32.424  34.322 0.3272727132
132841  28.340  32.402  33.785 0.3090909123
132842  28.402  32.370  33.286 0.3090909123
132849  29.017  32.097  33.966 0.2909090817
132850  28.709  32.252  33.406 0.3090909123
139552  22.487  26.086  43.122 0.3636363745
139553  22.734  26.588  42.713 0.4181818068
139554  22.854  25.714  42.183 0.3818181753
139555  22.836  26.378  42.195 0.4000000060
139556  22.654  27.001  42.139 0.4000000060
139557  22.378  27.309  41.464 0.4727272689
139558  22.079  27.593  40.783 0.4727272689
139559  21.746  27.837  40.127 0.4727272689
139560  23.575  24.892  40.271 0.4545454681
139561  23.382  25.530  40.215 0.4545454681
139562  23.101  26.056  40.072 0.4727272689
139563  23.054  26.048  38.700 0.5272727013
139564  22.884  26.305  39.301 0.5090909004
139565  22.718  26.582  39.887 0.4727272689
139566  22.301  27.074  39.687 0.4909090996
139567  21.869  27.594  39.523 0.5090909004
139568  21.461  28.118  39.391 0.5272727013
139569  21.236  28.453  38.649 0.5636363626
139570  21.111  28.803  37.970 0.5818181634
139571  21.045  29.179  37.296 0.6363636255
139572  21.514  28.235  36.891 0.6181818247
139573  21.246  28.969  36.760 0.6727272868
139574  20.998  29.647  36.664 0.7090908885
139575  20.981  30.078  36.157 0.7272727489
139576  20.967  30.544  35.647 0.7636363506
139577  20.985  31.034  35.141 0.7818182111
139578  21.034  31.505  34.739 0.8000000119
139579  21.247  30.746  34.747 0.8181818128
139580  21.575  30.481  34.415 0.7818182111
139581  21.937  30.246  34.157 0.7272727489
139582  22.203  29.092  34.648 0.7636363506
139583  22.272  29.564  34.284 0.7636363506
139584  22.376  30.050  33.926 0.7818182111
139585  22.815  29.895  33.800 0.7454545498
139586  23.393  29.774  33.750 0.7636363506
139587  23.948  29.721  33.767 0.7636363506
139588  23.904  26.727  35.369 0.7272727489
139589  23.914  27.179  35.059 0.7272727489
139590  24.006  27.658  34.805 0.7272727489
139591  25.061  27.270  35.154 0.7272727489
139592  24.553  27.645  34.881 0.7272727489
139593  24.112  28.157  34.591 0.7272727489
139594  24.223  28.677  34.378 0.7818182111
139595  24.334  29.251  34.150 0.7454545498
139596  24.456  29.800  33.916 0.7454545498
139597  24.936  29.795  34.114 0.7272727489
139598  25.400  29.906  34.378 0.7090908885
139599  25.833  30.071  34.622 0.6909090877
139600  26.111  29.161  35.250 0.7090908885
139601  26.176  29.667  35.134 0.6909090877
139602  26.233  30.206  34.953 0.6545454264
139603  26.659  30.276  35.313 0.6727272868
139604  26.990  30.384  35.633 0.6181818247
139605  27.440  30.544  35.917 0.5636363626
139606  27.501  24.573  39.427 0.4363636374
139607  27.533  24.928  39.048 0.4909090996
139608  27.548  25.270  38.644 0.4727272689
139609  28.191  25.215  39.580 0.4545454681
139610  27.913  25.416  38.890 0.4909090996
139611  27.533  25.619  38.196 0.5272727013
139612  27.553  26.024  37.807 0.5272727013
139613  27.564  26.451  37.474 0.5636363626
139614  27.567  26.828  37.217 0.5454545617
139615  29.544  26.159  40.614 0.3636363745
139616  29.207  26.313  39.979 0.4181818068
139617  28.906  26.490  39.299 0.4181818068
139618  29.253  27.147  39.277 0.4181818068
139619  28.929  26.901  38.970 0.4181818068
139620  28.587  26.703  38.700 0.4545454681
139621  28.260  26.866  38.125 0.4909090996
139622  27.926  27.117  37.513 0.5090909004
139623  27.558  27.272  37.059 0.5454545617
139624  27.547  27.793  36.945 0.5454545617
139625  27.528  28.328  36.893 0.5454545617
139626  27.581  28.843  36.790 0.5272727013
139627  28.277  28.675  37.408 0.4727272689
139628  27.905  28.964  37.039 0.4545454681
139629  27.627  29.305  36.643 0.5818181634
139630  27.677  29.744  36.482 0.5636363626
139631  27.763  30.185  36.377 0.5636363626
139632  27.852  30.623  36.233 0.4909090996
139633  28.270  30.684  36.435 0.5090909004
139634  28.651  30.729  36.651 0.5090909004
139635  28.984  30.752  36.806 0.4727272689
139636  29.213  30.151  37.336 0.4545454681
139637  29.270  30.439  37.120 0.4363636374
139638  29.306  30.741  36.932 0.4363636374
139642  30.567  29.105  39.004 0.3272727132
139643  30.559  29.402  38.762 0.3454545438
149614  20.572  30.693  45.058 0.3090909123
149615  20.832  30.308  45.625 0.2909090817
149749  17.478  48.073  29.917 0.2545454502
149750  17.682  48.327  29.206 0.2545454502
149767  19.198  44.882  33.073 0.4181818068
149768  19.642  45.490  32.984 0.4000000060
149769  20.089  46.051  32.894 0.3272727132
149770  20.436  44.970  32.333 0.4363636374
149771  20.501  45.802  32.604 0.3636363745
149772  20.566  46.580  32.848 0.3090909123
149773  21.023  47.008  32.677 0.3636363745
149774  21.410  47.393  32.498 0.3636363745
149776  22.059  43.490  31.568 0.4181818068
149777  22.149  44.419  31.785 0.4181818068
149778  22.252  45.344  32.068 0.3818181753
149821  21.149  32.026  34.301 0.7818182111
149822  21.290  32.517  33.921 0.7454545498
149823  21.493  33.038  33.532 0.7272727489
149824  21.965  31.969  33.322 0.7454545498
149825  21.805  32.741  33.239 0.7454545498
149826  21.698  33.576  33.170 0.7272727489
149827  21.824  34.105  32.881 0.6909090877
149828  21.996  34.583  32.631 0.6909090877
149829  22.166  35.025  32.364 0.6727272868
149830  23.834  31.345  33.003 0.7454545498
149831  23.559  31.955  32.814 0.7090908885
149832  23.273  32.685  32.658 0.7090908885
149833  23.828  32.955  32.451 0.7090908885
149834  23.420  33.203  32.479 0.7090908885
149835  23.042  33.354  32.486 0.6909090877
149836  22.786  34.023  32.385 0.6727272868
149837  22.562  34.723  32.244 0.6727272868
149838  22.391  35.465  32.132 0.6727272868
149839  22.604  35.945  31.942 0.6727272868
149840  22.809  36.416  31.825 0.6363636255
149841  23.062  36.838  31.802 0.6181818247
149842  23.518  35.784  31.958 0.6181818247
149843  23.384  36.499  31.842 0.6181818247
149844  23.340  37.292  31.756 0.6000000238
149845  23.635  37.744  31.720 0.5818181634
149846  23.977  38.182  31.694 0.4727272689
149847  24.457  38.636  31.860 0.4545454681
149848  27.275  31.828  35.061 0.4909090996
149849  26.951  32.121  34.539 0.5090909004
149850  26.648  32.410  34.042 0.5272727013
149851  27.187  32.770  34.040 0.4545454681
149852  26.793  32.751  33.827 0.4909090996
149853  26.361  32.661  33.632 0.4727272689
149854  26.048  32.980  33.187 0.5090909004
149855  25.770  33.360  32.810 0.5272727013
149856  25.558  33.817  32.492 0.5818181634
149858  27.200  33.237  32.175 0.3818181753
149859  26.843  33.545  32.189 0.3818181753
149860  26.691  34.086  31.436 0.3454545438
149861  26.597  33.955  31.845 0.3636363745
149862  26.498  33.767  32.247 0.4000000060
149863  26.128  33.955  32.283 0.5272727013
149864  25.740  34.171  32.284 0.5454545617
149865  25.353  34.391  32.240 0.5818181634
149866  25.127  35.042  32.066 0.5272727013
149867  24.959  35.656  31.917 0.5272727013
149868  24.820  36.298  31.840 0.5090909004
149869  25.555  36.494  31.617 0.4363636374
149870  25.179  36.766  31.778 0.4181818068
149871  24.762  36.974  31.845 0.4909090996
149872  24.735  37.640  31.908 0.4181818068
149873  24.842  38.342  31.971 0.4000000060
149874  24.969  39.096  32.006 0.4363636374
149875  25.492  39.543  32.142 0.3636363745
149876  26.026  39.990  32.220 0.2545454502
149877  26.471  40.319  32.006 0.2363636345
149879  26.737  39.910  31.637 0.2181818187
