#!ascii label  , from subject fsaverage vox2ras=TkReg
615
219  33.169  27.449  43.830 0.1090909094
241  37.947  24.205  38.063 0.2000000030
242  39.834  20.379  45.545 0.2909090817
379  37.640  10.104  55.153 0.0727272704
721  36.382  24.683  46.263 0.2727272809
722  35.775  20.169  47.993 0.2545454502
1587  37.972  22.297  42.036 0.3090909123
2134  39.591  15.795  50.414 0.2363636345
2641  34.078  21.880  47.478 0.2000000030
3601  35.208  28.664  41.846 0.1272727251
3602  35.133  27.869  43.748 0.1454545408
3603  37.742  22.478  45.654 0.3090909123
3604  37.527  23.864  44.085 0.3272727132
3605  38.828  21.391  43.854 0.2545454502
3606  39.944  20.567  42.189 0.2909090817
3607  41.240  19.719  43.865 0.2545454502
4703  36.393  12.153  53.478 0.1454545408
4704  37.174  15.123  51.154 0.2181818187
4705  38.700  12.878  52.998 0.1818181872
5865  32.770  25.677  45.353 0.1636363566
5905  34.750  26.730  45.659 0.1636363566
5906  34.297  24.301  46.929 0.2000000030
5907  36.065  22.469  47.139 0.2727272809
5908  37.707  20.456  47.353 0.3090909123
6557  38.437  22.303  38.301 0.2727272809
6567  39.751  10.488  53.554 0.1272727251
7540  37.496  25.733  40.179 0.1818181872
7541  36.691  26.294  44.443 0.1818181872
7542  37.508  24.839  42.252 0.2909090817
7543  37.675  23.212  40.002 0.3454545438
7544  38.757  21.241  40.294 0.2727272809
7545  40.432  19.508  40.519 0.2545454502
8968  35.524  17.144  48.934 0.1454545408
8969  37.630  17.903  49.002 0.2909090817
8970  39.947  18.308  48.000 0.2727272809
8971  40.481  13.152  51.146 0.1454545408
8972  41.352  15.813  48.353 0.1818181872
8973  41.768  17.978  45.849 0.2363636345
11282  34.224  27.833  43.906 0.1090909094
11283  38.662  21.290  45.585 0.3090909123
11284  38.327  22.011  44.650 0.2363636345
11285  39.424  20.917  44.666 0.2727272809
11286  40.069  20.526  43.830 0.2909090817
11287  40.640  20.083  44.696 0.2727272809
12383  36.948  11.108  54.316 0.0909090936
12384  37.563  12.476  53.285 0.1636363566
12385  38.214  11.458  53.941 0.1090909094
13613  31.907  25.093  44.748 0.1454545408
13614  32.559  24.419  45.924 0.1818181872
13681  33.605  25.104  46.300 0.2000000030
13682  33.265  23.877  46.737 0.1818181872
13683  34.920  21.053  47.803 0.2363636345
13684  35.058  22.165  47.452 0.2363636345
13685  35.903  21.334  47.639 0.2727272809
13686  36.803  21.402  47.122 0.3454545438
13687  36.731  20.327  47.771 0.3636363745
16567  37.378  26.494  41.319 0.1636363566
16568  35.601  25.825  46.373 0.2363636345
16569  35.854  26.699  45.318 0.2000000030
16570  36.530  25.646  45.493 0.2727272809
16571  37.695  23.162  43.049 0.3454545438
16572  37.453  24.431  43.263 0.3272727132
16573  37.594  23.545  42.131 0.3272727132
16574  37.546  24.020  41.104 0.3090909123
16575  37.787  22.730  41.011 0.3454545438
16576  38.044  22.084  40.086 0.3454545438
16577  38.322  21.590  41.086 0.3090909123
16578  41.069  19.735  42.202 0.2363636345
16579  40.437  20.094  41.374 0.2545454502
19835  42.260  24.275  33.629 0.1272727251
19870  35.317  15.724  49.939 0.1272727251
19871  38.381  15.498  50.976 0.2727272809
19872  37.460  16.551  50.016 0.2363636345
19873  38.661  16.880  49.726 0.3090909123
19874  38.774  18.143  48.693 0.2909090817
19875  39.821  17.120  49.199 0.2363636345
19876  40.210  10.587  52.308 0.1636363566
19877  40.063  11.786  52.332 0.1636363566
19881  41.837  15.401  47.220 0.1272727251
19882  41.661  16.910  47.046 0.1454545408
19883  42.084  16.502  45.963 0.1454545408
19884  42.173  17.563  44.914 0.1454545408
23185  33.109  22.605  47.121 0.2000000030
23187  34.063  20.806  47.682 0.2000000030
23188  34.849  20.013  48.020 0.2000000030
24913  34.303  28.983  41.195 0.1454545408
24914  34.340  28.608  42.102 0.1272727251
24915  35.259  28.247  42.858 0.1272727251
24917  37.161  23.576  45.868 0.3090909123
24918  37.115  24.396  45.188 0.3090909123
24919  37.633  23.275  44.876 0.3090909123
24920  37.927  22.647  43.847 0.2727272809
24921  38.282  21.864  42.957 0.3090909123
24922  38.816  21.222  42.038 0.3272727132
24923  39.428  20.876  42.976 0.3272727132
24924  40.650  20.212  43.013 0.2727272809
24925  41.647  19.191  43.001 0.1818181872
26898  36.102  14.612  51.108 0.2000000030
26899  36.896  13.504  52.235 0.2181818187
26900  38.043  13.985  52.191 0.2181818187
26901  39.221  14.385  51.787 0.2181818187
29043  32.937  26.687  44.706 0.1272727251
29137  33.952  27.191  44.848 0.1454545408
29138  33.761  26.318  45.660 0.1454545408
29139  34.588  25.673  46.434 0.2000000030
29140  35.437  24.655  46.885 0.2363636345
29141  34.105  23.012  47.231 0.2181818187
29142  35.252  23.408  47.104 0.2727272809
29143  36.300  23.597  46.669 0.2909090817
29144  37.004  22.581  46.498 0.3636363745
29145  37.740  21.503  46.385 0.3818181753
29146  38.802  20.529  46.519 0.3090909123
30659  38.120  23.182  38.079 0.2727272809
30660  38.380  23.740  37.075 0.2000000030
30661  38.553  22.929  37.328 0.2363636345
30681  38.829  10.290  54.588 0.1090909094
33081  37.556  26.005  38.969 0.1818181872
33082  37.592  24.820  39.070 0.2000000030
33083  34.985  27.481  44.686 0.1454545408
33084  36.066  27.290  44.228 0.1272727251
33085  36.914  26.762  43.435 0.1454545408
33086  37.126  25.131  44.384 0.2909090817
33087  37.302  25.577  43.481 0.2727272809
33088  37.375  26.042  42.452 0.1818181872
33089  37.429  25.285  41.232 0.2000000030
33090  37.516  24.447  40.097 0.2727272809
33091  37.699  23.677  39.022 0.2727272809
33092  38.004  22.635  39.085 0.3090909123
33093  38.432  21.752  39.241 0.2727272809
33094  39.123  20.970  39.531 0.2727272809
33095  39.326  20.908  41.289 0.3090909123
33096  39.679  20.474  40.512 0.2909090817
34779  35.901  11.077  54.433 0.0727272704
34780  36.493  9.996  55.215 0.0363636352
34788  35.869  8.600  55.921 0.0545454547
37108  41.333  23.968  34.220 0.1636363566
37109  41.165  24.753  33.936 0.1818181872
37152  35.700  18.703  48.384 0.2181818187
37153  36.319  16.073  49.971 0.2000000030
37154  36.527  17.515  49.012 0.2181818187
37155  36.716  18.983  48.386 0.2727272809
37156  37.717  19.315  48.262 0.3090909123
37157  38.830  19.366  47.596 0.3090909123
37158  39.990  19.362  46.709 0.3090909123
37159  39.271  11.654  53.430 0.1090909094
37160  39.756  13.117  52.280 0.1818181872
37161  40.222  14.523  50.943 0.2000000030
37163  40.959  14.508  49.784 0.1454545408
37164  40.581  15.855  49.551 0.2000000030
37165  40.858  17.215  48.248 0.2181818187
37166  40.987  18.321  46.897 0.2363636345
37167  41.017  19.206  45.741 0.2545454502
37168  41.655  18.944  44.891 0.2363636345
37169  42.088  18.430  44.002 0.2000000030
42001  33.811  27.910  43.461 0.1272727251
42002  33.721  27.707  43.897 0.1090909094
42003  39.239  20.854  45.553 0.3090909123
42004  39.059  21.128  45.109 0.2727272809
42005  39.665  20.669  45.103 0.3090909123
42006  40.059  20.529  44.687 0.3090909123
42007  40.272  20.217  45.135 0.2727272809
43090  38.079  24.442  37.487 0.1818181872
43103  37.306  10.597  54.743 0.0909090936
43104  37.560  11.270  54.207 0.0909090936
43105  37.919  10.781  54.555 0.0909090936
44401  32.905  24.129  46.382 0.1818181872
44402  32.788  23.491  46.588 0.1818181872
44403  35.374  20.682  47.885 0.2909090817
44404  35.405  21.220  47.720 0.2727272809
44405  35.823  20.748  47.832 0.3272727132
44406  36.262  20.843  47.715 0.3636363745
44407  36.264  20.262  47.916 0.3090909123
47288  35.976  25.284  46.401 0.2545454502
47289  36.069  25.796  46.013 0.2363636345
47290  36.464  25.204  45.976 0.2909090817
47291  37.791  22.749  42.553 0.3090909123
47292  37.629  23.380  42.575 0.3090909123
47293  37.750  22.909  42.045 0.2909090817
47294  37.699  23.104  41.526 0.3090909123
47295  37.890  22.504  41.524 0.2909090817
47296  37.978  22.130  41.075 0.3090909123
47297  38.128  21.883  41.532 0.3272727132
47298  41.533  19.194  42.162 0.2181818187
50557  43.441  24.606  32.954 0.1454545408
50591  38.981  15.592  50.808 0.2727272809
50592  38.528  16.203  50.375 0.2727272809
50593  39.137  16.287  50.141 0.3090909123
50594  39.244  16.965  49.509 0.2909090817
50595  39.705  16.442  49.802 0.2363636345
50601  41.895  15.108  46.769 0.1454545408
50602  41.979  15.952  46.571 0.1636363566
50603  42.020  15.680  46.119 0.1454545408
54006  34.450  20.435  47.901 0.2000000030
54007  34.449  19.861  47.987 0.1818181872
56883  34.728  28.058  43.413 0.1272727251
56885  35.223  28.071  43.309 0.1272727251
56887  35.711  27.854  43.512 0.1454545408
56888  37.424  22.985  45.762 0.3090909123
56889  37.431  23.423  45.393 0.3090909123
56890  37.701  22.889  45.278 0.3272727132
56891  38.566  21.687  44.242 0.2545454502
56892  38.121  22.340  44.223 0.2181818187
56893  38.319  21.965  43.807 0.2363636345
56894  38.087  22.236  43.393 0.2909090817
56895  38.545  21.631  43.407 0.2727272809
56896  38.775  21.323  42.957 0.3272727132
56897  39.105  21.101  43.368 0.2909090817
56898  40.703  20.144  43.837 0.2727272809
56899  40.385  20.391  43.448 0.3090909123
56900  40.967  19.959  43.427 0.2727272809
56901  41.171  19.745  42.996 0.2363636345
56902  41.448  19.485  43.415 0.2181818187
60188  36.071  12.659  52.979 0.1636363566
60189  36.306  13.318  52.259 0.2181818187
60190  36.663  12.791  52.851 0.1636363566
60191  38.133  12.700  53.140 0.1818181872
60192  37.824  13.228  52.729 0.2545454502
60193  38.402  13.449  52.645 0.2181818187
60194  38.634  14.205  52.095 0.2545454502
60195  38.995  13.701  52.403 0.1818181872
63875  32.329  25.390  45.054 0.1636363566
63876  32.013  25.662  44.425 0.1454545408
63877  32.405  25.943  44.773 0.1636363566
63879  32.845  26.205  45.041 0.1636363566
64081  33.358  26.520  45.204 0.1454545408
64082  33.255  26.044  45.595 0.1636363566
64083  33.918  24.804  46.624 0.2181818187
64084  34.043  25.423  46.373 0.2000000030
64085  34.424  24.964  46.743 0.2363636345
64086  34.963  25.162  46.800 0.2181818187
64087  34.899  24.543  46.968 0.2545454502
64088  33.583  22.221  47.285 0.2000000030
64089  33.586  22.806  47.136 0.2181818187
64090  34.092  22.430  47.346 0.2000000030
64091  35.590  22.337  47.311 0.2545454502
64092  35.148  22.777  47.261 0.2727272809
64093  35.694  22.939  47.115 0.2727272809
64094  35.794  23.538  46.933 0.2727272809
64095  36.170  23.057  46.894 0.2909090817
64096  36.680  23.101  46.587 0.3272727132
64097  36.567  22.543  46.837 0.3454545438
64098  37.211  20.869  47.231 0.3454545438
64099  37.259  21.449  46.800 0.3818181753
64100  37.716  20.961  46.878 0.3818181753
64101  38.257  20.987  46.449 0.3454545438
64102  38.240  20.502  46.920 0.3454545438
67343  38.279  22.758  38.189 0.2727272809
67344  38.335  23.038  37.699 0.2363636345
67345  38.520  22.616  37.805 0.2363636345
67389  38.781  8.946  55.176 0.0363636352
67390  38.819  8.198  55.166 0.0545454547
72728  34.754  28.835  41.528 0.1454545408
72729  34.760  29.017  40.997 0.1272727251
72738  37.473  26.301  40.116 0.1818181872
72741  37.606  25.421  39.047 0.2000000030
72742  37.532  25.271  39.625 0.2181818187
72743  34.393  27.050  45.264 0.1454545408
72744  34.455  27.408  44.787 0.1454545408
72745  34.853  27.184  45.173 0.1272727251
72746  36.262  26.533  44.894 0.1818181872
72747  35.995  27.054  44.674 0.2000000030
72748  36.373  26.814  44.331 0.1636363566
72749  36.501  27.060  43.824 0.1818181872
72750  36.810  26.519  43.952 0.1818181872
72751  37.337  24.137  44.652 0.2909090817
72752  37.077  24.794  44.805 0.2909090817
72753  37.307  24.496  44.220 0.2909090817
72754  37.480  24.634  42.768 0.3272727132
72755  37.418  25.015  43.399 0.2727272809
72756  37.450  25.252  42.901 0.2727272809
72757  37.370  25.819  43.017 0.2000000030
72758  37.447  25.484  42.394 0.2181818187
72759  37.433  25.707  41.864 0.2000000030
72760  37.462  25.093  41.780 0.2363636345
72761  37.577  23.623  40.532 0.3272727132
72762  37.503  24.229  40.596 0.3272727132
72763  37.572  23.838  40.039 0.3090909123
72764  37.592  24.031  39.539 0.2727272809
72765  37.656  23.445  39.525 0.3090909123
72766  37.833  23.125  39.040 0.3090909123
72767  37.795  22.860  39.541 0.3090909123
72768  38.346  21.636  40.159 0.2909090817
72769  38.232  21.904  39.639 0.3090909123
72770  38.564  21.470  39.769 0.3090909123
72771  38.730  21.332  39.426 0.2545454502
72772  38.955  21.091  39.945 0.2727272809
72773  39.405  20.858  42.135 0.3090909123
72774  39.072  21.039  41.667 0.3272727132
72775  39.647  20.723  41.757 0.3090909123
72776  40.453  19.823  40.943 0.2727272809
72777  40.041  20.262  40.955 0.2727272809
72778  40.098  20.043  40.493 0.2545454502
72779  39.784  20.304  40.058 0.2727272809
76791  36.166  10.493  54.895 0.0363636352
76811  35.564  7.211  56.066 0.0545454547
76812  35.440  7.813  56.061 0.0545454547
76813  36.013  7.963  56.064 0.0363636352
82531  38.667  23.590  36.679 0.1818181872
82542  42.145  24.700  33.498 0.1636363566
82543  41.758  24.576  33.786 0.1636363566
82544  41.515  24.887  33.574 0.1636363566
82649  35.267  18.596  48.409 0.2000000030
82650  35.613  17.926  48.612 0.2000000030
82651  36.622  14.901  51.137 0.2181818187
82652  36.221  15.342  50.519 0.1818181872
82653  36.736  15.653  50.564 0.2181818187
82654  37.563  17.226  49.486 0.2545454502
82655  36.951  17.027  49.460 0.2181818187
82656  37.064  17.743  49.035 0.2363636345
82657  36.633  18.247  48.635 0.2545454502
82658  37.156  18.432  48.645 0.2363636345
82659  37.202  19.149  48.305 0.2727272809
82660  37.671  18.573  48.604 0.2909090817
82661  39.397  18.237  48.342 0.2909090817
82662  38.813  18.793  48.172 0.2909090817
82663  39.409  18.818  47.795 0.3090909123
82664  39.401  19.368  47.183 0.2909090817
82665  39.982  18.837  47.348 0.2909090817
82666  39.340  10.396  54.121 0.1090909094
82667  39.039  10.969  54.026 0.1272727251
82668  39.530  11.057  53.540 0.1272727251
82669  40.255  12.479  51.723 0.1636363566
82670  39.898  12.479  52.354 0.1454545408
82671  40.169  13.158  51.741 0.1636363566
82672  40.011  13.839  51.681 0.1818181872
82673  40.411  13.851  51.084 0.1636363566
82677  41.444  15.071  48.393 0.1454545408
82678  41.217  14.479  49.102 0.1454545408
82679  41.168  15.139  49.035 0.1636363566
82680  40.841  15.165  49.636 0.2000000030
82681  41.053  15.821  49.000 0.2000000030
82682  40.716  16.534  48.912 0.2000000030
82683  41.165  16.498  48.313 0.2000000030
82684  41.763  17.469  46.385 0.2000000030
82685  41.386  17.632  46.954 0.2181818187
82686  41.444  18.170  46.317 0.2545454502
82687  41.025  18.764  46.283 0.2363636345
82688  41.467  18.641  45.758 0.2363636345
82689  41.390  19.086  45.319 0.2363636345
82690  41.750  18.487  45.360 0.2181818187
82691  42.230  17.254  44.514 0.1454545408
82692  42.181  18.021  44.468 0.1454545408
82693  42.187  17.713  44.019 0.1636363566
82694  42.109  18.093  43.510 0.1636363566
82695  42.076  17.377  43.544 0.1454545408
94034  33.881  28.083  43.012 0.1272727251
94035  34.301  28.047  43.471 0.1272727251
94036  34.641  27.868  43.873 0.1454545408
94037  38.161  21.925  45.557 0.3090909123
94038  38.065  22.336  45.108 0.2727272809
94039  38.524  21.663  45.115 0.3090909123
94040  38.828  21.409  44.678 0.2545454502
94041  39.136  21.157  44.264 0.2545454502
94042  39.435  20.891  43.794 0.2909090817
94043  39.749  20.713  44.235 0.2909090817
94044  40.370  20.329  44.254 0.2727272809
94045  40.932  19.899  44.251 0.2727272809
95993  38.137  25.123  36.839 0.2000000030
96017  36.632  11.647  53.946 0.1272727251
96018  36.954  12.317  53.362 0.1454545408
96019  37.222  11.765  53.773 0.1090909094
96020  37.847  11.960  53.648 0.1454545408
96021  38.470  12.115  53.479 0.1818181872
98232  32.691  25.089  45.651 0.1636363566
98353  33.154  25.459  45.884 0.1636363566
98354  33.036  24.815  46.145 0.1818181872
98355  33.420  24.500  46.521 0.2000000030
98356  33.780  24.149  46.852 0.2181818187
98357  34.492  21.431  47.699 0.2363636345
98358  34.534  21.998  47.544 0.2363636345
98359  34.980  21.582  47.651 0.2363636345
98360  35.483  21.771  47.525 0.2363636345
98361  35.979  21.867  47.404 0.2727272809
98362  36.403  21.976  47.100 0.3090909123
98363  36.302  21.410  47.397 0.3272727132
98364  36.754  20.859  47.455 0.3454545438
98365  37.217  20.391  47.555 0.3636363745
100310  38.659  21.880  38.452 0.2545454502
100311  38.694  22.233  37.999 0.2545454502
100338  38.898  7.539  54.969 0.0363636352
100339  38.838  6.718  54.719 0.0363636352
103541  35.760  28.415  42.024 0.1272727251
103549  37.468  26.132  40.722 0.1818181872
103550  35.196  26.355  46.047 0.2363636345
103551  35.319  26.785  45.479 0.2000000030
103552  35.722  26.295  45.883 0.2363636345
103553  36.207  26.229  45.463 0.2363636345
103554  36.602  25.997  44.965 0.2363636345
103555  37.673  23.564  43.568 0.2727272809
103556  37.505  24.190  43.659 0.2909090817
103557  37.594  23.802  43.117 0.2909090817
103558  37.531  24.000  42.674 0.3272727132
103559  37.526  24.185  42.216 0.3090909123
103560  37.526  24.417  41.708 0.3090909123
103561  37.568  23.782  41.625 0.3272727132
103562  37.631  23.361  41.036 0.3272727132
103563  37.726  22.963  40.492 0.3454545438
103564  37.850  22.594  40.015 0.3454545438
103565  37.899  22.363  40.553 0.3272727132
103566  38.150  21.829  40.603 0.3090909123
103567  38.549  21.397  40.727 0.2909090817
103568  40.515  20.208  42.211 0.2363636345
103569  40.202  20.369  41.794 0.2363636345
103570  40.741  19.945  41.795 0.2363636345
103571  40.820  19.631  41.367 0.2727272809
105993  35.788  6.684  55.931 0.0545454547
109431  42.644  24.386  33.386 0.1272727251
109432  42.533  24.864  33.209 0.1636363566
109494  35.424  16.410  49.366 0.1454545408
109495  37.772  15.324  51.157 0.2181818187
109496  37.320  15.868  50.536 0.2181818187
109497  37.894  16.026  50.549 0.2363636345
109498  38.032  16.680  49.975 0.3090909123
109499  38.137  17.327  49.455 0.2909090817
109500  38.200  18.062  48.904 0.2909090817
109501  38.726  17.499  49.181 0.3090909123
109502  39.347  17.630  48.917 0.2727272809
109503  39.892  17.740  48.641 0.2363636345
109505  39.868  11.095  52.971 0.1272727251
109506  40.144  11.137  52.304 0.1636363566
109511  41.481  14.154  47.881 0.1818181872
109512  41.623  14.894  47.853 0.1272727251
109513  41.613  15.694  47.755 0.1454545408
109514  41.522  16.395  47.685 0.2000000030
109515  41.782  16.187  47.169 0.1636363566
109516  41.928  16.749  46.496 0.1454545408
109517  42.002  17.286  45.899 0.1454545408
109518  42.020  17.793  45.375 0.1636363566
109519  42.139  17.017  45.402 0.1454545408
109520  42.186  16.773  45.005 0.1272727251
115540  33.581  21.672  47.402 0.2181818187
115542  33.633  21.176  47.489 0.2181818187
115543  34.052  21.354  47.631 0.2363636345
115544  34.466  20.909  47.811 0.2181818187
115545  34.873  20.548  47.918 0.2363636345
115546  35.335  20.104  48.022 0.2181818187
119571  34.334  28.758  41.654 0.1272727251
119572  34.775  28.650  42.025 0.1272727251
119573  34.349  28.388  42.564 0.1272727251
119575  35.257  28.440  42.374 0.1272727251
119576  35.789  28.203  42.541 0.1272727251
119578  36.689  27.488  42.809 0.1454545408
119579  36.755  24.116  46.067 0.2727272809
119580  36.832  24.564  45.725 0.2909090817
119581  37.136  23.995  45.548 0.3090909123
119582  37.390  23.814  45.030 0.3090909123
119583  37.563  23.571  44.487 0.3090909123
119584  37.910  22.639  44.708 0.2363636345
119585  37.793  22.970  44.344 0.2909090817
119586  37.708  23.286  43.966 0.2909090817
119587  37.800  22.905  43.480 0.3272727132
119588  37.912  22.496  42.985 0.3090909123
119589  38.081  22.085  42.515 0.3090909123
119590  38.288  21.676  42.019 0.3272727132
119591  38.513  21.500  42.490 0.3272727132
119592  39.104  21.058  42.517 0.3272727132
119593  39.745  20.717  42.600 0.2909090817
119594  39.721  20.689  43.376 0.3090909123
119595  40.070  20.570  43.036 0.2545454502
119596  40.299  20.427  42.608 0.2545454502
119597  40.873  19.997  42.610 0.2727272809
119598  41.374  19.483  42.603 0.2181818187
119599  41.759  18.873  42.560 0.1818181872
124200  35.603  14.514  51.180 0.1818181872
124201  35.939  13.935  51.730 0.1818181872
124202  36.499  14.084  51.688 0.2181818187
124203  37.058  14.299  51.677 0.2181818187
124204  37.227  12.985  52.808 0.2181818187
124205  37.433  13.807  52.228 0.2181818187
124206  37.651  14.622  51.704 0.2363636345
124207  38.248  14.765  51.571 0.2363636345
124208  38.809  14.957  51.451 0.2545454502
124209  39.411  15.075  51.119 0.2181818187
129553  33.577  27.393  44.316 0.1272727251
129554  33.465  26.975  44.771 0.1272727251
129555  33.843  26.811  45.281 0.1636363566
129556  34.307  26.618  45.709 0.1636363566
129557  33.685  25.753  45.997 0.1818181872
129558  34.162  26.033  46.079 0.2000000030
129559  34.667  26.229  46.074 0.2181818187
129560  35.061  25.782  46.488 0.2363636345
129561  35.503  25.265  46.707 0.2363636345
129562  35.917  24.729  46.637 0.2545454502
129563  33.142  23.227  46.946 0.2000000030
129564  33.645  23.443  46.991 0.2181818187
129565  34.187  23.651  47.076 0.2000000030
129566  34.590  22.608  47.352 0.2545454502
129567  34.678  23.259  47.220 0.2545454502
129568  34.786  23.911  47.101 0.2545454502
129569  35.357  24.044  47.009 0.2545454502
129570  35.881  24.137  46.775 0.2545454502
129571  36.327  24.150  46.486 0.2909090817
129572  36.727  23.622  46.337 0.2727272809
129573  37.089  23.108  46.195 0.3090909123
129574  37.393  22.520  46.079 0.3090909123
129575  36.918  22.000  46.792 0.3454545438
129576  37.314  22.005  46.429 0.3636363745
129577  37.765  22.017  46.022 0.3454545438
129578  38.216  21.463  46.004 0.3636363745
129579  38.758  20.936  46.038 0.3272727132
129580  39.352  20.432  46.050 0.3454545438
133685  37.978  23.678  38.019 0.2363636345
133686  38.139  23.922  37.521 0.2000000030
133687  38.223  23.466  37.567 0.2363636345
133688  38.427  23.352  37.160 0.2000000030
133689  38.741  23.206  36.816 0.2000000030
133691  38.813  22.839  36.945 0.2181818187
133742  37.942  9.516  55.368 0.0727272704
133743  38.267  10.186  54.879 0.0727272704
133744  38.549  9.631  55.110 0.0909090936
133745  39.137  9.702  54.650 0.0727272704
133746  39.504  9.802  54.170 0.0727272704
140427  37.716  24.990  38.508 0.2000000030
140428  37.737  24.465  38.498 0.2363636345
140429  34.098  27.542  44.370 0.1454545408
140430  34.518  27.695  44.314 0.1636363566
140431  35.062  27.696  44.204 0.1454545408
140432  35.432  27.158  44.981 0.1636363566
140433  35.544  27.460  44.510 0.1454545408
140434  35.635  27.675  44.021 0.1454545408
140435  36.136  27.505  43.744 0.1272727251
140436  36.604  27.287  43.353 0.1454545408
140437  36.985  26.991  42.920 0.1272727251
140438  36.847  24.999  45.370 0.3272727132
140439  36.881  25.377  44.950 0.2727272809
140440  36.943  25.674  44.414 0.2363636345
140441  37.322  24.794  43.800 0.2363636345
140442  37.214  25.367  43.942 0.2363636345
140443  37.055  25.946  43.941 0.2181818187
140444  37.127  26.186  43.454 0.2181818187
140445  37.171  26.402  42.950 0.1636363566
140447  37.369  26.270  41.895 0.2000000030
140448  37.442  25.922  41.301 0.1818181872
140450  37.486  24.631  41.178 0.2909090817
140451  37.443  24.828  40.636 0.2727272809
140452  37.477  25.099  40.175 0.2181818187
140453  37.550  24.660  39.590 0.2363636345
140454  37.643  24.258  39.015 0.2545454502
140455  37.786  23.938  38.532 0.2727272809
140456  37.917  23.387  38.531 0.2545454502
140457  38.047  22.933  38.579 0.3090909123
140458  38.235  22.487  38.635 0.2909090817
140459  37.997  22.346  39.591 0.3272727132
140460  38.185  22.174  39.147 0.3272727132
140461  38.400  22.008  38.781 0.2909090817
140462  38.671  21.593  38.919 0.2545454502
140463  38.977  21.212  39.027 0.2727272809
140465  38.550  21.390  41.580 0.3454545438
140466  38.779  21.209  41.205 0.3272727132
140467  38.986  21.080  40.803 0.2909090817
140468  39.915  20.509  41.372 0.2545454502
140469  39.535  20.676  40.913 0.2727272809
140470  39.216  20.886  40.435 0.2727272809
140471  39.372  20.729  40.032 0.2727272809
140472  39.495  20.574  39.584 0.2727272809
140473  39.489  20.327  39.174 0.2545454502
145363  36.178  11.637  53.957 0.1090909094
145364  36.381  11.065  54.436 0.0909090936
145365  36.733  10.568  54.772 0.0545454547
145366  37.057  10.052  55.203 0.0727272704
145392  36.784  9.408  55.603 0.0363636352
145393  37.415  9.508  55.537 0.0363636352
152292  40.926  24.223  34.525 0.1454545408
152293  41.801  24.122  33.900 0.1454545408
152295  40.812  24.595  34.373 0.1636363566
152423  35.298  19.383  48.192 0.2181818187
152424  35.754  19.454  48.156 0.2545454502
152425  35.723  15.198  50.539 0.1818181872
152426  35.799  15.889  49.936 0.1818181872
152427  35.909  16.581  49.362 0.1636363566
152428  36.850  16.314  49.983 0.2363636345
152429  36.423  16.797  49.456 0.2181818187
152430  35.981  17.366  48.951 0.2000000030
152431  36.062  18.056  48.635 0.2545454502
152432  36.138  18.806  48.389 0.2545454502
152433  36.217  19.552  48.147 0.2909090817
152434  36.677  19.698  48.136 0.3090909123
152435  37.199  19.798  47.965 0.3454545438
152436  37.725  19.896  47.860 0.3090909123
152437  38.240  18.750  48.424 0.3090909123
152438  38.267  19.376  47.951 0.3090909123
152439  38.254  19.947  47.462 0.3272727132
152440  38.824  19.979  47.040 0.2909090817
152441  39.399  19.900  46.604 0.3090909123
152442  39.966  19.899  46.061 0.2909090817
152443  38.528  10.856  54.315 0.1090909094
152444  38.783  11.544  53.756 0.1272727251
152445  38.994  12.311  53.201 0.1454545408
152446  39.704  11.739  52.933 0.1454545408
152447  39.524  12.377  52.841 0.1272727251
152448  39.244  13.032  52.705 0.1454545408
152449  39.538  13.759  52.093 0.2181818187
152450  39.808  14.457  51.387 0.1818181872
152451  39.974  15.142  50.678 0.2363636345
152457  40.726  13.860  50.489 0.1454545408
152458  40.633  14.535  50.364 0.1818181872
152459  40.423  15.162  50.224 0.2181818187
152460  40.079  15.819  50.014 0.2181818187
152461  40.221  16.487  49.410 0.2000000030
152462  40.347  17.172  48.800 0.2181818187
152463  40.450  17.790  48.175 0.2363636345
152464  41.293  17.076  47.640 0.2181818187
152465  40.946  17.762  47.571 0.2363636345
152466  40.517  18.367  47.452 0.2545454502
152467  40.531  18.808  46.773 0.2727272809
152468  40.534  19.279  46.219 0.2727272809
152469  40.462  19.752  45.681 0.2545454502
152470  40.908  19.657  45.202 0.2000000030
152471  41.160  19.546  44.749 0.2727272809
152472  41.476  19.378  44.360 0.2727272809
152473  42.004  18.315  44.890 0.1454545408
152474  41.874  18.773  44.359 0.1818181872
152475  41.722  19.131  43.889 0.2181818187
152476  41.880  18.815  43.486 0.1818181872
152477  41.953  18.459  43.046 0.1818181872
